3 9 0 7 9 6 15 4 0 0 10 0 0 0 0 0
1 0 5 0 0 0 0 7 0 3 0 10 0 4 8 1
0 0 0 1 3 3 0 0 0 0 8 0 16 5 1 3
0 0 8 7 0 0 0 0 8 1 16 0 15 13 2 0
0 4 2 6 3 3 0 4 2 4 0 12 6 10 18 20
11 1 6 11 2 4 0 0 0 6 7 2 9 0 0 5
2 7 13 5 0 6 0 11 6 26 3 5 16 6 4 0
1 11 8 2 0 7 0 0 0 0 11 3 0 7 4 5
0 5 1 9 4 2 0 0 4 1 0 1 1 6 0 7
2 8 5 3 0 0 2 7 4 1 2 0 7 2 6 0
10 0 0 7 6 3 5 2 0 0 7 0 6 1 0 0
0 17 3 0 8 7 11 8 3 13 1 1 0 5 3 1
0 2 3 1 13 9 3 0 8 0 14 0 3 0 9 2
1 0 0 1 0 1 1 3 0 0 7 6 16 6 2 2
14 0 5 0 0 2 18 11 0 0 5 10 3 2 0 14
0 3 0 10 0 8 5 0 1 0 0 3 0 0 15 5
