0 0 0 0 0 0 7 0 0 0 3 5 0 12 0 0
0 13 2 0 0 2 0 0 0 3 7 5 16 0 0 0
0 0 0 0 0 11 0 0 0 0 0 0 0 0 0 0
0 0 0 0 25 8 0 0 0 0 0 9 0 0 1 0
0 25 0 0 1 0 0 4 4 0 0 4 0 1 0 16
0 0 0 0 6 0 0 0 6 0 0 0 0 0 3 1
0 0 0 0 0 0 0 0 0 0 6 0 0 0 0 22
0 0 0 8 0 0 0 6 0 0 0 0 0 11 0 0
10 0 4 0 5 0 0 3 0 0 0 0 5 1 0 0
0 35 0 0 0 0 4 0 0 0 0 0 4 26 0 0
22 0 0 0 0 0 0 0 0 0 0 0 0 0 0 0
0 25 5 23 0 0 0 0 0 0 0 9 0 4 0 0
0 0 0 0 0 0 0 0 0 2 0 0 0 0 0 0
0 13 0 0 0 0 0 0 36 11 0 0 0 0 0 0
9 0 0 2 18 0 29 6 0 0 3 0 21 0 7 2
0 0 0 0 0 0 0 0 18 23 0 0 0 0 0 0
