6 49 0 0 30 19 24 10 0 1 18 0 0 3 12 11
0 11 8 26 6 0 0 0 9 31 0 22 14 13 11 29
0 12 4 0 0 14 18 20 13 0 0 7 4 7 0 20
10 0 0 0 16 0 53 0 0 6 9 3 0 11 1 5
0 0 0 0 11 7 0 0 18 0 4 22 22 30 8 13
0 0 7 0 0 39 0 5 0 0 0 17 0 0 10 0
19 14 0 0 6 22 7 17 16 0 0 0 0 6 16 16
0 0 20 6 0 20 9 0 0 18 0 10 0 0 27 2
0 39 5 5 29 10 36 27 0 0 13 14 0 5 18 19
0 9 7 12 4 0 8 0 10 25 0 11 8 16 15 25
13 15 0 20 0 9 8 43 12 0 18 0 10 0 0 18
0 0 0 0 20 0 27 0 0 0 11 0 25 2 0 0
5 0 0 0 0 2 0 0 0 0 4 16 9 14 16 8
0 0 0 0 0 35 0 12 0 22 0 9 0 2 2 0
4 20 0 0 0 2 3 11 25 0 0 0 0 0 24 0
0 0 18 4 13 23 9 0 0 0 0 6 0 0 26 0
