0 14 5 16 0 37 0 0 5 15 0 37 8 13 2 32
5 4 0 1 67 0 9 0 21 16 0 3 0 5 4 15
1 0 0 0 4 14 0 0 17 3 20 0 13 0 7 5
21 8 10 18 11 13 23 0 14 5 30 0 0 1 11 19
3 9 7 7 0 35 0 0 3 15 0 39 12 12 9 34
8 5 0 4 74 0 12 0 11 12 1 4 0 3 0 16
0 0 0 0 0 13 0 0 7 3 20 0 9 0 4 6
25 9 7 22 10 0 18 4 13 6 0 0 0 3 10 17
2 9 6 9 0 37 2 0 3 14 0 38 13 12 6 35
9 5 0 3 76 0 13 0 9 14 6 4 0 4 0 16
0 0 0 0 0 12 0 0 6 3 20 1 8 0 2 6
25 10 9 24 8 0 19 7 14 6 0 0 0 4 10 19
1 8 6 9 0 38 2 0 2 13 0 37 13 12 6 37
10 5 0 3 76 0 15 0 9 14 5 4 0 4 0 18
0 0 0 0 0 11 0 0 6 2 20 1 8 0 2 6
24 10 7 23 10 0 19 8 14 6 0 0 0 5 11 18
