1 0 0 1 12 0 11 1 0 3 0 11 0 13 21 10
0 11 11 0 7 0 0 0 0 0 0 33 10 1 38 15
0 2 10 14 0 0 0 0 0 0 0 3 0 23 25 2
0 9 8 0 2 6 10 0 0 0 0 0 2 0 0 0
0 6 0 3 26 18 0 16 0 25 10 0 0 2 10 0
0 0 2 2 0 26 0 0 15 14 5 0 0 7 21 5
0 30 0 19 0 0 2 1 26 0 0 22 13 15 16 12
0 13 0 0 3 2 14 0 3 0 19 0 0 0 0 0
2 11 4 9 0 14 19 2 20 22 12 0 11 8 0 9
0 7 0 0 0 4 0 0 0 0 0 0 0 2 3 13
0 2 0 0 0 32 0 0 0 0 11 0 2 0 26 0
0 8 0 2 3 0 7 0 0 17 0 11 9 0 5 0
4 0 0 4 0 1 0 0 2 0 8 0 15 0 0 0
14 0 0 0 0 8 0 11 0 0 19 0 0 0 4 0
0 1 12 11 8 2 0 0 0 3 0 10 8 8 14 5
0 2 0 0 0 1 6 0 0 3 0 15 14 0 15 0
