8 -17 -9 8 -1 12 -8 13 -25 8 -29 -15 -41 23 6 -14
-2 35 -7 2 4 20 0 -47 -10 -19 50 2 -1 -4 41 -3
8 13 15 48 19 43 -7 -18 22 -25 -16 36 10 -2 -16 4
-21 13 7 -18 21 -9 -60 -34 4 -7 -9 -26 -22 2 39 0
-8 -53 -57 21 7 -9 -1 16 -24 -1 -10 -1 1 18 -4 20
12 1 50 33 -34 -18 -7 -38 41 4 6 43 -7 9 -23 -45
5 3 15 -8 10 6 -15 14 4 52 -29 63 -1 -7 -16 31
20 -17 25 -1 25 -6 -6 23 19 -27 -2 -15 -8 -21 -17 -6
9 85 -10 5 58 1 -8 12 50 -43 -13 5 -35 -10 -20 -1
18 36 -27 -29 15 -24 31 12 -15 7 -68 31 -4 -17 46 -22
-30 21 -19 -1 -43 60 38 0 17 -9 15 -7 11 16 6 21
-15 10 -4 47 -6 -3 17 -17 34 109 21 -3 4 8 -11 -43
22 5 4 -4 2 2 2 29 15 47 -1 2 -5 -17 25 -16
0 22 -8 -10 -16 4 13 -2 -4 -26 6 -17 24 6 45 -21
6 -4 7 22 -9 20 4 -6 -9 -3 2 44 -19 3 -1 8
-7 18 -9 2 -6 -18 20 -20 62 -3 -6 -2 1 -10 -1 -6
