6 31 0 35 5 14 13 7 2 0 0 0 0 11 0 16
0 0 0 0 0 0 11 0 8 7 1 0 15 5 14 0
3 0 5 12 15 0 0 1 0 0 6 8 0 4 2 0
0 31 0 15 8 0 21 1 3 0 0 12 0 4 0 26
0 0 8 0 1 3 20 4 1 0 16 1 7 0 0 7
0 0 26 0 0 15 0 0 10 7 6 4 0 1 4 0
0 17 0 7 55 21 6 14 0 0 0 0 1 0 15 0
7 0 38 1 0 8 4 0 14 18 0 2 0 9 15 2
9 0 0 10 0 4 0 8 0 0 0 0 0 0 0 14
0 0 0 0 0 0 0 0 0 24 3 0 8 1 6 0
0 0 0 0 5 0 2 7 0 13 5 30 0 26 28 0
0 27 0 24 0 19 0 7 11 0 0 7 0 32 5 6
0 0 7 0 12 8 1 2 2 8 11 9 7 0 0 11
0 0 0 1 0 0 6 0 0 11 13 5 0 0 4 17
21 4 0 5 32 11 6 1 1 0 0 0 0 23 0 0
0 3 28 0 7 15 5 2 1 8 0 8 11 7 0 21
