0 0 9 7 12 22 11 6 0 0 0 9 0 15 1 8
0 2 0 13 0 0 0 9 3 1 15 4 1 0 27 4
0 3 17 13 6 13 7 0 7 24 11 9 20 0 7 1
28 0 21 3 4 14 0 15 23 2 17 33 7 25 7 12
8 16 0 8 0 19 3 0 13 2 4 0 18 1 5 0
4 20 9 7 8 0 0 2 6 1 1 11 0 3 0 14
0 4 0 16 6 1 7 0 7 6 0 28 7 5 0 4
1 6 19 0 13 0 0 4 4 0 5 35 7 0 25 4
0 30 0 0 7 0 0 7 1 0 12 11 11 0 8 7
6 15 0 0 6 0 12 0 2 22 4 3 0 6 8 2
0 0 15 16 3 1 8 9 1 5 0 19 7 0 4 9
1 7 9 5 3 0 1 0 1 4 2 8 7 0 0 18
14 8 0 1 9 0 0 11 7 16 3 6 0 0 24 17
1 2 1 15 0 0 1 18 25 0 1 5 15 13 12 0
7 4 18 28 7 32 3 17 0 30 0 1 0 15 1 3
0 0 4 0 13 3 9 0 15 0 7 0 0 1 0 5
