0 17 7 0 0 19 4 110 0 29 0 25 5 31 23 0
46 59 0 5 89 1 11 32 17 6 22 35 1 21 16 0
35 46 23 16 52 14 19 6 27 3 20 28 0 36 11 13
2 3 32 0 57 0 3 7 112 61 0 0 1 0 105 0
2 0 3 87 0 47 0 0 29 59 28 0 39 42 10 47
8 0 1 29 46 20 47 0 2 27 34 2 106 99 0 0
0 114 0 76 12 1 19 4 12 108 44 70 21 50 32 8
0 22 39 0 29 25 0 53 13 0 48 40 47 19 45 24
0 0 0 0 75 16 0 0 21 0 21 0 44 23 16 52
0 28 0 1 127 0 2 0 41 0 6 49 32 7 18 0
0 11 22 24 60 1 2 33 54 5 0 44 10 81 13 0
65 73 0 1 0 0 35 25 15 49 3 11 91 1 0 22
84 12 0 0 11 40 10 59 0 4 22 20 0 0 12 3
58 0 0 0 4 27 0 17 4 0 0 0 0 14 57 0
23 20 59 31 54 13 1 3 56 0 0 14 1 46 1 0
0 0 19 8 0 101 70 3 47 0 35 5 53 127 77 14
