0 3 0 0 4 0 15 3 13 1 0 6 9 0 8 2
10 10 5 2 0 16 0 6 26 3 0 2 0 17 37 0
1 0 5 1 21 25 0 4 1 0 21 47 0 13 6 0
4 32 12 0 13 11 12 0 7 0 1 21 17 1 0 13
21 0 0 0 0 8 0 21 0 2 0 5 8 20 3 49
7 22 6 0 0 14 0 0 0 0 2 30 8 0 0 3
5 0 19 0 0 0 0 7 0 1 3 0 0 10 15 0
0 10 0 0 0 0 0 0 6 1 1 20 1 0 17 0
12 0 0 0 6 0 0 0 0 1 0 16 1 0 0 1
25 21 2 4 0 6 29 0 0 11 5 8 2 23 0 2
2 3 9 17 1 0 20 0 0 25 2 8 41 3 26 9
11 0 13 9 0 0 0 8 0 0 0 0 8 2 18 0
2 1 2 4 17 0 14 0 0 0 0 0 19 7 1 0
5 0 0 17 4 0 0 58 41 0 9 9 22 0 15 4
0 0 0 0 2 0 14 0 11 5 29 0 28 24 3 0
28 11 0 9 1 1 0 0 0 4 8 0 0 11 48 0
