48 0 0 15 10 0 25 0 0 0 0 0 3 14 0 33
0 0 0 0 0 0 21 0 0 0 0 0 0 26 0 0
2 0 0 0 0 0 0 4 0 0 3 0 0 12 0 0
31 17 14 7 0 0 0 25 0 0 0 13 0 0 0 29
4 0 0 0 12 0 3 68 0 0 0 0 0 0 0 34
9 0 0 23 0 0 30 0 0 0 0 0 3 0 0 0
10 10 0 0 0 23 0 0 11 15 0 19 1 17 0 0
22 33 0 0 36 0 0 0 0 0 0 0 0 36 0 0
23 0 18 0 5 0 0 7 13 0 0 12 4 0 0 0
0 13 4 0 0 0 30 0 20 1 0 0 17 15 0 0
0 0 0 28 0 0 14 32 0 0 41 0 0 0 0 15
46 14 0 0 0 0 0 19 0 0 37 0 0 0 0 20
7 0 0 0 27 42 14 15 0 13 39 0 0 0 0 32
0 0 0 23 11 5 37 0 0 0 0 31 0 0 0 44
29 0 0 0 0 30 14 0 0 0 0 17 0 18 0 0
0 0 0 0 14 0 0 0 0 0 0 0 0 30 0 0
