0 0 12 0 0 19 8 61 0 0 12 27 8 31 25 0
0 54 7 14 67 0 0 33 17 5 22 69 0 27 15 0
35 45 23 17 53 14 10 4 26 5 46 30 0 35 0 14
1 0 89 7 51 0 0 8 111 47 0 0 5 0 108 1
1 1 0 62 0 54 20 1 19 52 0 0 0 42 10 44
17 0 0 33 50 35 49 0 0 0 34 3 107 119 4 0
0 115 0 59 11 0 0 14 0 62 0 66 0 24 1 11
0 0 73 0 28 0 0 40 23 0 50 39 43 1 45 0
0 0 0 0 76 14 0 3 25 4 2 0 31 37 0 74
0 26 0 0 76 0 22 0 52 16 33 48 31 0 15 0
0 9 19 15 59 0 0 30 104 5 0 43 28 77 13 0
71 74 4 0 1 0 32 0 14 49 4 11 100 0 0 11
127 0 0 7 0 40 0 81 6 1 21 32 0 0 10 1
42 59 0 2 1 12 0 27 0 1 21 1 0 13 69 0
29 20 58 14 59 17 0 4 0 0 0 16 0 27 0 0
0 0 0 0 0 103 78 0 52 0 0 40 34 122 79 0
