2 0 1 0 0 0 12 0 3 1 1 0 6 0 2 0
8 5 0 0 3 0 15 0 1 1 37 0 2 0 0 11
0 0 11 0 0 20 0 0 0 13 0 0 7 3 18 0
3 0 0 0 0 35 0 0 14 2 0 2 6 5 6 0
5 0 0 20 0 0 27 0 0 9 1 0 0 0 6 33
0 0 0 2 0 7 0 0 0 6 9 0 9 0 12 2
11 1 5 10 0 19 0 0 8 0 0 0 0 0 4 2
5 9 12 7 25 0 0 6 0 6 7 2 0 0 0 11
0 0 13 7 0 1 0 19 0 5 2 0 15 0 0 11
0 0 0 16 13 0 0 0 0 5 0 24 0 0 0 0
0 7 0 0 0 8 0 34 12 0 0 0 1 0 9 0
0 1 0 0 1 0 0 1 1 0 0 0 0 7 0 13
20 0 4 0 0 5 0 0 0 7 19 24 0 4 0 0
0 2 0 0 15 2 4 0 0 10 0 0 0 0 12 0
11 0 4 0 33 18 0 15 1 0 0 33 0 13 10 24
0 61 0 0 0 0 1 1 0 0 0 18 0 5 9 2
