3 0 0 3 0 0 3 3 3 1 1 1 0 2 1 1
0 0 1 0 3 1 0 0 2 4 0 2 0 1 0 0
0 7 0 1 0 1 4 4 0 0 3 0 0 0 0 0
1 1 0 4 0 0 6 1 2 0 0 0 6 1 1 0
0 3 1 1 5 0 0 0 1 0 1 8 6 2 0 0
0 3 1 3 6 7 1 1 4 2 0 0 0 1 2 0
2 2 0 4 0 3 0 1 0 0 0 7 1 0 0 1
0 0 0 3 0 4 1 1 5 0 0 0 0 1 5 0
0 0 2 0 0 2 1 0 0 0 2 0 3 0 0 1
1 0 1 1 0 0 4 0 1 1 2 2 0 1 0 2
0 0 1 0 1 1 0 1 0 1 3 0 3 1 0 0
0 0 2 0 6 0 3 2 0 1 2 7 2 1 0 0
0 1 0 0 2 2 3 0 3 6 0 0 3 0 3 1
1 0 4 0 0 3 11 0 0 1 1 5 3 0 0 0
1 1 0 2 0 2 0 1 1 3 2 0 0 0 0 0
1 0 2 1 0 3 1 0 0 2 2 2 2 3 2 2
