16 0 18 0 0 0 0 0 0 14 20 33 0 6 0 0
10 0 0 11 11 0 3 0 18 0 20 0 6 2 0 6
0 8 5 0 6 0 0 4 0 0 10 0 0 0 0 0
9 0 0 0 14 7 10 0 9 0 0 13 0 11 7 0
1 0 5 0 0 0 0 12 0 3 8 0 11 2 0 1
0 0 0 0 0 0 18 0 0 6 2 6 2 0 0 0
0 9 0 0 15 0 22 7 11 0 0 9 5 0 0 24
0 0 2 0 0 0 9 0 0 1 8 10 0 17 0 15
0 0 0 0 12 0 0 0 0 2 10 0 13 6 0 0
16 0 0 0 0 1 16 6 0 0 3 0 0 0 0 0
0 5 9 0 0 0 0 0 12 12 0 0 0 7 0 0
0 0 12 0 0 0 0 9 0 14 0 0 0 0 0 0
6 3 23 0 0 1 1 3 0 0 0 0 0 19 0 5
8 0 0 0 0 9 0 0 0 0 11 0 10 0 0 0
0 11 0 0 2 1 12 0 11 5 0 6 11 3 11 5
16 3 17 0 0 0 0 4 0 12 8 0 5 1 0 0
