0 3 0 0 0 0 8 0 0 0 0 11 25 0 0 9
0 0 0 13 0 3 0 0 11 0 12 0 0 0 0 9
0 9 0 0 0 19 0 0 10 0 0 0 17 2 0 1
3 0 0 7 0 16 0 0 17 1 0 2 0 20 0 0
4 8 4 3 12 0 23 3 0 7 0 0 5 0 4 17
0 0 0 6 0 4 4 0 0 0 9 1 9 0 50 0
0 8 6 10 2 21 21 17 13 0 0 0 0 0 0 0
0 0 22 16 4 5 1 0 7 16 2 0 0 0 26 15
0 10 4 0 0 16 11 17 0 0 7 1 0 0 0 4
6 0 0 4 0 0 0 0 0 0 10 11 0 1 0 0
0 0 15 0 0 0 0 14 11 8 13 16 0 0 16 0
0 0 0 0 0 0 0 0 32 1 7 0 2 34 9 25
13 0 23 0 0 0 1 0 0 6 3 19 35 27 0 0
0 0 9 0 11 0 0 0 0 0 0 0 0 5 3 0
14 19 0 0 0 2 0 11 0 2 0 25 0 19 13 17
19 58 0 0 8 9 0 0 0 0 0 27 0 3 13 14
