0 7 0 19 0 2 10 30 1 0 0 0 0 3 0 0
0 2 0 0 0 0 27 0 0 33 11 0 0 26 9 2
1 0 0 0 12 0 4 10 0 0 14 21 0 23 2 0
0 18 0 9 0 0 9 19 24 0 0 0 0 17 0 0
0 0 0 0 0 0 0 11 0 0 0 4 19 0 0 27
0 0 0 0 0 0 0 0 0 7 21 4 0 0 21 0
0 0 0 20 57 15 0 0 2 0 0 0 0 0 2 0
0 8 48 0 6 30 25 0 0 0 0 10 11 10 0 23
0 0 0 26 0 0 0 20 0 4 0 0 0 0 18 0
0 14 0 0 0 0 29 0 0 0 0 0 8 16 0 19
0 0 0 0 17 0 12 13 0 21 14 5 0 21 11 0
0 0 0 11 0 16 0 27 24 0 0 0 0 0 21 0
0 0 1 0 0 0 15 11 5 0 0 0 28 0 0 18
0 0 0 0 0 0 0 0 5 9 3 0 0 0 0 19
0 12 0 0 0 0 0 0 0 0 0 0 0 0 0 0
7 10 0 0 2 7 24 3 9 24 0 5 12 2 0 8
