3 0 0 0 0 0 6 13 0 0 0 21 4 0 24 3
0 1 14 5 0 0 1 0 0 0 0 0 0 0 38 7
2 0 23 2 0 0 0 9 27 33 10 0 0 15 0 0
0 12 0 0 0 0 4 0 0 0 18 0 0 23 0 0
0 0 0 0 0 0 29 34 0 0 11 3 0 0 0 0
1 15 0 38 0 8 0 12 0 0 0 0 0 7 0 0
0 0 5 0 8 5 22 0 17 0 0 0 0 0 6 0
0 0 0 0 12 0 0 1 3 0 39 8 0 0 2 16
0 7 0 0 0 0 3 0 0 0 0 23 0 0 24 0
0 0 9 0 0 0 0 0 0 0 0 0 0 0 41 19
6 0 24 0 0 0 0 0 8 32 4 0 0 13 0 0
0 4 0 0 0 0 1 0 0 0 24 0 0 22 3 0
0 0 0 0 0 0 29 17 0 6 11 2 0 0 0 0
2 13 0 39 0 0 0 8 0 0 0 0 0 0 0 0
0 0 3 0 12 5 26 0 13 0 0 0 0 0 4 0
17 0 0 0 8 0 0 5 1 0 33 8 0 0 2 18
