0 6 2 0 17 3 7 2 6 4 0 0 0 8 0 5
7 12 0 0 0 0 5 9 13 0 6 3 4 6 0 4
1 1 0 0 2 0 10 2 4 4 0 0 11 3 7 4
13 6 3 0 1 5 0 12 11 0 7 9 0 0 4 0
0 2 8 0 2 5 4 3 0 6 0 0 9 5 0 1
8 2 0 0 0 7 0 5 15 0 6 1 12 4 6 9
2 7 0 0 2 0 9 4 4 0 0 0 5 0 18 9
0 13 6 0 1 10 0 12 1 0 5 0 0 0 4 0
0 1 9 0 0 5 2 3 0 7 0 1 11 8 0 7
7 3 0 0 0 6 0 8 17 0 0 1 16 3 3 9
4 9 0 0 1 0 6 1 5 0 8 0 1 0 0 6
3 11 4 0 9 7 0 7 1 0 8 0 0 1 8 5
0 7 1 0 0 0 5 3 0 14 0 2 15 10 0 2
11 3 0 0 0 3 0 10 17 0 3 7 20 6 0 17
2 10 0 0 2 0 1 1 7 0 18 0 1 0 11 7
8 9 0 0 8 0 0 2 3 0 2 0 0 1 8 4
