0 0 3 9 5 1 23 34 0 0 32 6 0 24 20 11
5 0 0 20 0 0 0 23 7 8 14 2 1 7 11 0
4 0 0 17 20 6 14 1 15 42 11 27 23 55 7 8
24 0 0 3 30 13 0 4 7 35 17 0 44 2 41 2
24 17 0 65 0 3 12 0 13 48 12 0 21 14 6 9
1 20 5 47 4 0 6 5 9 18 6 19 25 8 0 32
0 3 5 23 1 11 7 6 25 22 17 12 14 1 3 3
16 3 40 0 17 0 9 1 3 0 26 8 10 8 1 2
0 2 0 1 53 0 24 17 33 0 10 8 1 0 18 2
31 74 0 0 25 0 58 0 4 37 12 19 23 19 7 2
1 0 5 6 6 44 13 35 41 28 0 10 19 0 10 14
2 15 0 16 32 17 7 0 7 46 49 7 27 4 0 15
70 11 0 8 29 0 0 12 6 3 17 19 0 0 24 8
18 5 8 3 2 20 1 22 28 4 8 16 5 5 39 0
0 21 3 17 15 3 38 42 0 38 0 12 0 5 0 3
46 0 14 0 16 51 65 0 1 36 7 3 0 10 18 19
