4 0 0 0 32 0 3 0 0 0 0 0 11 2 11 12
0 10 23 0 0 0 0 0 3 9 0 9 0 0 19 13
0 0 0 0 28 0 0 12 10 0 6 0 0 0 9 0
0 0 3 0 0 0 20 0 0 0 0 1 8 0 0 25
10 0 0 0 0 18 0 0 0 23 3 3 9 10 7 11
0 0 0 0 0 0 16 0 0 0 0 0 0 0 0 19
13 0 1 0 0 0 0 0 0 2 0 0 0 47 0 0
0 6 0 0 0 0 0 0 0 0 1 27 0 0 0 0
37 0 0 0 1 0 0 20 0 0 0 0 0 0 0 0
0 1 0 6 12 10 0 0 0 0 10 0 9 32 0 0
0 13 21 17 1 1 0 0 0 0 0 0 3 12 18 0
0 0 12 0 0 0 1 0 0 0 0 0 12 0 0 0
3 0 16 17 34 0 0 0 0 0 10 0 0 25 7 0
0 0 0 19 0 0 0 27 0 0 4 0 0 0 0 0
0 0 5 0 0 0 4 0 0 0 0 0 0 18 12 0
34 9 0 11 11 0 0 0 0 0 6 0 0 19 7 0
