0 0 40 7 0 0 0 0 0 17 0 0 0 0 4 0
0 0 0 0 0 8 0 18 0 15 0 26 0 0 6 0
0 0 13 0 0 0 0 0 9 0 15 0 0 18 0 1
0 0 5 10 4 12 0 17 0 1 0 2 19 0 0 0
8 0 0 0 0 0 18 1 0 0 6 16 0 0 0 28
0 5 0 0 0 0 0 0 0 0 0 0 0 0 1 0
13 0 0 0 0 6 7 10 8 0 0 11 9 17 5 0
5 0 0 0 0 2 0 0 0 23 18 0 4 0 0 17
0 0 0 0 19 0 0 0 3 0 0 9 0 0 0 0
2 0 0 0 0 0 0 0 0 0 0 0 5 21 3 0
14 0 7 0 0 15 29 0 0 24 5 15 0 0 0 0
11 0 0 0 0 0 0 0 17 1 34 0 0 1 6 0
5 0 13 0 13 5 0 0 13 0 0 0 0 0 0 0
0 0 0 0 0 0 2 0 0 0 0 1 0 0 0 8
0 9 0 22 0 19 5 5 0 2 0 0 0 10 0 13
17 0 23 0 0 5 11 0 0 5 15 0 0 0 0 0
