3 0 0 17 10 0 2 0 0 14 0 11 13 5 15 0
13 19 15 12 0 0 3 0 0 0 32 9 0 0 0 13
0 1 0 4 0 9 0 0 17 12 11 14 0 27 14 0
0 22 0 22 0 0 0 0 6 23 15 0 0 0 0 7
0 9 2 18 0 0 14 2 1 8 0 11 0 0 0 4
8 0 7 13 9 6 9 0 4 0 0 0 0 0 11 14
2 13 9 0 0 0 0 0 3 7 0 9 29 0 14 6
0 0 20 0 0 0 0 15 0 0 0 0 11 0 6 0
14 0 0 0 16 3 5 0 0 0 1 11 9 14 13 0
4 0 0 2 0 0 0 0 0 0 1 5 5 9 0 0
18 5 12 5 15 0 4 3 0 0 0 3 16 0 0 0
0 10 0 1 0 0 0 2 6 0 3 0 0 0 3 10
0 12 4 4 0 0 0 0 7 0 4 1 0 0 0 0
37 6 0 1 0 0 0 0 0 15 0 11 14 8 0 18
0 0 0 38 0 10 0 0 0 0 6 0 7 3 0 0
0 0 0 0 0 5 21 14 10 7 0 0 0 16 5 0
