2 6 3 15 18 21 0 2 13 17 2 5 3 16 1 12
1 13 14 5 5 3 2 7 14 23 2 7 14 2 29 0
10 22 27 3 6 1 8 26 7 14 24 21 27 15 25 16
26 42 36 3 27 27 52 23 39 40 47 34 32 29 29 31
19 54 23 31 31 4 3 12 1 13 6 16 6 3 5 5
11 0 4 1 3 11 6 11 5 13 4 3 3 2 4 4
5 3 5 11 5 1 9 4 18 8 1 13 20 13 0 2
5 7 17 18 4 22 1 13 7 10 16 11 15 15 20 9
1 2 6 26 7 15 10 15 8 2 1 30 12 7 17 6
17 6 8 11 6 17 16 1 6 16 15 5 5 6 5 16
1 9 10 5 11 7 4 4 14 3 16 16 16 17 16 4
16 28 6 9 15 24 2 1 18 1 10 7 4 18 9 12
8 19 12 5 8 8 31 11 1 4 3 4 5 3 9 4
11 13 12 4 3 5 7 9 23 3 2 12 10 13 7 4
20 20 7 5 13 7 9 7 12 16 7 10 13 13 15 13
0 12 11 4 7 6 15 5 5 3 12 5 6 6 16 1
