1 0 0 0 0 6 11 12 3 0 2 0 0 2 0 0
15 8 2 0 0 2 3 0 4 6 0 18 4 0 0 0
7 0 0 0 4 0 0 0 5 5 0 17 0 0 0 0
0 0 0 0 8 0 0 1 0 0 0 9 16 0 9 0
0 17 0 0 0 0 0 3 9 0 0 7 0 11 0 22
0 0 0 6 2 12 0 0 0 1 0 0 26 0 18 0
0 0 0 0 0 0 0 0 0 0 13 0 5 15 9 0
0 46 0 0 0 9 0 3 0 12 14 5 0 0 11 1
1 0 19 0 0 0 0 0 0 0 9 1 13 0 0 0
0 1 0 0 1 0 14 0 0 0 0 0 10 13 0 0
0 0 0 0 0 0 0 10 6 0 2 0 0 0 0 3
0 23 0 0 0 0 0 0 22 1 13 0 0 6 0 0
0 0 0 0 0 1 0 16 2 11 0 9 5 12 0 0
0 11 0 0 0 0 7 11 3 3 0 0 0 0 0 0
0 0 23 20 1 6 0 6 6 0 0 0 3 0 2 0
0 0 3 1 0 0 0 5 1 5 0 0 0 0 7 0
