15 0 0 0 29 0 34 10 12 6 0 0 4 0 19 0
0 15 9 18 0 8 11 0 0 0 0 12 1 0 77 0
20 72 4 0 1 0 0 0 0 26 0 0 12 20 16 0
41 0 0 14 13 0 11 0 12 0 0 1 72 17 0 24
20 4 0 0 29 0 12 10 17 0 1 0 4 0 12 8
11 21 19 16 0 6 3 0 0 20 6 18 23 6 82 0
18 79 14 0 6 0 0 0 0 19 0 0 19 19 26 0
41 0 0 16 12 0 19 0 12 0 8 4 73 9 0 18
21 1 0 0 25 0 12 10 21 0 0 0 5 0 15 1
10 24 19 15 0 9 0 0 0 15 5 19 20 0 80 0
17 81 16 0 0 0 0 0 0 12 0 0 19 20 24 0
41 0 0 17 14 0 21 0 13 0 5 0 74 1 0 18
21 1 0 0 24 0 12 9 21 0 0 0 6 0 15 2
10 25 19 15 0 8 0 0 0 15 4 18 21 0 81 0
15 82 15 0 0 0 0 0 0 12 0 0 18 20 24 0
43 0 0 18 11 0 21 0 13 0 5 0 75 1 0 18
