-5 -5 0 6 12 1 21 -1 -12 -9 3 1 5 4 2 7
10 -2 2 -10 1 5 8 -3 -20 20 2 -1 0 -8 4 -10
-1 4 -10 -10 8 15 -21 11 2 -29 -5 16 -2 23 9 -1
-14 -5 0 -33 11 2 8 22 3 -11 4 -36 -10 -4 -2 -7
8 -16 -11 -7 -3 -23 -3 6 11 5 12 -17 -12 -12 8 -13
9 -33 4 -2 -28 5 -39 14 -5 9 -11 9 -30 -1 8 -11
5 7 -7 -9 -22 -3 4 -2 6 -15 -9 9 7 3 2 12
-15 1 16 16 -5 -1 8 5 3 -4 28 4 -5 -4 5 10
6 -32 -4 9 -15 6 -12 -6 9 -1 9 -20 -3 -5 -18 -14
2 6 -29 4 13 15 -14 -6 -9 5 -8 0 -8 4 -10 -2
9 2 -9 -4 1 -2 -6 -6 1 -3 -2 -1 -7 -12 14 -2
-3 -6 -5 -5 -14 -1 8 -9 -10 5 -22 2 -4 9 -2 9
5 -3 4 -10 11 -3 -1 -2 4 -9 2 -2 5 6 -25 -35
6 -18 -24 7 14 22 17 2 5 -17 4 -11 -32 -9 7 2
24 -8 -8 -13 4 2 -8 -18 -4 -6 -1 16 -5 -20 10 9
-1 14 -21 23 5 21 3 -11 -7 -21 4 2 0 -6 18 2
