7 2 0 0 1 3 3 0 2 4 4 7 28 0 0 0
0 18 2 0 2 0 2 2 9 0 2 0 0 5 1 0
0 20 13 0 3 13 6 0 0 5 0 2 5 0 28 0
14 0 0 0 0 2 5 1 7 0 6 9 13 3 6 2
0 1 9 1 6 0 1 0 0 0 0 0 10 1 5 12
0 3 0 0 0 12 5 0 10 5 8 16 1 0 34 0
0 2 4 0 1 23 6 1 9 2 0 0 1 4 0 9
7 4 15 10 5 10 0 3 1 11 7 2 2 0 0 10
5 3 2 4 9 0 3 9 0 8 2 0 5 0 5 0
2 0 5 27 1 1 15 1 16 0 0 15 12 0 0 0
0 4 8 6 0 0 1 33 35 8 14 0 2 0 7 0
6 0 1 1 6 3 0 11 16 0 2 5 0 19 1 13
1 0 13 2 3 4 0 1 0 5 3 21 14 1 0 1
0 3 0 2 15 0 12 2 11 4 3 0 6 0 0 6
5 0 2 2 0 22 5 1 5 0 0 20 16 2 2 25
7 13 0 0 3 6 2 3 0 4 0 15 0 0 9 1
