-14 4 -10 -1 12 -3 -6 -14 -9 4 -13 0 -15 -9 -9 -23
-7 3 0 -28 -11 11 -7 -5 -10 -7 -5 -14 1 -13 -15 -8
-9 2 -6 -3 8 -19 -5 -15 -6 7 8 -25 1 2 -18 -7
-13 -3 -10 -6 -13 -11 2 -4 2 -20 -10 -9 -15 9 -26 -14
1 -4 -10 -9 -23 -12 -16 -5 -19 0 -6 -5 -2 -2 4 -12
-3 -7 1 -7 -7 -10 -18 -2 -8 -19 0 -12 -11 -13 -2 -16
-11 -4 -2 -15 2 -5 3 -9 -14 -3 -14 -13 -6 -4 7 2
10 -2 6 -3 -9 -8 -10 -15 9 -11 1 -6 -7 -8 -9 -5
3 -5 -18 -10 8 -19 -24 -5 -19 -9 -2 -16 -8 -13 9 -18
-2 0 -7 -1 23 -10 -15 3 13 -16 -6 -7 -11 -11 -3 -2
-5 -13 -4 -1 -7 -2 -2 -5 -26 -7 1 -5 2 -14 5 -16
2 -18 -14 7 -3 -14 -8 1 -6 -14 -4 -8 -13 -28 -13 3
-10 -8 -12 4 6 -21 0 3 -15 -11 -7 -16 -10 -11 -17 -13
3 -2 2 -21 0 -11 -12 -6 -11 -4 -4 -14 -17 -8 -8 -19
-4 -7 -8 -7 5 -11 -17 -2 -15 -5 -20 -22 -20 13 -8 -7
-4 7 -10 19 -7 -7 -6 2 -7 -9 -1 -7 6 -6 -10 -12
