0 0 0 5 13 0 0 0 0 0 5 29 0 0 0 29
0 0 0 0 0 0 0 3 2 0 7 0 5 9 7 0
0 0 0 0 0 16 34 0 7 0 0 0 0 0 0 0
0 23 5 12 0 14 9 0 0 0 2 0 12 0 0 0
0 0 0 0 17 0 0 0 0 0 0 0 9 7 0 13
0 0 0 0 9 0 0 0 0 0 0 0 5 0 0 0
0 0 0 5 0 0 0 0 15 4 0 0 0 0 7 0
0 0 0 0 0 0 0 0 0 0 8 0 14 3 0 0
9 0 0 0 0 0 0 0 5 0 0 0 3 0 0 0
0 0 0 0 4 1 0 0 2 3 0 0 0 0 11 0
0 0 10 0 0 1 0 1 0 0 0 0 7 0 0 0
25 0 0 0 0 0 0 0 0 0 8 0 0 0 0 0
0 0 0 3 6 0 0 0 0 0 0 0 0 0 0 0
0 0 9 0 0 9 21 0 19 0 0 13 0 0 0 0
0 0 0 16 0 7 0 0 0 14 0 12 0 11 15 0
0 0 0 0 0 0 0 0 0 0 3 0 0 0 0 0
