3 18 21 16 0 22 1 1 1 4 2 6 14 17 8 41
5 6 15 0 3 8 16 4 1 5 13 14 2 15 38 24
0 2 2 32 2 11 14 26 15 13 0 10 5 1 1 41
3 2 3 5 3 3 15 7 5 22 2 7 12 3 10 18
3 8 4 6 1 7 9 19 48 4 4 1 8 6 3 2
15 52 1 9 3 11 8 21 0 25 3 12 5 7 31 19
34 10 48 1 7 8 2 1 0 17 1 5 12 0 4 24
6 34 10 2 20 0 8 7 9 11 1 3 27 10 13 12
1 13 4 7 11 16 1 14 9 3 3 19 17 4 3 2
19 6 7 18 7 9 8 23 21 30 19 0 2 14 21 17
9 6 34 2 8 6 1 15 30 4 19 5 1 12 3 15
7 3 0 1 2 12 12 10 12 4 7 9 2 22 4 10
21 19 14 15 6 1 17 7 52 6 7 15 9 11 15 11
14 0 22 13 2 1 3 7 21 20 15 4 11 11 8 10
2 5 14 8 2 10 8 9 3 10 18 44 15 16 12 8
2 5 4 8 2 9 3 9 8 3 17 24 21 12 3 15
