1 22 0 13 4 2 0 19 3 7 3 6 11 20 0 0
0 6 1 14 0 26 0 7 0 0 5 5 28 0 30 0
0 3 0 2 0 0 22 12 0 0 19 18 22 0 16 0
9 0 35 8 0 15 0 0 6 15 6 7 0 31 0 5
0 20 0 0 17 17 2 1 5 9 10 0 8 0 0 9
0 25 0 7 5 8 0 5 0 0 14 1 11 0 3 0
0 3 0 14 0 0 0 7 9 0 15 0 0 0 5 0
21 0 0 6 13 0 0 0 7 15 2 11 0 28 0 0
0 11 2 0 14 0 10 0 1 7 1 11 7 0 2 12
0 1 0 11 6 27 0 16 0 0 9 13 6 0 7 0
0 4 0 5 0 0 0 0 0 0 4 6 0 0 4 0
0 0 0 0 2 0 0 0 1 7 10 9 0 30 0 0
9 25 3 2 16 1 0 0 3 14 1 12 17 0 0 9
0 0 19 22 6 27 0 4 0 3 2 21 7 0 9 0
0 12 0 13 0 0 1 0 2 27 7 0 0 1 17 0
10 0 0 0 19 0 0 0 2 9 3 19 4 22 0 0
