5 0 0 0 17 0 15 4 17 0 0 0 0 0 14 12
0 2 19 5 0 8 0 0 0 7 0 0 0 2 22 0
16 0 14 5 11 0 0 5 16 0 32 22 0 0 4 0
0 10 0 0 0 4 15 0 0 0 0 5 11 0 0 26
0 0 0 0 9 21 0 0 0 13 6 3 9 16 16 21
0 0 6 0 0 0 13 0 0 0 0 7 0 0 0 27
5 0 7 0 0 0 0 0 0 0 3 0 0 17 5 0
0 17 8 0 0 0 0 0 0 0 18 37 0 0 2 2
46 0 0 0 0 0 0 1 0 0 0 2 0 0 0 0
0 9 0 7 25 10 11 3 0 13 12 0 7 28 0 0
0 13 23 18 0 0 10 0 0 5 0 1 21 6 12 0
0 0 13 0 0 0 0 36 0 0 0 0 14 0 9 0
2 0 30 13 24 2 0 0 0 0 9 0 0 8 0 0
0 0 0 13 11 0 0 20 3 0 2 0 4 0 0 2
0 3 7 0 0 0 18 0 0 24 19 0 0 28 34 0
22 4 0 0 9 7 0 0 0 1 0 0 0 32 19 0
