12 0 10 0 0 0 0 2 0 0 11 0 0 0 0 0
10 0 0 12 8 0 0 0 27 0 0 0 13 0 0 16
0 0 0 0 19 0 7 5 0 0 0 0 8 2 0 28
8 0 0 0 2 0 6 0 0 0 0 7 2 0 6 0
0 0 0 0 0 1 0 0 0 0 7 0 8 0 0 0
1 5 0 0 0 0 16 0 0 0 2 3 12 0 2 0
0 20 2 0 15 0 0 0 0 1 0 0 0 0 0 11
11 0 25 0 17 0 6 4 0 0 0 4 0 8 11 16
0 0 0 0 20 1 0 0 10 0 0 0 3 0 0 0
10 0 0 0 0 0 15 4 1 0 0 0 0 1 0 0
0 1 0 1 0 4 1 0 23 23 0 0 0 0 0 0
0 0 0 7 0 9 0 0 0 13 9 0 0 4 5 0
0 0 0 4 2 0 9 11 0 0 0 2 0 11 7 11
15 5 0 0 0 0 0 0 0 6 10 0 11 7 2 11
0 3 0 0 8 2 1 0 7 18 0 6 0 7 4 18
2 0 3 0 0 0 0 16 4 3 2 0 0 0 0 1
