2 1 1 1 1 1 1 1 3 0 1 1 0 5 0 7
0 5 2 2 0 2 13 37 3 0 17 0 7 4 13 1
4 1 1 8 1 1 1 1 1 23 3 3 13 5 2 0
1 15 3 0 0 27 3 13 3 7 7 32 4 4 2 1
1 0 12 1 0 2 1 1 1 7 7 0 1 3 7 2
1 1 3 0 4 2 2 1 3 2 1 5 0 0 5 2
1 1 3 0 13 3 1 6 6 36 3 28 10 3 0 2
0 1 4 0 4 1 1 1 1 2 2 5 3 1 7 1
1 0 3 11 3 2 5 3 13 4 2 3 2 1 3 2
1 3 1 4 0 2 5 1 0 2 16 17 0 1 12 14
8 15 18 8 45 14 19 10 1 9 2 7 5 0 0 1
4 2 1 8 8 4 0 1 0 43 19 1 4 15 5 11
3 5 0 7 2 2 7 12 3 10 1 0 0 3 1 1
2 1 0 7 15 8 3 7 0 0 6 8 1 5 2 2
0 1 12 1 2 1 0 11 0 2 2 3 1 0 1 3
11 4 3 1 3 1 7 2 26 3 0 0 1 3 1 0
