10 5 19 5 20 21 0 4 32 2 0 7 0 9 0 0
0 6 1 0 3 0 0 0 19 0 2 0 13 7 0 0
14 12 6 0 2 0 7 9 0 0 0 0 4 26 0 3
0 0 0 0 0 0 0 1 0 21 0 9 0 17 6 0
4 0 0 0 1 0 7 0 0 9 3 30 10 5 23 0
0 0 12 1 0 0 25 20 4 8 13 5 9 0 0 2
5 9 0 0 9 0 0 0 5 0 14 0 3 0 8 8
0 9 0 0 0 4 0 15 0 3 0 22 0 0 1 0
3 0 0 1 12 0 0 4 0 12 0 4 18 0 3 4
0 6 0 8 0 0 13 8 0 0 0 0 8 6 0 3
22 0 31 0 2 0 0 1 3 0 0 0 0 0 7 0
0 0 11 2 0 0 3 1 23 0 0 0 21 3 22 1
0 0 8 8 62 0 34 3 2 0 32 12 9 15 0 0
0 2 8 0 0 4 0 2 26 8 3 36 0 0 5 8
5 0 1 0 2 0 0 0 1 0 6 0 14 0 0 6
0 9 5 5 0 0 3 0 1 6 0 0 10 7 10 0
