2 0 0 0 1 0 1 1 8 5 1 0 1 0 0 0
0 1 0 1 0 3 1 0 0 0 0 3 0 0 1 0
2 0 0 0 0 0 0 0 0 0 0 0 10 19 3 0
1 0 0 0 3 0 1 0 1 0 0 0 3 0 0 9
3 9 0 0 2 0 1 0 3 0 2 0 0 3 2 1
3 2 0 1 0 2 4 0 0 7 2 4 1 6 1 0
1 1 0 0 2 0 0 0 0 2 0 0 10 21 3 0
1 0 0 5 3 0 1 0 0 0 0 2 3 2 0 10
2 8 0 0 4 0 1 1 3 0 2 0 2 2 2 1
3 3 1 6 2 1 3 0 0 1 0 4 1 9 0 0
1 2 0 0 1 0 0 0 0 3 0 0 11 22 0 0
6 0 0 12 4 0 3 0 2 0 0 1 4 1 0 11
3 7 0 0 1 0 3 1 6 0 2 0 0 1 0 1
0 3 1 0 0 1 5 0 0 1 1 4 3 3 1 0
1 1 0 0 3 0 0 0 0 4 0 0 9 21 0 0
1 0 0 1 2 0 0 0 2 0 2 1 3 2 0 10
