12 2 1 4 9 5 16 0 1 0 10 3 5 8 1 9
3 1 0 4 14 13 2 4 15 21 6 6 5 9 2 11
2 1 11 0 2 2 13 0 3 20 10 3 2 12 8 2
14 16 4 10 8 0 0 6 0 2 4 2 14 3 3 21
19 2 5 15 1 3 13 1 3 0 7 0 10 5 3 7
1 1 2 2 8 41 16 3 32 12 10 1 23 6 11 2
12 4 7 7 5 9 0 6 10 12 12 0 0 3 3 19
1 4 24 4 23 0 0 4 3 3 4 1 9 5 12 13
2 11 7 5 16 10 9 1 9 11 2 16 5 6 8 11
4 0 7 1 13 25 7 2 9 4 5 0 23 0 13 3
14 9 11 9 10 24 26 3 4 3 2 4 4 5 5 19
7 5 2 0 10 9 0 1 7 0 13 11 3 4 6 11
6 17 14 11 15 1 5 2 1 20 0 9 5 21 12 5
8 12 2 0 1 16 3 5 5 10 10 18 28 4 16 1
26 3 7 6 1 0 0 5 4 2 12 17 5 13 1 38
4 19 1 12 5 8 5 29 7 18 5 7 6 4 3 2
