0 15 13 25 0 10 0 0 0 0 0 0 0 0 0 0
0 7 0 0 0 0 0 0 0 0 0 0 0 0 13 0
0 0 0 13 0 4 0 0 0 0 0 0 0 0 47 13
0 0 4 0 0 1 0 0 0 4 0 13 0 0 3 0
0 0 0 0 9 15 0 0 0 0 0 0 7 0 0 0
0 1 0 0 0 0 0 0 0 0 0 0 29 0 0 7
0 1 15 0 0 10 0 0 6 14 6 0 5 0 4 0
0 0 0 0 4 0 0 0 12 0 0 3 0 0 0 0
0 0 1 0 2 0 0 5 2 11 1 0 0 17 0 1
0 0 7 0 0 0 0 4 7 9 0 0 5 3 0 16
0 0 0 2 0 0 14 8 0 4 0 0 6 0 0 0
0 4 3 0 0 0 5 0 0 7 3 0 0 0 5 11
0 1 0 2 0 0 0 0 0 0 11 0 9 0 6 0
3 0 3 0 0 0 4 0 10 0 0 0 0 3 11 1
0 0 0 0 0 0 0 0 10 0 0 0 7 0 0 4
0 0 0 15 0 0 0 0 1 0 0 0 0 0 0 0
