0 0 0 2 0 6 0 0 0 0 10 0 0 0 0 0
1 0 8 7 0 0 0 7 0 1 0 10 0 1 20 19
0 0 0 1 0 3 0 0 0 0 0 0 29 8 2 2
0 0 0 0 0 0 0 0 19 0 16 0 15 17 2 0
0 23 2 7 0 3 0 25 2 4 0 0 6 0 18 22
0 10 0 11 2 4 0 0 0 0 7 0 10 0 0 10
7 0 13 6 0 7 0 7 0 26 10 5 16 19 4 0
1 12 8 2 0 0 0 0 0 0 11 0 0 2 4 16
0 0 5 0 2 13 0 0 5 12 0 0 0 0 0 17
0 3 9 0 0 0 7 1 0 14 0 0 6 6 4 0
24 0 0 4 0 0 14 9 0 0 0 0 0 1 0 0
0 33 5 0 0 7 0 12 9 13 0 16 0 0 0 1
0 2 13 6 1 1 7 0 5 0 0 0 16 0 10 2
9 0 0 0 0 4 1 3 0 0 7 6 0 18 0 9
3 0 0 0 0 2 29 8 3 0 0 0 0 6 0 6
0 9 0 10 0 8 13 0 0 0 0 0 0 0 15 5
