8 9 26 3 23 16 0 22 9 15 27 28 7 16 25 72
1 3 25 5 10 8 25 18 0 7 9 27 3 42 34 13
17 13 17 40 14 30 16 34 21 12 0 13 6 10 36 18
3 3 37 11 8 11 3 19 5 5 1 10 2 16 21 24
6 17 6 11 15 3 25 28 19 9 13 27 5 9 1 16
5 28 9 0 21 3 22 37 1 7 6 4 18 2 27 12
3 19 7 4 16 3 4 1 6 33 10 2 8 1 7 18
3 28 10 13 20 9 25 8 2 6 15 3 7 5 26 0
16 18 8 4 2 3 4 18 9 3 32 15 11 8 4 28
3 19 25 7 6 8 16 7 37 1 7 7 2 1 29 13
21 9 77 10 13 9 9 8 38 6 5 19 30 19 14 22
8 3 3 2 4 3 14 10 34 2 24 13 21 23 6 2
11 7 13 23 15 16 21 8 34 5 0 10 13 4 39 4
33 6 7 36 15 28 4 2 15 21 10 5 9 22 56 7
2 7 12 4 10 6 7 1 4 4 29 21 11 35 12 0
6 33 3 8 4 5 1 15 3 3 8 17 33 12 2 9
