6 7 4 4 4 21 6 4 1 8 3 5 4 8 0 13
4 9 10 6 9 11 10 15 18 17 3 2 14 13 13 13
8 3 6 1 0 5 2 17 2 5 12 7 9 7 10 2
11 30 33 6 2 5 13 6 11 19 21 6 2 0 3 13
1 25 14 1 6 11 7 13 0 16 6 9 5 2 1 3
0 3 2 3 6 5 6 14 2 5 2 11 3 8 1 1
4 7 3 0 10 6 3 4 3 1 1 2 4 2 10 0
7 1 25 4 19 19 3 4 2 8 11 7 12 8 9 5
4 13 1 14 7 22 14 14 5 9 2 13 6 7 5 4
7 8 3 12 4 11 4 3 5 9 2 2 2 2 9 4
5 0 5 1 2 3 11 0 3 1 7 2 2 4 10 0
1 13 0 2 5 1 6 3 3 3 14 2 7 2 4 1
4 3 3 3 0 1 11 5 1 0 8 11 5 1 6 7
5 2 2 2 5 1 7 1 11 1 6 10 3 2 5 4
3 13 6 8 5 4 4 2 9 4 6 3 4 5 6 7
1 7 1 2 1 3 2 1 8 1 6 1 1 5 11 1
