0 0 5 0 0 5 8 13 0 18 0 22 5 18 0 0
13 4 10 6 9 2 14 32 6 5 9 18 4 3 20 4
1 1 16 10 4 3 5 1 1 6 10 1 9 9 1 3
6 1 17 10 0 7 2 6 8 29 30 15 13 2 10 0
11 16 0 8 1 3 5 2 11 6 11 8 16 17 12 2
7 17 4 8 12 19 0 1 7 33 1 12 15 12 0 24
0 11 0 22 15 4 0 0 7 42 1 25 4 21 2 4
0 4 5 0 4 1 0 9 1 0 31 5 10 8 1 22
0 0 9 0 16 0 29 8 6 0 16 7 2 0 2 10
18 9 0 0 11 0 29 29 6 21 23 4 1 17 4 0
0 0 15 13 0 4 21 6 21 2 0 10 50 8 5 5
10 3 17 6 19 0 0 1 6 6 21 4 27 1 0 25
14 10 0 8 14 0 3 20 27 14 14 21 0 0 24 26
2 5 6 27 2 0 0 20 30 13 0 9 5 4 20 0
3 14 9 8 13 8 0 14 5 20 0 8 0 2 0 8
0 0 8 9 10 56 8 0 33 9 9 20 0 20 0 22
