7 0 10 1 3 5 0 1 17 0 13 19 1 3 2 3
0 0 7 6 0 7 11 1 2 0 0 0 0 0 1 10
9 0 9 0 6 7 15 8 0 17 3 0 0 4 4 5
7 7 0 0 9 12 2 24 16 7 10 0 0 2 15 20
10 5 12 0 0 19 0 7 0 20 14 8 10 12 0 15
4 1 6 7 0 0 7 8 0 7 8 2 9 2 15 11
0 0 0 0 6 2 1 13 0 15 11 0 0 1 15 18
2 13 1 0 0 14 0 0 19 5 9 1 1 6 0 0
0 0 15 0 1 0 5 4 0 1 27 4 14 0 3 3
5 0 17 0 2 13 2 0 5 11 0 22 21 9 11 6
14 0 1 4 0 3 0 1 10 0 0 10 3 8 8 2
11 13 14 0 0 0 1 0 0 21 4 8 7 11 2 7
20 0 0 0 3 0 10 0 5 0 24 13 8 0 10 3
2 11 37 1 0 0 8 22 0 4 4 13 9 0 0 0
0 8 0 0 0 13 0 5 7 0 10 0 3 7 11 0
29 0 3 0 0 2 9 5 0 7 0 2 7 4 0 10
