0 0 10 7 1 0 0 0 0 0 0 0 0 0 0 0
2 0 0 0 0 0 7 0 6 0 0 0 0 4 0 0
1 0 8 3 0 11 3 0 0 0 3 0 0 1 9 0
0 0 0 0 0 2 0 0 0 1 0 3 0 0 2 0
0 0 0 0 0 11 6 4 3 0 0 0 6 0 0 0
0 3 0 1 0 0 0 0 0 0 0 0 9 0 0 19
0 5 9 0 0 4 0 0 2 8 6 0 8 9 2 0
0 0 0 0 0 0 0 0 7 0 0 0 0 4 3 3
0 0 9 0 5 0 0 0 2 3 6 0 1 5 0 4
0 0 15 0 0 4 0 0 9 2 1 0 0 0 0 7
0 0 0 0 0 0 9 4 0 10 0 0 0 0 0 0
0 0 3 1 6 7 5 0 0 0 15 0 4 0 0 0
0 0 0 13 0 0 0 0 2 0 5 1 1 0 7 2
12 0 5 0 6 0 0 0 0 0 20 0 2 0 1 0
9 0 0 0 5 0 0 0 0 0 3 0 12 0 0 0
6 0 0 18 0 3 0 1 18 0 0 0 0 0 0 0
