0 0 31 19 35 25 19 44 0 0 23 7 47 1 70 94
38 0 0 11 2 0 0 64 63 19 5 0 4 5 88 5
34 27 28 77 34 62 9 3 15 32 0 0 46 67 22 20
10 0 0 0 0 0 0 25 33 60 0 0 5 28 55 7
13 0 0 16 0 5 23 0 26 23 53 0 0 1 0 4
0 25 34 18 30 0 1 9 0 32 9 40 23 8 0 19
0 0 0 0 15 12 0 9 0 4 41 89 0 16 0 5
6 48 29 0 8 0 0 33 0 0 11 13 8 36 17 8
0 11 32 3 64 7 127 39 41 0 2 0 0 0 47 89
0 45 8 0 89 0 2 0 34 0 23 19 0 25 31 0
6 4 17 3 41 0 12 68 20 4 0 21 29 53 15 23
53 54 0 0 28 1 23 0 36 48 65 46 48 7 0 6
0 16 0 0 30 0 0 0 12 38 13 13 0 0 0 0
0 21 47 18 1 9 0 14 50 4 0 0 7 10 8 0
3 0 14 120 63 41 12 20 36 70 0 68 0 0 0 0
31 0 22 0 0 3 18 0 127 74 25 13 0 2 41 23
