15 16 0 0 0 0 12 3 0 0 4 2 0 0 0 0
0 0 6 0 0 13 0 0 4 0 0 0 2 0 0 0
6 2 10 3 10 0 0 0 0 5 0 10 7 6 0 0
9 4 6 12 6 0 6 0 41 0 1 3 18 12 3 0
0 2 3 5 0 0 47 0 0 0 0 0 1 5 0 0
0 4 0 8 0 0 0 2 0 0 11 2 34 0 0 0
0 0 0 0 1 7 13 0 0 0 0 0 0 0 6 7
2 0 14 0 79 7 0 3 5 18 19 0 3 10 6 19
0 7 0 1 12 0 3 12 0 8 0 0 3 0 0 7
4 0 0 4 0 0 2 0 3 0 2 0 6 0 0 0
0 7 5 0 0 0 6 44 0 0 0 0 19 0 0 22
0 0 0 2 0 0 0 0 0 0 0 0 0 18 1 0
8 6 20 0 0 3 7 5 0 6 0 15 0 8 0 0
0 2 0 0 42 0 0 0 0 0 3 0 0 9 9 7
1 0 1 1 0 0 4 2 5 0 3 10 0 0 23 20
5 17 0 9 1 10 2 3 0 4 0 0 0 0 2 0
