0 26 12 0 0 24 32 25 4 30 0 0 47 8 0 22
35 8 3 0 0 5 20 18 23 0 4 19 20 26 6 15
8 26 0 0 19 0 13 7 2 5 0 0 0 0 47 22
6 18 14 0 31 7 0 35 36 0 0 49 0 0 6 0
0 17 15 0 0 27 20 15 0 30 0 10 2 2 0 18
24 12 0 0 0 7 0 19 15 0 0 27 13 12 12 4
0 7 0 0 13 0 25 0 0 0 7 0 0 0 25 38
0 23 3 0 32 1 0 35 37 0 0 0 0 0 0 0
0 8 0 0 0 30 38 11 0 27 0 2 31 9 0 22
21 3 0 0 0 12 0 14 14 0 0 23 9 11 3 17
0 15 0 0 17 0 30 6 4 0 2 0 0 0 33 45
0 34 0 0 28 9 0 41 36 0 0 0 0 0 0 0
0 24 13 0 0 27 30 21 0 22 0 0 18 10 0 25
31 3 0 0 0 1 0 4 16 0 0 20 14 18 6 9
0 9 0 0 18 0 23 5 6 0 4 0 0 0 22 39
0 30 0 0 35 10 0 30 41 0 0 0 0 0 0 0
