1 0 2 28 14 14 0 0 6 0 7 27 0 24 0 8
0 0 0 10 0 0 0 10 0 0 18 0 9 0 10 0
0 10 0 0 0 0 11 0 0 0 0 0 0 0 0 0
15 23 6 0 5 10 4 0 0 9 0 4 7 12 0 0
0 6 0 10 7 18 2 0 2 9 28 0 9 3 1 5
0 0 0 1 0 6 0 0 0 0 0 13 0 0 0 0
0 1 2 18 5 26 7 0 34 0 4 0 0 0 0 0
0 1 0 0 0 0 0 6 0 0 5 0 0 3 6 0
0 16 0 3 1 6 14 0 4 0 0 0 14 0 0 0
0 8 0 0 1 3 0 4 17 0 0 7 8 0 4 0
0 17 0 0 0 0 0 9 0 0 0 4 12 9 7 13
0 8 0 0 0 0 0 0 6 0 31 0 0 0 0 5
0 0 2 0 6 0 0 6 0 0 8 1 0 0 8 17
5 0 13 0 3 0 8 0 14 0 0 3 0 0 0 0
0 0 1 0 5 15 0 0 0 5 6 2 16 10 1 2
11 15 0 0 16 0 10 0 0 0 8 0 0 0 14 3
