4 0 0 2 1 0 1 0 0 0 0 0 0 0 0 0
2 0 0 3 0 0 0 10 1 0 0 0 0 3 0 5
0 10 3 0 10 8 0 4 0 0 0 1 0 0 0 17
2 0 0 9 0 0 0 0 0 0 0 0 3 8 0 5
1 0 0 2 0 2 0 0 0 4 0 12 1 6 0 2
0 11 0 0 0 3 0 0 0 0 0 0 0 0 0 6
0 0 0 0 3 0 0 0 6 1 3 0 0 0 0 0
0 0 0 5 2 0 5 0 2 0 13 0 3 3 0 6
3 2 0 0 0 0 0 6 0 0 5 0 0 0 2 0
3 3 0 3 0 0 0 2 3 0 0 0 0 0 0 0
0 0 0 0 1 0 0 5 3 0 0 7 0 10 5 0
5 10 0 13 5 0 0 0 0 0 0 0 0 0 0 0
0 0 0 0 0 0 9 0 2 0 2 0 3 0 0 0
0 8 3 0 7 8 0 3 0 2 0 2 0 0 9 0
0 14 0 0 0 0 0 0 0 0 0 2 0 0 0 0
0 0 2 0 0 0 0 0 1 2 0 0 0 0 2 0
