0 13 6 16 0 37 0 0 5 15 0 37 9 12 2 32
4 3 0 1 67 0 10 0 20 16 0 2 0 5 4 16
2 0 0 0 4 14 0 0 19 4 19 0 14 0 8 4
23 8 7 17 12 13 23 0 14 5 30 0 0 3 10 18
1 8 7 7 0 36 0 0 3 15 0 38 13 12 7 35
8 4 0 3 74 0 12 0 11 9 3 3 0 4 0 14
0 0 0 0 0 13 0 0 6 2 19 0 12 0 2 6
24 7 4 22 11 0 19 4 12 7 0 0 0 3 11 17
1 9 8 10 0 37 1 0 3 14 0 36 13 12 6 37
10 5 0 3 76 0 14 0 10 13 4 3 0 5 0 14
0 0 0 0 0 11 0 0 6 2 19 1 11 0 1 7
24 10 6 24 9 0 20 8 13 3 0 0 0 5 11 18
4 8 4 11 0 37 3 0 3 13 0 38 13 11 7 38
10 5 0 3 78 0 16 0 5 15 7 3 0 3 0 15
0 0 0 0 0 11 0 0 12 3 22 1 12 0 4 7
27 10 4 22 11 0 19 8 13 6 0 0 0 5 11 17
