6 8 0 0 2 8 16 1 0 12 3 3 2 0 0 4
8 5 0 0 0 0 0 0 6 0 10 0 0 1 1 1
0 7 8 4 0 0 1 0 6 4 0 1 21 0 12 0
9 6 6 1 3 15 5 0 12 0 9 4 0 18 3 0
0 2 0 18 6 0 11 0 0 0 0 0 5 4 4 18
0 0 0 0 0 0 2 0 0 4 7 13 9 0 6 0
0 2 7 5 1 0 2 0 3 0 0 0 0 3 0 16
7 1 6 1 17 7 3 0 6 20 3 9 4 0 0 3
0 8 5 2 7 1 0 8 0 8 0 0 0 1 3 0
5 0 3 15 0 2 0 0 0 0 0 32 14 0 0 0
0 0 6 0 0 0 0 14 21 0 9 0 11 0 0 0
0 4 7 5 0 1 0 8 0 0 0 2 2 19 0 0
16 1 11 5 0 6 4 11 0 1 10 21 3 0 1 0
0 3 0 0 15 1 4 0 6 0 4 0 1 3 3 6
12 0 1 1 0 32 0 6 7 1 4 0 0 7 7 8
0 31 0 4 4 19 2 6 0 8 0 4 0 0 15 3
