0 0 0 1 18 0 0 18 0 12 0 9 0 6 24 11
0 14 11 0 1 24 0 0 0 0 0 46 0 13 23 20
0 0 26 0 0 0 0 7 2 0 0 19 0 16 34 14
0 12 6 0 0 9 0 0 8 0 0 0 25 0 27 0
0 4 0 5 27 0 0 20 0 45 0 11 0 0 9 0
0 0 0 6 0 72 0 0 26 1 12 0 0 13 49 4
0 11 0 27 1 23 13 3 17 0 0 18 19 14 20 15
0 1 0 0 8 2 9 0 0 0 6 0 0 0 0 5
0 11 5 5 0 3 27 11 12 37 4 0 7 7 0 9
0 11 0 0 13 22 0 0 0 0 0 0 0 2 3 0
13 0 0 0 0 37 0 2 11 7 0 0 6 0 30 0
0 0 4 0 5 0 12 0 0 9 0 18 8 8 10 0
4 0 0 3 10 15 0 3 5 0 24 0 15 0 0 0
7 0 0 0 0 2 0 6 0 0 3 0 0 0 3 6
0 0 17 9 0 0 0 4 0 14 6 18 8 0 13 2
0 0 0 0 0 2 6 10 1 16 0 20 23 0 11 0
