0 21 33 14 0 8 33 110 0 15 0 32 4 7 43 4
36 14 18 37 0 0 8 1 32 6 19 28 11 4 3 0
5 35 24 37 37 31 52 4 18 26 28 23 0 33 4 11
55 3 0 36 0 16 0 28 17 27 56 28 42 41 29 0
15 3 3 11 3 46 0 5 9 25 54 40 11 1 67 25
12 34 33 23 76 33 0 4 6 52 12 19 62 18 0 31
0 0 0 24 9 18 0 0 22 80 16 23 31 56 51 17
0 5 52 0 27 22 0 46 3 0 0 43 13 30 9 13
0 25 12 0 63 3 0 20 27 0 27 14 0 22 0 22
17 25 0 0 66 0 29 16 14 0 26 25 0 17 52 0
0 6 26 0 33 36 38 48 50 30 0 26 48 59 0 0
27 44 6 8 38 0 34 24 31 64 63 39 127 6 0 22
0 11 0 11 45 0 3 27 14 55 54 40 0 0 2 32
0 36 10 37 11 0 1 20 33 0 5 0 32 61 56 0
26 25 20 16 18 8 7 22 14 40 0 39 1 5 0 17
0 0 11 23 33 99 60 0 97 3 0 21 0 13 43 18
