0 9 32 17 0 2 0 10 8 18 4 0 0 0 9 30
0 0 0 5 0 18 86 24 24 3 9 33 1 0 0 22
3 15 1 3 0 0 0 0 2 0 27 0 4 18 14 0
19 2 9 0 0 0 0 11 7 24 0 3 2 13 0 7
72 10 55 25 0 0 102 0 0 16 6 9 39 30 14 17
0 19 17 15 0 0 14 0 0 1 0 14 0 112 8 12
57 0 10 0 0 0 0 14 1 0 32 15 29 27 38 0
3 0 3 0 1 6 6 52 1 38 0 0 6 25 0 6
0 0 7 12 5 4 7 39 41 13 14 0 0 0 22 22
0 0 0 24 0 16 33 87 0 0 19 1 92 15 0 28
12 82 0 0 0 0 20 2 0 0 31 21 7 19 7 0
4 12 0 0 0 0 20 9 0 31 0 0 19 0 22 15
0 0 9 0 11 23 61 0 0 5 0 25 81 4 23 2
4 26 45 25 3 9 14 0 0 0 0 1 3 31 24 18
0 0 3 8 25 0 5 39 2 0 20 23 0 0 7 40
4 35 33 2 0 0 4 0 4 12 0 0 33 25 7 1
