0 16 0 0 0 0 0 0 0 0 0 0 21 0 0 0
0 0 0 0 0 0 0 0 0 0 0 0 0 0 0 0
0 0 0 0 0 0 0 0 0 0 0 0 0 0 0 0
0 0 0 0 0 0 0 0 0 0 0 0 0 0 0 0
0 3 0 0 0 0 0 0 0 0 0 0 0 0 0 0
0 0 13 0 0 0 0 0 0 0 0 0 0 1 0 0
0 0 0 0 0 0 1 0 0 0 0 0 0 0 0 2
20 0 0 31 0 0 0 0 0 0 0 0 32 0 0 0
0 0 0 0 27 0 0 0 0 0 0 0 4 0 0 0
0 0 6 0 1 0 0 0 0 0 0 3 29 0 0 0
0 0 0 0 0 0 0 0 0 0 0 0 0 0 0 0
0 0 0 7 0 0 0 0 0 14 11 0 1 0 0 0
0 0 0 0 0 0 0 0 0 0 11 0 0 0 0 0
0 0 1 0 4 0 0 0 3 3 0 0 0 0 0 0
0 0 0 0 0 0 7 0 0 0 0 0 0 0 0 0
0 0 0 0 0 0 0 0 0 0 0 0 0 0 0 20
