0 0 9 28 14 9 0 0 6 0 9 77 0 24 0 9
0 0 0 10 0 0 13 10 0 0 18 0 8 0 10 0
0 3 0 0 0 12 20 0 0 0 0 0 0 0 0 0
15 23 6 3 8 10 13 0 0 4 0 2 7 12 0 0
4 0 0 0 7 18 2 0 2 6 3 2 9 3 1 5
0 0 0 3 0 6 0 0 0 26 0 12 0 0 0 0
0 0 5 13 4 8 5 0 19 0 3 0 0 0 8 0
0 12 0 0 0 0 0 6 0 0 5 2 0 10 0 1
0 5 0 5 0 6 33 7 12 8 0 0 1 2 0 0
0 0 0 0 22 3 0 9 17 0 0 7 0 0 5 0
9 17 3 0 0 0 0 3 0 0 7 4 27 0 7 0
0 8 0 0 0 0 0 0 4 0 31 12 0 0 0 5
0 0 0 0 6 9 0 11 0 0 8 1 0 0 0 10
7 0 18 0 3 0 8 0 5 2 0 10 1 0 6 0
0 0 1 0 5 15 0 5 0 4 6 13 5 6 1 2
11 15 16 0 28 0 10 0 13 0 17 0 17 0 12 0
