0 0 1 0 0 0 15 4 0 0 4 0 8 2 0 0
6 0 16 0 0 3 3 0 0 2 0 13 0 1 9 0
0 2 10 14 0 0 0 0 0 3 0 0 0 0 0 0
0 0 0 19 0 7 0 0 2 0 0 0 0 0 12 0
2 0 0 0 0 0 3 0 3 0 0 0 0 0 0 0
0 0 0 0 0 0 0 0 0 13 0 0 9 0 0 2
0 0 0 0 3 0 0 0 0 0 21 2 0 0 13 0
4 6 0 0 0 0 6 10 5 7 0 0 0 0 0 0
0 9 0 0 3 0 0 2 0 7 2 0 0 0 8 0
0 7 20 0 0 0 0 1 0 9 10 0 2 0 0 0
16 0 0 0 0 0 0 7 0 0 6 0 0 7 19 0
0 5 0 0 0 9 0 0 0 0 0 0 0 0 6 0
0 0 0 0 0 0 0 0 2 0 10 6 16 3 0 13
0 0 0 10 8 0 0 0 0 0 0 11 0 2 0 7
0 0 0 0 0 0 0 0 1 3 4 6 2 8 1 0
0 0 0 5 7 0 6 0 0 9 0 0 0 0 0 0
