0 3 0 0 0 8 1 5 0 5 0 11 8 0 0 16
0 12 0 13 0 2 8 0 11 3 8 4 0 0 0 3
0 1 0 0 0 3 0 10 6 0 0 6 1 2 8 1
4 0 0 7 0 2 0 0 4 1 0 2 0 4 0 0
4 14 14 1 7 0 9 3 14 7 0 0 0 0 3 14
0 4 0 6 0 5 3 0 0 4 12 17 3 0 33 0
15 5 16 3 8 21 11 17 1 0 0 0 0 0 0 23
6 4 6 17 4 1 2 6 2 1 8 0 0 5 26 5
0 4 1 0 0 5 9 15 0 0 7 1 0 0 1 8
4 0 3 4 0 0 0 0 6 0 10 10 0 1 0 2
0 0 14 0 0 0 0 15 3 8 10 7 2 0 9 0
1 0 0 0 0 0 0 0 32 0 4 0 2 17 9 16
8 0 12 0 4 0 1 0 0 5 8 11 35 6 0 3
0 0 9 0 1 0 0 7 0 0 7 0 0 1 9 0
1 11 0 7 0 32 0 10 0 2 0 1 11 1 5 3
14 3 0 0 4 3 0 0 7 0 0 5 0 11 5 7
