0 3 4 14 5 0 1 0 0 0 0 0 0 0 0 10
0 0 0 0 1 18 5 8 0 0 0 0 0 0 8 0
3 3 0 17 2 0 0 0 0 0 16 0 0 0 2 0
0 0 0 0 4 0 0 0 0 0 0 0 19 10 0 0
0 18 0 0 8 0 4 0 6 7 0 0 0 0 24 0
10 0 5 0 0 0 0 0 0 0 24 0 9 0 0 19
0 0 3 12 0 0 0 0 0 0 0 0 0 3 0 10
0 4 0 0 21 0 0 0 0 0 0 0 0 0 0 24
5 2 6 0 6 0 0 11 0 0 0 7 0 0 0 0
6 36 0 0 0 5 2 0 0 0 6 0 0 0 0 1
0 0 0 0 0 0 0 0 14 0 12 0 1 0 0 5
0 5 5 11 0 0 0 0 0 0 2 0 0 0 0 0
4 0 0 0 6 1 0 0 0 0 13 0 0 0 0 0
0 7 4 5 4 0 0 1 2 3 6 0 0 9 6 0
0 6 0 0 8 8 30 5 0 0 6 0 0 9 0 0
0 0 0 7 6 0 0 0 0 0 2 0 0 9 1 1
