-3 -3 2 -2 11 1 7 -1 -8 4 -1 2 2 3 4 -11
-1 7 4 -10 -4 8 8 3 -2 -8 -6 6 9 -5 5 8
0 7 -16 4 -7 8 -5 4 2 -18 0 3 0 7 20 -2
-11 -7 -1 -10 -1 2 7 -7 3 -6 -2 -10 -7 -2 6 -7
-1 -20 -4 -6 11 -12 -15 3 -9 5 1 -3 -5 1 7 -14
6 -27 0 5 -9 41 -19 -3 11 9 -6 -3 4 -2 -5 -10
-3 8 -5 -15 -15 -18 3 -2 0 -10 -10 9 7 1 2 4
-1 0 -8 -9 -3 -1 8 0 5 -14 15 -5 3 -1 0 1
10 2 -5 -5 -18 -7 2 1 0 10 1 -35 -3 -4 -11 -15
-9 6 -4 0 4 10 -9 -8 -2 -6 -7 -1 -4 4 -12 -2
2 6 -11 0 -10 1 4 -1 1 -3 -1 -4 -7 -13 -1 -18
-8 -4 -6 -2 -4 -8 8 -11 -8 5 -4 8 -2 -5 -1 -4
-2 2 3 14 14 2 -4 5 7 4 2 -11 -2 -32 4 -2
0 3 -16 7 4 5 -12 4 1 -6 16 -11 -3 -4 0 3
-5 -12 -5 -4 4 2 -6 -8 -15 -4 0 8 1 -2 8 -12
-14 -10 -7 0 2 -1 1 6 -4 4 -4 4 -2 1 9 0
