0 0 3 0 0 0 1 0 4 0 5 0 0 3 21 0
6 7 0 3 18 0 0 19 0 10 0 15 0 0 0 0
0 0 0 0 0 0 2 0 1 0 2 16 3 1 2 0
5 0 0 6 4 17 19 5 0 0 0 2 0 2 0 14
17 0 0 0 0 0 0 0 0 0 1 0 0 0 0 2
0 12 0 0 0 0 0 2 0 0 0 0 0 0 12 0
16 0 0 0 0 14 4 0 0 0 0 0 0 14 0 0
2 0 0 0 0 0 0 1 0 6 0 0 14 0 0 6
10 0 0 19 25 0 33 0 0 3 5 19 0 0 0 0
0 0 8 0 5 9 0 0 12 0 0 0 0 4 0 0
13 0 5 0 4 13 10 0 0 0 3 9 5 2 0 0
0 0 0 0 0 8 0 0 11 0 21 0 0 8 0 0
0 0 3 0 0 0 7 0 1 0 0 0 16 0 0 0
7 0 0 0 0 0 1 9 0 0 0 0 0 0 0 0
0 0 0 46 0 0 15 0 17 14 0 0 0 6 0 12
0 0 0 0 0 5 8 0 7 12 0 0 0 0 0 0
