0 0 0 0 2 0 1 0 0 1 0 0 4 8 1 5
0 4 0 0 0 0 5 0 7 0 3 0 0 0 0 0
0 1 0 0 0 0 0 0 0 2 1 0 0 0 0 5
4 5 0 0 0 7 0 0 0 0 0 0 0 0 0 6
5 2 0 3 0 0 0 6 0 0 1 5 0 0 0 0
0 0 2 0 0 0 0 0 0 0 0 0 0 2 0 0
0 0 0 0 0 1 2 0 0 0 1 0 0 0 1 0
4 0 0 2 0 0 0 0 1 0 1 3 0 0 0 1
0 0 0 0 0 0 0 0 5 0 0 8 6 0 0 0
0 4 3 0 0 0 0 1 5 2 0 0 0 1 0 0
0 0 0 0 0 0 0 1 0 2 1 2 0 0 0 1
0 0 0 0 0 5 0 0 0 0 4 0 0 4 0 1
4 0 0 0 4 0 0 0 3 1 3 5 0 0 0 0
0 0 0 5 0 0 0 0 0 0 3 4 10 0 0 0
0 0 0 0 0 13 0 0 0 0 0 1 2 1 6 0
0 0 0 0 3 0 1 3 6 1 2 0 0 0 0 5
