0 45 8 3 0 17 8 26 0 10 0 16 16 17 3 7
15 12 0 34 1 0 5 0 3 3 16 16 3 1 12 17
1 4 9 12 21 22 40 2 2 1 4 7 24 12 6 4
45 1 0 17 0 1 2 31 26 8 32 35 31 7 39 0
23 10 0 20 1 6 0 28 19 48 24 7 27 9 35 19
1 0 5 29 8 9 0 7 9 48 2 29 39 5 0 37
0 2 0 9 2 5 0 0 4 4 3 81 15 6 19 13
53 14 39 0 6 1 0 22 56 0 0 15 10 22 6 21
0 36 13 0 11 1 12 23 27 0 7 0 22 9 31 46
20 17 0 53 58 0 44 0 24 4 17 24 8 6 48 0
0 0 34 12 79 44 39 87 9 4 0 11 2 1 10 4
4 1 22 16 4 0 9 15 8 4 6 11 69 1 0 15
21 10 30 24 23 18 3 10 39 37 8 22 0 0 22 2
7 19 12 8 8 0 0 19 35 35 33 2 18 30 36 0
0 14 7 15 13 8 12 1 17 35 0 1 0 6 0 0
0 0 2 15 27 48 28 2 28 1 9 7 0 14 1 10
