0 50 38 0 0 32 28 119 0 20 0 39 7 7 66 0
40 18 14 36 13 2 20 31 27 7 36 34 6 16 28 0
4 38 10 62 36 27 36 4 18 27 29 9 0 40 13 5
50 1 0 20 0 11 1 38 18 25 40 35 38 32 26 15
11 26 3 0 16 34 0 11 32 39 45 24 6 15 60 21
8 5 55 32 43 29 0 2 5 60 15 21 63 18 0 28
0 0 0 20 27 13 0 0 40 34 26 45 21 62 41 12
0 9 31 0 29 21 0 55 6 0 17 12 18 13 29 16
0 27 3 0 58 2 0 15 34 0 26 35 16 1 6 14
22 41 0 0 62 0 25 28 22 4 31 10 0 1 41 0
0 6 33 0 82 25 11 55 7 21 0 18 21 51 11 0
28 64 14 29 34 0 31 27 31 54 63 39 127 5 0 15
0 14 4 18 28 0 4 25 23 70 35 47 0 6 23 33
20 29 19 31 5 0 0 27 23 0 0 29 22 41 61 0
25 23 36 26 13 29 0 15 25 12 0 30 1 12 0 1
0 0 14 12 23 47 61 0 84 0 0 3 0 19 43 24
