0 0 0 0 5 0 0 0 0 0 0 0 6 2 0 6
0 4 0 0 0 0 0 0 0 0 6 0 0 0 0 0
0 4 5 0 0 0 0 0 0 1 19 1 0 0 0 12
0 0 8 0 0 3 0 0 0 1 0 0 0 0 0 0
6 27 0 9 0 0 0 0 0 0 7 0 0 0 4 0
0 0 0 0 0 0 0 0 2 0 0 0 0 0 3 0
0 0 0 0 0 0 4 0 0 0 0 0 0 0 6 4
0 0 0 3 0 0 0 0 6 0 5 0 0 0 0 0
0 0 0 0 0 0 0 0 6 6 0 3 0 0 0 0
0 2 7 0 0 0 0 0 1 0 0 0 0 1 0 0
0 0 0 0 0 0 0 0 0 0 0 0 0 0 0 0
0 0 0 0 0 9 0 0 0 0 0 0 0 6 6 0
9 0 0 0 0 0 0 0 0 0 3 3 1 0 0 1
1 2 0 0 0 0 0 0 0 0 0 2 6 0 0 0
1 0 0 0 0 0 0 0 0 0 5 0 2 0 0 0
0 0 0 0 0 0 0 0 0 0 0 0 0 0 0 8
