32 37 26 0 28 0 20 0 0 0 0 0 0 40 0 0
0 8 0 0 0 0 1 0 20 14 0 0 0 0 0 0
0 0 0 12 24 0 0 0 0 6 0 38 0 0 0 19
0 8 5 0 0 53 5 20 0 14 0 14 4 0 25 10
13 36 22 0 63 0 0 29 0 0 0 13 0 26 1 0
6 14 0 0 0 0 0 0 36 10 0 0 0 0 0 0
0 0 0 0 19 0 0 0 0 1 0 27 0 0 12 0
0 26 2 0 6 22 0 38 17 0 1 0 0 0 17 26
18 32 17 0 11 0 0 36 0 0 0 19 0 25 0 0
0 25 0 0 6 0 0 0 2 30 0 0 0 19 12 4
0 2 16 8 25 0 0 0 0 3 0 25 0 0 2 31
0 0 0 0 13 9 0 31 27 0 17 15 0 0 29 0
24 28 29 0 36 0 0 43 0 0 0 0 0 21 18 3
21 0 0 0 20 0 6 0 48 4 0 0 0 26 0 0
0 13 0 14 21 4 0 0 0 0 0 29 0 0 3 16
0 1 0 12 0 45 0 44 27 4 16 32 0 0 26 14
