0 35 13 1 0 0 8 27 1 0 0 14 31 0 0 24
0 23 0 10 0 11 12 10 10 3 14 0 0 2 6 6
5 1 7 0 0 14 0 5 22 0 12 27 21 18 1 0
20 0 0 2 22 12 0 0 10 0 0 0 2 2 0 18
1 1 10 6 5 0 2 0 0 7 0 0 7 6 11 18
5 21 0 9 0 14 8 0 0 0 18 4 9 0 50 0
9 0 18 6 0 22 19 14 18 0 0 0 0 0 0 13
3 2 12 12 0 0 8 0 0 4 4 0 0 0 12 10
0 5 6 0 0 11 15 12 0 2 0 0 0 0 8 18
0 10 1 8 1 0 0 0 22 0 23 7 0 0 0 0
1 0 13 0 5 0 0 15 20 4 10 0 2 0 3 2
3 1 0 1 2 0 0 1 26 0 8 0 42 31 1 24
4 17 9 0 1 11 0 0 0 9 0 0 24 3 0 0
0 3 4 2 4 12 3 2 6 14 0 0 2 0 6 0
16 12 0 10 0 13 0 0 0 0 3 11 0 6 2 9
11 26 0 0 9 4 7 0 2 2 2 24 25 3 21 7
