0 4 43 10 0 9 30 113 0 0 1 7 21 7 43 0
20 0 1 5 0 0 0 2 29 9 35 8 2 11 12 18
0 40 34 68 58 50 21 4 18 0 15 30 0 46 16 16
5 0 8 0 0 0 0 54 47 22 0 38 16 6 77 0
2 29 0 37 0 5 0 0 6 7 4 0 0 9 18 39
24 0 48 21 37 0 3 0 0 17 6 38 7 26 0 12
0 22 0 19 5 10 0 0 0 65 0 94 0 17 0 20
74 0 60 0 14 0 0 6 68 0 7 61 2 1 4 5
0 62 0 1 55 1 0 4 44 0 20 0 17 0 39 52
42 5 0 53 11 0 18 0 43 16 11 6 11 4 2 0
0 4 48 0 116 0 0 123 46 33 0 10 19 54 0 19
34 51 3 0 2 0 38 0 38 108 51 27 71 5 0 15
36 10 34 26 0 19 0 49 17 2 24 13 0 0 2 7
23 34 22 38 12 0 0 12 0 7 55 26 1 15 35 0
25 13 24 21 38 47 20 40 0 6 0 32 0 3 0 0
0 0 0 0 0 96 88 0 72 0 19 10 11 4 37 17
