6 0 0 22 54 20 13 0 0 0 36 0 39 19 5 1
16 9 0 0 0 0 4 0 14 0 1 27 1 0 0 0
10 0 0 4 0 0 0 0 3 2 7 0 13 12 0 0
0 0 0 0 0 0 0 5 3 0 9 0 0 0 3 0
0 0 0 0 9 14 0 24 0 18 39 0 0 4 0 6
32 0 0 9 42 0 2 4 0 10 6 0 35 0 16 9
7 6 0 0 0 9 30 0 8 14 0 9 10 0 0 25
1 12 0 1 0 0 0 7 10 19 0 0 0 4 0 0
11 0 0 23 0 7 12 12 12 0 0 0 21 8 0 0
16 10 9 0 10 3 8 0 0 2 0 5 0 15 0 3
0 0 0 2 4 0 0 0 0 16 10 13 1 0 0 0
2 0 0 0 1 20 4 2 7 0 0 0 0 0 5 18
11 2 0 0 9 0 27 6 0 9 10 0 0 2 0 5
0 0 8 8 25 0 3 2 0 0 32 2 0 12 10 0
8 0 0 0 0 12 0 0 4 3 5 36 7 0 0 1
0 0 0 0 4 7 0 7 40 7 28 0 3 4 0 1
