0 11 19 6 20 4 0 7 15 2 0 7 0 0 0 0
0 14 7 0 11 0 0 0 19 0 5 0 0 7 0 0
22 12 6 0 2 0 8 17 0 0 0 0 7 1 0 8
0 0 0 0 0 0 0 1 0 0 0 10 0 0 2 0
4 0 0 0 7 1 7 0 0 0 6 26 10 0 23 0
0 0 14 1 0 0 25 32 0 8 13 10 0 0 0 0
7 9 0 0 0 0 0 0 7 0 17 0 8 0 8 0
0 9 0 0 0 0 0 15 0 0 0 22 0 0 1 0
1 0 0 1 0 0 0 6 0 0 0 17 18 0 3 9
0 17 0 1 0 0 4 16 0 0 0 0 7 2 0 3
32 0 0 0 0 0 0 1 0 0 0 0 0 0 7 0
0 0 11 2 0 0 0 1 17 0 0 0 26 6 35 0
0 0 11 6 10 0 0 3 2 0 32 26 0 17 0 0
0 4 12 0 0 0 0 0 35 10 3 36 5 0 8 17
5 0 0 0 14 0 5 0 9 0 12 0 14 0 0 6
0 9 0 5 0 0 0 0 13 0 0 0 6 12 10 0
