0 0 0 0 0 0 0 3 0 0 0 0 0 0 0 0
0 0 0 0 0 8 0 0 0 14 2 0 0 2 0 0
0 0 0 0 0 0 0 0 0 12 0 0 7 0 0 5
0 0 7 10 0 0 30 0 0 0 0 6 0 0 0 0
0 0 0 0 0 19 0 0 0 0 3 0 0 0 0 0
0 0 0 0 0 0 0 0 0 19 0 0 0 0 0 0
0 0 0 0 2 0 0 0 0 0 0 0 0 0 0 0
0 0 18 5 0 0 0 0 0 0 19 0 0 0 0 0
0 0 0 0 20 0 0 0 0 0 0 0 12 0 0 0
0 0 0 0 21 0 0 2 0 0 0 0 0 0 0 0
0 0 0 0 0 10 0 0 0 0 0 0 4 0 2 0
0 0 0 0 0 0 0 4 0 0 0 0 0 0 0 0
0 0 0 0 0 0 1 5 0 0 0 0 0 0 0 0
0 0 52 0 0 0 10 0 0 0 0 0 0 0 0 0
0 0 0 0 0 0 0 0 0 3 0 0 0 6 4 0
0 0 0 30 0 0 4 0 0 0 0 0 0 0 0 0
