0 0 19 23 14 25 19 108 0 35 0 14 57 1 68 75
77 17 12 1 11 3 25 62 63 20 5 1 3 3 89 6
31 28 28 77 33 62 0 5 16 20 0 3 45 68 15 22
11 4 0 11 22 12 4 27 34 49 27 0 6 17 50 17
14 0 3 12 11 0 5 7 24 29 91 27 6 1 0 7
0 26 38 7 35 23 0 11 2 70 9 38 22 6 0 8
0 1 0 0 16 6 31 0 3 32 41 93 1 43 17 3
27 50 36 0 9 0 0 34 2 0 8 14 13 51 17 8
0 11 61 2 64 9 127 39 41 0 34 0 0 11 37 69
4 47 0 0 127 0 0 0 29 0 0 20 4 32 34 0
0 6 18 17 41 0 4 74 0 4 0 21 14 57 15 0
37 62 0 1 31 0 26 0 37 47 64 46 0 8 0 15
0 0 0 6 35 0 11 8 12 41 10 4 0 0 3 2
8 0 45 25 2 0 0 0 54 0 0 0 7 7 7 0
0 8 15 127 50 37 9 14 43 80 0 65 1 0 1 0
18 0 40 8 0 1 28 0 127 14 61 0 0 0 39 0
