0 1 0 0 18 7 0 0 0 0 8 46 0 0 0 42
0 0 0 1 0 0 0 0 0 0 0 0 0 1 5 0
0 7 0 0 0 9 34 0 10 0 0 0 0 0 0 0
0 8 0 2 21 3 14 0 0 2 8 5 2 17 0 0
0 1 11 0 9 0 0 0 0 0 9 0 0 2 0 3
0 0 0 0 7 0 0 0 0 0 0 0 0 0 0 0
0 0 0 0 5 16 0 0 41 0 15 0 0 0 9 0
0 0 0 0 0 0 0 0 1 0 12 0 1 11 0 0
0 4 0 0 4 0 2 0 0 15 4 0 3 0 0 0
0 0 0 0 3 0 0 0 0 0 0 0 8 0 18 0
0 0 0 0 0 0 0 0 0 0 10 0 29 0 13 0
0 0 0 0 1 0 0 0 0 0 0 2 0 6 0 0
0 0 0 0 0 0 0 0 0 0 0 0 0 0 0 5
0 0 5 0 4 9 0 0 16 0 5 10 0 0 0 0
0 0 0 0 0 0 0 0 0 0 0 13 1 0 0 0
0 7 0 0 1 0 0 0 0 0 15 0 7 0 15 0
