0 0 0 0 0 0 8 23 0 1 0 0 3 20 3 17
0 22 10 9 0 4 1 9 0 4 0 0 1 23 0 0
0 0 0 0 0 0 0 17 0 3 13 5 0 11 4 0
7 0 0 6 0 0 0 0 0 0 0 4 5 0 0 18
0 11 10 22 6 0 16 0 5 0 0 0 5 12 21 0
0 0 0 5 0 0 26 0 0 3 34 7 9 0 2 0
3 0 9 0 0 0 26 0 1 11 0 0 2 0 0 0
0 6 16 4 23 0 3 0 0 4 6 5 0 0 0 0
0 0 0 0 0 0 0 0 10 0 0 0 0 0 1 12
2 7 15 0 7 2 0 0 16 0 21 22 0 0 0 5
1 0 3 0 0 11 19 28 14 0 2 17 36 0 0 3
0 0 5 0 4 0 11 0 0 0 0 0 27 0 0 0
24 17 9 0 0 0 0 1 0 22 0 21 0 0 1 0
0 0 18 0 4 5 0 0 12 0 0 0 0 9 5 6
0 7 4 0 0 0 2 6 0 0 34 16 0 0 21 23
5 21 2 0 0 0 0 7 0 9 0 19 5 2 12 0
