19 10 4 0 10 0 0 0 0 0 0 14 0 0 0 0
0 0 5 0 8 0 0 0 0 0 12 0 0 11 0 1
5 1 0 10 0 0 0 3 0 10 0 0 0 0 0 2
0 0 0 11 0 0 0 0 0 0 0 0 6 0 2 8
0 0 14 0 0 0 0 0 0 0 8 0 11 0 0 0
0 3 10 6 5 0 8 0 0 4 0 0 4 5 0 2
3 14 2 0 18 0 4 0 9 15 0 8 13 10 0 0
0 0 0 0 0 4 0 0 4 8 2 9 0 0 0 1
0 24 0 0 0 8 10 0 0 2 9 0 0 0 0 1
1 0 0 25 0 0 13 0 3 0 0 0 5 0 0 0
3 8 10 3 0 0 11 1 0 11 7 0 0 0 2 0
0 0 18 0 0 13 0 0 0 0 0 0 0 17 3 0
11 2 1 9 0 0 0 0 0 1 8 0 0 0 0 10
0 0 5 0 0 0 1 1 0 0 0 0 0 11 5 1
0 4 4 0 0 0 0 0 4 7 0 0 0 0 0 0
0 0 0 5 0 0 14 0 0 0 0 9 16 0 2 0
