0 0 0 0 0 0 0 0 0 0 4 7 0 0 0 0
1 0 0 0 0 5 0 0 0 4 2 5 0 6 0 0
1 0 0 6 15 3 0 0 0 6 0 0 0 0 0 0
0 0 0 0 0 0 0 0 0 6 0 0 0 3 0 6
0 2 5 0 0 0 0 0 0 0 0 7 0 3 0 0
0 1 0 4 0 3 0 2 0 0 0 0 5 4 0 0
0 0 0 0 0 0 0 0 0 0 0 0 0 7 0 0
0 8 0 1 0 0 0 0 0 0 1 2 0 2 0 5
4 0 0 0 0 5 2 0 0 0 1 6 0 0 0 0
0 0 0 0 0 3 0 1 10 1 0 0 0 9 0 0
2 6 1 9 12 1 0 0 0 0 0 0 0 0 0 0
0 0 0 0 0 0 0 4 0 7 0 0 0 0 0 3
0 2 2 0 4 0 0 0 0 0 0 3 0 0 0 0
7 3 0 8 0 6 0 1 0 0 0 0 2 3 0 0
0 0 0 0 0 0 0 0 1 0 0 0 0 2 0 0
0 4 0 0 0 0 0 0 0 0 0 2 0 2 0 12
