0 4 0 1 8 0 7 18 0 6 1 1 4 13 1 11
0 19 4 0 9 25 1 4 1 0 0 18 11 15 11 4
1 0 26 31 0 0 0 9 5 0 0 23 3 13 10 6
0 8 12 0 11 8 16 0 13 0 0 2 25 0 4 10
0 3 0 2 22 0 0 2 4 22 7 13 14 19 3 1
0 0 0 4 0 50 0 3 26 6 14 2 51 18 28 0
0 8 1 8 0 25 15 2 9 0 1 2 9 13 20 2
4 11 10 0 11 0 4 4 11 1 25 0 0 0 5 8
0 10 0 1 0 9 6 1 1 7 12 1 5 0 0 0
0 4 1 4 3 16 9 0 0 0 0 0 0 14 0 0
12 13 0 0 0 25 11 0 0 0 0 0 3 1 23 0
0 0 7 0 1 6 2 3 0 10 0 13 1 7 3 0
1 0 6 23 9 12 0 4 4 0 5 2 1 0 1 9
9 8 0 3 0 7 0 6 0 0 9 0 7 0 1 11
0 5 14 9 0 0 0 7 0 0 11 11 3 2 0 8
0 0 1 0 14 1 1 8 0 18 1 15 14 2 0 7
