0 0 0 0 0 0 10 5 0 0 0 0 0 0 0 13
8 0 23 2 0 0 0 0 0 1 0 2 0 9 1 0
0 0 6 0 0 0 0 0 18 0 5 7 0 0 0 0
0 0 0 0 0 4 16 0 0 0 0 3 0 0 0 23
0 0 0 0 4 13 0 0 0 2 0 17 1 4 15 3
0 0 1 0 0 0 0 0 0 0 0 1 0 0 0 14
8 0 0 0 0 0 0 0 0 0 15 0 0 0 20 0
0 2 7 0 0 0 0 0 0 0 12 6 0 0 0 0
15 0 0 0 0 0 0 0 0 0 0 0 0 0 0 0
0 2 0 0 0 0 0 0 0 12 0 0 7 14 0 0
0 13 15 4 0 0 0 0 0 0 0 0 0 0 5 0
0 0 0 0 0 0 0 18 0 0 0 0 20 0 0 0
0 7 10 19 12 0 0 0 0 0 0 0 0 4 8 0
0 0 0 0 0 0 0 8 0 0 0 0 2 0 0 0
0 0 0 0 0 6 12 0 0 32 3 0 0 10 16 0
5 5 0 0 15 9 0 0 0 4 0 0 0 6 5 0
