1 0 0 0 17 0 18 19 1 0 6 1 0 0 0 0
0 21 5 0 0 15 0 0 5 8 3 0 7 0 0 0
0 0 0 0 2 0 0 0 0 0 0 0 0 0 0 0
21 0 0 4 8 0 0 1 5 0 0 0 0 0 18 0
10 19 0 0 0 12 0 13 0 0 0 0 0 9 0 0
0 8 0 0 0 13 0 0 3 3 0 0 0 0 0 16
0 0 0 2 4 0 0 0 0 0 0 12 0 16 0 0
0 0 0 3 0 13 0 10 0 0 0 0 0 12 0 0
8 0 0 0 5 0 0 0 0 0 0 0 0 0 0 0
0 23 2 0 2 0 10 0 0 0 0 0 1 0 0 0
2 21 0 0 2 0 0 20 0 0 3 0 0 0 0 0
0 27 0 3 0 0 0 0 0 0 1 0 0 20 0 22
0 0 0 2 0 0 0 5 16 0 0 10 3 2 0 0
0 6 0 0 0 0 5 0 69 14 6 0 10 0 0 0
0 0 1 14 16 0 0 7 0 0 0 0 21 8 8 0
0 0 0 4 0 0 4 0 6 29 0 0 0 0 0 0
