5 3 3 2 5 3 0 1 5 3 0 3 3 3 0 7
5 9 0 6 13 7 7 1 3 14 3 3 4 11 1 11
0 5 16 1 1 1 6 3 5 11 7 0 2 6 5 6
2 4 2 25 5 0 1 11 0 7 2 4 1 2 0 6
11 7 1 4 6 5 3 3 2 0 2 4 2 7 1 0
1 7 4 3 6 20 6 3 1 5 1 1 4 2 3 4
0 1 4 4 2 1 0 2 6 2 6 0 0 2 1 1
14 2 10 5 12 0 0 2 2 10 4 5 1 2 5 7
2 0 0 1 7 2 11 5 7 7 3 11 1 2 0 15
4 0 5 1 2 15 5 0 4 9 1 0 9 0 1 1
2 4 3 5 11 3 1 1 3 0 0 1 6 4 6 3
4 2 1 3 2 3 0 3 5 0 6 1 0 2 4 1
3 3 7 9 4 0 1 15 1 4 0 2 1 15 2 5
6 5 1 0 6 0 1 7 6 5 12 9 13 4 2 0
11 1 3 3 0 0 2 1 5 1 10 6 3 2 1 7
3 3 2 9 3 2 5 19 4 5 2 5 4 0 2 0
