0 -5 4 5 5 0 10 -1 -3 5 -2 2 4 4 2 4
-2 19 3 -8 -9 4 8 2 -2 -10 -6 6 13 -2 5 12
1 5 1 5 -11 10 1 -4 -1 -15 1 6 -1 20 11 -1
-4 -8 0 -24 2 2 6 -4 3 -7 0 -13 -3 -1 3 -5
-10 -13 -8 -2 11 -11 -14 2 -3 5 1 -9 -8 6 7 -12
11 -15 -4 4 -7 20 -16 -5 19 6 -14 -2 0 -5 1 -1
2 11 -2 -15 -20 -9 3 -2 -1 -8 -10 9 7 6 3 -7
-14 -1 -8 1 8 -1 8 6 5 -12 17 -3 8 -3 4 3
11 7 -2 0 -8 5 5 -1 4 9 4 -35 -4 -5 -4 -15
-10 6 1 1 -1 -7 -5 -13 -2 -4 -3 0 -6 4 -4 -1
-3 7 -7 -2 -6 14 3 0 1 0 -1 -5 -9 -5 10 -9
1 -3 -5 -1 -5 -7 8 -5 -8 5 -13 7 1 -7 -3 -4
-4 1 4 1 2 1 -2 -6 6 6 2 -12 -3 -20 4 -2
1 2 -6 7 -4 15 -6 9 0 -3 12 -10 -13 -10 -8 3
-13 -9 0 0 4 2 -5 -6 -12 -3 8 10 0 16 7 -14
-14 -5 -2 -3 2 -1 0 3 -4 10 -5 5 1 3 6 0
