-25 -22 -3 1 5 -17 -15 -20 -8 4 -23 -3 -9 -18 -9 -24
-8 -9 6 -16 -7 4 2 1 -17 7 -8 -27 0 -13 -21 3
-13 -23 -13 -15 -6 -16 -4 -7 -12 7 -1 -20 13 20 -10 -7
-16 -2 12 -6 -22 -1 9 -20 -14 -22 -15 -5 -13 5 -28 -11
-4 3 -6 -3 -36 -1 -11 -9 -13 1 -15 -6 10 -18 8 -28
3 -10 -11 -10 -9 -4 -22 -13 -15 0 3 -11 -6 -16 -2 -12
-14 -9 -17 -34 1 -2 -3 -13 -22 -5 -15 -20 -9 -7 2 10
13 7 6 -1 -17 -10 -4 -24 -2 -13 -6 -9 -10 -12 -9 13
-3 -21 -15 -23 8 -13 -26 -13 -25 -8 -9 -14 3 -16 0 -9
-24 -12 -2 0 26 -15 -9 -2 -5 -9 -1 -21 -9 -10 1 -8
-15 -5 2 -4 6 4 -6 -3 -28 -12 1 3 14 -19 -7 -14
0 -19 -13 -1 -6 -11 -3 6 0 -4 -1 2 2 -21 -11 9
0 -10 -9 -7 -1 -13 0 6 -6 -1 -10 -19 -18 -14 -22 -11
-10 -6 8 -29 -10 -18 -11 -11 -4 -1 -15 -3 -16 -11 -18 -12
-5 -13 -1 0 -7 -7 -31 0 -22 -6 -4 -16 -22 4 4 -5
-3 1 -14 30 -10 -4 -2 -21 -2 -4 -11 -9 6 -13 -12 -11
