3 21 7 34 1 13 0 5 2 9 0 5 5 10 2 38
3 1 11 5 1 6 17 5 1 2 1 21 6 9 27 8
5 5 2 23 2 12 9 9 22 8 4 7 7 3 9 14
5 1 9 4 2 12 21 9 3 12 1 2 1 6 2 8
2 8 4 1 5 0 7 22 32 3 2 6 8 7 6 1
10 25 15 1 15 8 5 18 1 12 1 11 11 7 25 6
17 11 19 8 10 4 3 1 4 12 0 4 10 0 7 14
7 27 2 12 1 5 3 13 5 6 9 5 4 8 10 5
7 5 1 7 8 13 2 14 6 4 0 15 5 5 2 0
8 3 4 14 9 7 11 8 15 14 7 19 8 7 9 21
2 6 30 5 8 3 5 11 32 18 15 4 4 9 6 11
1 9 12 2 4 16 11 4 29 5 6 8 11 8 4 7
6 7 11 18 11 1 9 3 26 1 8 9 6 3 15 5
12 0 16 10 2 0 1 2 4 0 12 1 1 14 4 4
1 4 11 2 0 6 14 4 3 2 22 26 6 5 2 1
1 5 1 2 2 0 2 8 12 1 4 10 19 6 4 10
