0 3 0 0 4 0 8 8 13 1 0 6 9 0 8 2
18 10 9 4 0 16 0 6 26 2 0 0 0 22 38 0
1 0 9 1 21 25 0 4 6 0 26 47 0 13 6 0
4 32 12 0 13 15 16 0 3 0 1 24 17 1 0 36
21 0 0 0 4 13 0 21 0 3 1 6 9 20 10 52
7 22 7 0 0 14 0 0 0 0 2 31 8 0 0 2
2 0 19 0 0 0 0 7 0 1 14 0 0 10 5 0
0 12 7 0 0 0 0 0 6 1 13 23 1 0 15 0
27 0 0 0 6 0 0 0 0 1 0 10 1 0 0 1
25 23 2 8 40 6 29 0 0 23 5 8 9 25 0 2
2 3 17 14 1 0 20 0 0 25 2 8 41 3 27 9
11 0 13 9 0 0 0 26 0 0 0 0 28 2 18 0
2 8 8 8 29 0 14 0 0 0 1 0 19 2 7 0
5 0 0 17 4 0 0 64 41 7 9 9 24 0 15 4
0 0 0 0 2 6 26 2 11 37 25 0 28 22 13 0
33 14 0 9 3 7 0 0 0 0 8 0 0 5 53 0
