0 24 0 0 0 0 0 0 0 0 0 5 23 0 0 0
0 0 0 0 0 0 0 0 1 0 0 0 0 0 0 0
0 6 0 0 0 0 0 0 0 0 0 0 9 0 0 0
0 0 0 4 0 8 0 0 0 2 0 0 0 1 0 0
0 12 0 0 7 0 2 0 1 0 0 1 2 0 0 0
0 0 23 0 4 0 0 0 0 0 0 0 0 0 0 0
0 9 0 0 0 0 6 0 1 0 0 0 0 0 0 9
25 0 0 34 0 0 0 0 0 0 0 0 32 0 0 0
0 0 4 0 34 5 0 0 0 0 6 0 9 0 0 0
0 0 12 0 14 0 0 0 0 0 1 9 30 0 0 0
4 0 0 0 0 0 0 0 0 0 11 0 0 0 0 6
0 6 0 15 3 5 0 0 0 19 17 0 5 0 0 0
0 0 0 0 0 0 0 6 0 0 13 1 0 0 7 2
0 0 11 0 14 0 0 0 5 5 1 0 0 0 0 0
0 0 0 0 0 1 15 0 0 0 0 0 0 3 0 0
0 1 0 0 6 0 0 0 0 1 0 0 3 0 0 23
