0 1 5 4 5 2 19 11 9 6 6 1 1 8 4 13
1 13 0 0 17 24 4 11 4 0 11 13 0 12 8 5
1 4 20 18 0 3 1 3 7 2 15 4 3 4 2 13
1 13 3 1 1 9 0 4 8 17 4 0 1 8 27 0
7 1 0 2 0 7 3 6 2 21 11 0 1 10 2 9
0 4 0 3 4 52 1 3 9 7 12 0 3 6 23 1
9 7 5 6 2 16 26 0 1 6 7 7 6 5 9 9
0 3 15 4 4 1 17 1 0 0 26 1 3 7 1 1
0 5 11 1 0 1 10 11 0 18 3 5 5 0 0 3
0 11 2 6 18 19 1 0 0 2 1 0 2 1 1 1
8 10 0 6 0 9 5 0 8 6 24 3 2 12 7 0
0 0 4 2 4 0 0 0 4 3 6 13 5 2 4 2
0 0 1 17 2 4 0 21 2 0 9 6 7 3 1 2
4 0 1 0 0 6 2 8 4 0 2 7 0 1 6 8
1 3 7 17 12 0 0 12 12 17 5 2 19 1 9 17
4 5 4 8 11 0 1 8 2 10 3 7 11 0 3 0
