0 0 6 4 0 0 0 4 0 0 13 0 0 1 0 0
7 0 4 7 14 1 0 13 17 0 0 12 9 0 5 17
0 1 0 0 19 0 1 11 0 19 9 0 0 0 6 0
0 0 0 0 9 0 2 0 0 0 3 9 0 26 1 0
10 0 0 0 0 0 0 0 0 0 17 0 6 1 0 0
9 14 0 0 0 0 18 0 0 0 0 8 0 0 1 0
0 3 0 0 12 0 2 10 0 3 0 0 5 0 0 22
25 0 34 8 0 0 6 0 0 0 0 16 0 8 8 15
0 6 0 0 26 0 0 5 10 0 0 11 10 0 3 0
8 0 0 0 0 0 26 14 0 0 0 0 5 0 0 0
0 5 8 0 0 0 0 0 17 0 0 0 0 0 0 0
0 0 0 2 0 2 0 0 0 4 0 0 0 5 1 0
5 0 11 0 0 0 0 0 0 0 0 15 0 20 0 13
2 0 0 0 0 7 0 3 6 0 4 0 12 1 0 0
0 6 2 0 0 31 1 0 0 10 0 4 8 3 9 5
0 0 17 0 0 3 0 18 5 0 12 0 9 0 0 4
