9 21 3 22 9 0 13 5 13 0 0 0 0 21 2 3
13 0 14 14 4 0 0 7 0 27 2 0 19 1 6 0
0 2 8 0 16 0 7 1 8 0 0 2 0 0 5 5
8 15 10 0 1 15 0 4 3 0 0 0 0 6 0 4
11 7 16 7 2 4 0 0 17 0 3 5 2 10 10 6
0 9 15 3 0 0 4 5 6 0 1 26 2 11 2 0
13 13 4 6 0 3 22 37 10 1 21 31 3 15 11 8
2 2 14 5 1 1 1 0 1 32 4 3 2 1 13 24
8 11 1 24 0 0 9 19 5 0 0 5 0 7 7 4
9 3 8 0 9 0 4 5 0 13 5 11 12 6 1 0
0 1 11 0 0 1 7 3 7 0 0 14 0 0 8 0
17 23 8 0 3 14 0 8 0 0 6 0 0 9 0 12
2 0 1 3 8 8 0 0 0 0 9 17 2 7 4 10
0 3 20 10 5 1 4 20 11 0 0 10 7 13 10 0
18 3 0 8 2 0 20 26 5 3 0 13 12 3 15 6
5 0 2 0 2 2 0 0 1 25 13 8 4 0 12 3
