0 0 0 0 5 0 0 1 8 9 0 0 8 6 0 8
2 7 1 0 3 14 0 2 5 0 9 0 0 0 0 0
3 0 13 0 0 0 3 0 2 5 13 1 0 8 0 3
8 1 0 0 0 0 5 0 0 0 0 0 0 0 0 0
3 17 0 4 1 0 0 0 1 0 0 4 0 3 3 0
0 5 0 0 3 0 0 0 9 0 0 0 0 4 0 0
0 0 0 1 0 3 4 0 0 3 2 0 7 3 1 0
1 8 0 7 0 0 0 4 10 2 6 0 1 0 0 4
0 1 0 0 0 0 2 0 10 2 0 2 0 0 0 0
1 9 1 0 3 0 0 0 1 0 0 1 1 7 0 4
3 0 8 1 9 0 0 0 2 0 0 4 0 0 6 7
0 0 0 3 0 3 0 8 3 0 0 0 0 6 0 2
5 11 3 14 0 1 11 2 8 2 1 0 0 0 1 0
6 1 0 13 0 0 6 8 0 5 0 1 5 0 2 0
2 1 0 0 0 0 0 0 0 0 0 3 2 0 1 2
1 0 0 1 0 0 8 5 8 6 8 0 0 0 0 0
