29 0 0 14 27 5 11 0 1 0 0 0 31 2 28 14
2 15 0 0 0 0 19 14 25 0 10 11 2 6 0 0
0 6 0 7 0 4 0 0 12 0 12 0 7 0 0 1
51 8 0 3 21 0 1 26 11 0 9 0 1 0 3 5
0 21 0 0 9 14 0 7 0 38 8 0 3 21 0 8
0 0 0 15 42 0 30 0 0 0 6 0 48 23 0 9
0 3 0 0 0 0 38 0 3 3 0 6 19 26 0 14
1 8 16 0 9 6 0 7 25 7 0 0 0 2 14 0
11 0 0 21 11 8 4 0 3 3 0 0 15 5 0 7
6 11 9 0 0 3 0 0 32 2 0 5 0 14 0 0
0 0 0 3 7 0 0 0 20 14 3 0 8 0 0 0
15 0 0 0 1 0 6 11 3 0 0 0 0 0 5 0
0 0 5 0 9 0 1 1 0 12 17 0 0 21 0 14
0 0 0 1 25 0 5 2 0 0 0 2 0 1 3 0
24 5 0 0 0 8 9 0 4 1 5 10 0 0 0 0
0 30 0 0 0 7 0 6 40 2 0 0 0 4 0 1
