0 0 19 29 0 0 17 4 0 19 4 31 0 14 20 0
45 0 6 0 0 17 9 0 0 0 0 0 0 10 0 0
0 0 0 0 0 0 6 0 39 0 0 0 1 32 0 10
0 0 5 4 0 0 20 0 0 0 0 17 0 24 0 43
0 0 0 0 15 0 14 17 0 14 0 0 12 0 17 0
14 31 0 6 0 0 0 25 0 0 0 3 0 0 0 0
0 6 14 0 0 23 4 26 0 7 0 0 3 0 0 0
5 0 19 0 0 0 0 0 21 0 0 6 0 0 0 3
0 0 26 23 0 0 7 1 0 20 8 25 0 7 0 0
38 0 3 0 0 0 0 0 0 8 0 0 0 0 0 0
0 15 0 0 0 0 0 0 0 0 0 0 9 23 12 0
0 0 0 0 41 0 21 7 0 0 0 11 0 11 0 14
0 0 0 16 0 0 6 14 5 9 5 0 20 0 10 0
7 31 0 0 0 6 0 10 0 0 0 2 20 0 0 0
0 0 5 0 0 0 0 2 0 10 0 0 0 3 0 0
37 0 7 0 0 0 0 16 30 0 0 4 0 12 0 9
