8 3 0 0 14 0 10 15 0 28 0 21 16 10 0 1
0 4 25 0 0 42 0 6 0 0 0 4 23 0 19 0
0 12 0 18 0 2 0 0 0 0 2 17 0 0 0 0
11 0 0 51 0 0 0 0 13 30 4 36 0 30 0 0
0 0 0 0 9 0 3 4 0 18 0 8 0 0 3 12
0 15 3 9 3 25 0 0 0 0 16 1 17 0 28 0
0 5 0 11 0 0 0 7 0 0 25 0 0 0 0 0
8 0 0 11 0 0 0 0 27 10 6 20 0 0 0 0
7 0 0 0 2 0 0 0 0 34 10 19 23 0 0 8
0 14 4 6 0 28 0 18 0 0 21 7 15 0 15 0
0 9 0 15 0 0 0 0 0 0 2 0 0 0 2 0
0 0 0 16 8 0 0 0 2 10 0 15 0 12 0 0
0 0 2 0 26 9 0 0 2 24 1 18 23 0 4 20
0 12 0 0 0 41 0 11 0 0 10 5 18 0 19 0
0 10 0 14 0 0 0 4 0 0 9 2 5 2 0 0
0 1 0 6 0 0 0 0 18 11 0 29 0 15 0 0
