4 8 5 33 15 6 0 39 5 0 0 0 0 1 0 0
0 3 0 0 0 0 5 0 0 37 0 0 10 18 13 0
9 0 23 0 12 0 6 0 0 0 0 41 0 19 22 0
0 18 0 5 0 0 0 16 15 0 0 0 0 6 0 0
0 0 1 0 0 9 11 10 0 0 0 20 10 0 0 17
0 0 0 0 0 0 1 0 0 6 26 0 0 0 0 18
6 12 0 0 19 0 12 0 1 0 0 0 0 5 2 0
0 2 20 0 0 25 21 0 0 22 0 23 6 10 0 19
11 3 0 4 0 11 0 38 0 0 0 0 0 0 5 0
0 16 0 0 0 0 16 0 0 9 0 0 12 13 0 6
0 0 2 0 29 2 3 15 0 9 29 27 0 34 13 0
0 0 0 1 0 13 0 20 19 0 0 0 0 0 0 0
0 3 0 0 0 4 9 14 0 0 0 6 18 0 0 8
0 0 0 0 0 0 0 0 4 0 22 0 0 0 10 20
7 0 0 0 0 0 0 0 5 0 0 0 0 0 0 0
0 0 0 0 5 6 14 0 0 0 0 0 18 0 0 0
