0 0 7 1 23 0 15 3 0 6 0 11 0 13 20 0
0 0 11 0 9 0 4 0 0 0 0 33 0 3 31 11
2 8 9 17 0 0 0 8 0 0 0 0 0 20 29 0
0 8 9 0 1 0 0 0 0 18 0 0 19 0 0 0
4 3 0 3 22 6 0 9 0 24 13 0 0 11 9 0
0 0 0 6 0 21 0 2 19 11 0 0 0 12 31 0
0 14 0 22 0 10 34 0 18 4 9 17 14 10 6 20
0 4 16 0 0 3 26 0 0 0 31 0 0 0 6 0
0 18 5 4 0 6 16 0 7 19 7 0 2 7 0 9
0 0 0 0 0 0 0 6 0 0 0 0 8 3 3 0
0 12 0 0 0 32 0 0 0 0 22 1 5 0 17 0
0 0 1 0 9 0 0 0 0 2 0 2 7 7 6 0
8 5 0 20 0 5 0 24 3 0 15 0 22 0 0 0
6 2 0 0 0 7 0 3 0 0 4 10 0 0 3 0
6 0 11 20 14 0 0 0 0 0 0 14 7 0 4 7
0 0 0 0 9 1 8 0 0 7 0 13 16 0 9 0
