1 49 0 0 1 13 13 18 2 4 4 7 28 0 0 15
3 18 2 0 2 20 1 2 10 1 2 0 1 12 0 0
7 1 3 2 1 13 6 0 15 3 0 26 13 9 0 0
19 2 5 0 14 5 5 1 16 0 5 2 1 0 15 10
0 3 8 12 5 0 3 0 0 0 0 0 4 1 4 26
5 19 0 16 0 16 0 0 0 0 11 0 20 0 33 0
0 3 11 3 0 23 3 1 9 2 0 0 1 7 1 6
9 0 25 9 5 10 0 7 3 5 5 4 2 0 0 6
2 2 2 2 3 0 3 11 1 1 3 0 3 1 5 0
3 5 1 10 1 4 16 1 1 0 22 5 14 0 0 0
0 0 15 6 0 0 6 17 25 8 7 0 2 0 5 0
0 6 0 0 0 0 0 11 16 0 2 4 24 34 0 13
1 0 13 0 0 6 0 1 4 9 2 17 14 2 0 0
0 6 0 0 8 0 3 0 0 4 0 0 6 2 1 8
5 0 2 11 0 0 0 1 3 0 2 8 1 2 5 12
5 5 0 4 3 1 11 7 0 4 0 15 21 1 22 10
