5 5 2 20 28 22 28 3 6 11 8 12 8 7 8 20
29 11 6 7 21 4 7 2 13 29 26 24 20 14 37 1
23 50 50 26 23 12 16 10 5 20 21 28 39 19 13 16
39 65 65 14 29 24 58 19 30 42 46 18 38 33 42 13
9 55 44 45 44 29 6 16 18 21 20 5 12 9 0 14
10 4 0 1 9 7 9 0 9 7 6 11 5 0 2 2
1 5 12 1 20 13 12 21 19 5 2 16 11 5 13 28
19 0 29 7 26 4 9 28 26 16 17 2 23 32 1 0
15 16 1 28 22 22 19 10 4 2 5 33 22 25 27 20
1 1 26 28 20 5 16 4 1 9 1 5 3 8 8 2
3 4 3 12 15 3 2 3 3 13 22 1 11 23 6 0
27 24 4 17 16 7 3 4 14 7 1 5 0 13 9 3
2 8 5 4 11 12 8 12 5 5 5 2 16 3 12 3
4 15 2 2 2 4 2 5 6 1 6 2 8 11 8 1
10 11 0 10 6 4 8 13 11 13 1 9 6 1 4 2
1 11 1 7 3 2 11 4 7 0 11 4 14 5 24 6
