6 0 0 0 0 0 12 0 0 0 0 22 11 0 32 15
0 0 20 21 0 0 6 0 0 0 0 0 0 0 38 8
0 0 21 4 0 0 0 12 31 24 5 0 0 12 0 0
6 10 0 0 0 0 5 0 0 0 11 0 0 16 0 0
0 7 0 0 0 0 22 40 0 0 6 9 0 0 0 0
0 9 0 17 0 13 0 9 4 0 0 0 0 11 0 0
0 0 9 8 6 13 22 0 0 0 8 0 0 4 8 0
0 9 0 4 15 1 0 2 0 0 47 0 15 0 0 11
0 1 0 0 1 0 5 0 0 0 0 26 0 0 31 2
0 0 8 5 0 0 0 0 2 0 0 0 0 0 40 11
2 0 23 0 0 0 2 0 9 28 4 0 0 9 0 0
0 0 0 0 0 0 4 0 0 0 17 0 0 18 0 0
0 0 0 0 0 0 23 20 0 8 6 0 1 0 0 0
0 10 0 19 0 0 0 1 0 0 1 0 0 0 0 0
0 0 8 8 12 14 27 0 0 0 2 0 3 9 6 0
0 0 0 0 13 0 0 0 16 0 42 1 0 0 3 12
