0 4 0 1 10 0 7 0 0 5 0 8 0 21 20 1
0 1 22 0 10 0 0 4 1 0 0 28 11 0 37 16
2 0 1 31 0 0 0 0 9 0 0 2 0 30 25 8
0 3 16 0 12 4 16 0 1 0 0 0 0 0 10 10
0 9 0 0 2 0 0 27 0 33 7 0 14 19 12 0
0 0 0 2 0 27 0 3 0 18 0 2 51 1 23 4
0 19 1 17 0 0 1 0 29 0 0 5 19 0 4 12
4 11 10 0 0 2 16 0 11 1 34 0 0 0 5 13
0 1 4 3 0 13 22 6 13 30 15 1 12 3 0 8
0 19 1 4 6 6 9 0 0 0 0 0 0 19 0 0
4 13 0 0 0 10 11 0 0 0 0 0 7 0 12 0
0 0 11 1 6 0 1 3 0 18 0 5 7 1 13 0
1 0 8 25 23 3 0 0 1 0 30 0 14 0 1 9
17 9 0 17 0 11 0 12 0 0 16 0 7 0 1 0
0 5 2 9 0 1 0 0 0 0 0 7 1 2 13 11
0 0 0 0 14 0 7 0 0 1 1 8 5 2 0 7
