0 36 11 0 19 6 6 3 3 6 0 0 28 17 0 18
10 12 9 0 0 18 0 21 8 0 6 5 6 1 8 12
14 17 0 0 16 2 11 4 2 2 0 0 15 10 16 15
29 13 6 3 8 9 0 14 18 0 7 1 0 0 11 18
0 6 4 0 0 11 20 12 0 8 0 19 19 9 0 8
9 4 0 0 0 4 0 8 5 0 3 1 12 1 6 3
5 15 16 0 8 0 8 1 4 0 5 0 5 0 11 15
0 29 1 0 15 13 0 7 7 0 5 0 0 0 8 0
0 16 2 0 0 3 16 3 0 7 0 0 23 5 0 1
6 1 0 0 0 4 0 6 11 0 4 7 10 1 12 9
9 3 1 0 1 0 7 1 1 0 17 0 1 0 0 7
0 27 11 0 10 4 0 9 2 0 8 0 0 0 1 1
0 9 2 0 19 4 5 6 0 1 0 32 1 10 0 11
20 3 0 7 0 15 0 9 5 0 2 16 20 1 5 5
7 4 23 0 7 0 12 6 5 0 18 0 1 0 27 5
0 25 0 0 12 18 0 7 9 0 2 0 0 0 0 4
