5 3 4 0 34 8 7 0 8 5 2 2 0 8 0 0
0 0 0 2 0 13 0 0 0 0 8 0 0 1 4 10
0 18 1 0 0 17 0 3 0 0 7 11 0 11 0 0
3 0 0 16 0 0 5 0 0 0 0 0 0 0 1 5
0 34 0 0 0 30 0 1 6 13 3 20 3 6 0 0
0 0 0 18 0 0 0 20 0 0 10 5 13 3 0 0
0 0 6 0 0 3 3 14 8 0 0 9 0 9 3 0
14 0 0 0 15 0 13 0 0 1 0 2 0 6 11 0
0 0 0 16 8 2 0 3 0 20 0 0 0 0 14 0
5 0 2 0 11 0 0 0 3 0 6 12 0 16 0 5
0 10 4 2 11 1 0 0 0 0 0 0 0 0 3 0
0 0 6 10 0 0 0 13 0 0 30 0 0 0 0 0
13 0 0 6 0 3 3 24 0 0 0 0 0 0 3 0
0 0 0 0 10 0 11 0 0 0 0 20 2 17 2 10
0 21 2 0 0 18 47 0 10 7 0 0 0 2 0 0
3 4 3 0 0 0 0 7 0 0 0 0 0 0 0 0
