6 13 8 0 5 7 5 0 0 10 0 2 0 15 1 5
0 5 4 2 0 0 0 0 0 11 0 4 16 5 0 7
0 10 4 0 3 3 12 4 15 0 0 0 7 0 0 6
33 3 6 0 9 0 31 0 0 1 22 3 11 3 0 9
0 0 0 0 10 3 0 4 25 0 3 8 3 10 4 9
0 0 11 0 0 11 0 0 0 0 0 15 0 0 10 0
4 10 4 0 15 5 6 5 0 0 0 0 0 0 2 14
0 0 5 1 7 8 0 0 0 15 0 5 0 0 11 11
2 5 13 7 15 0 6 2 0 0 10 7 0 14 0 7
0 3 0 0 4 0 2 0 3 12 0 5 16 10 0 0
8 8 2 3 0 1 9 6 16 0 8 0 7 0 0 5
23 0 5 0 1 0 22 0 0 0 12 9 4 3 0 6
0 0 0 0 6 5 0 0 25 0 1 8 0 2 0 8
0 0 5 0 0 4 0 5 0 3 0 7 0 0 1 0
14 7 0 2 20 2 0 2 11 0 0 0 0 0 9 15
0 2 5 8 9 6 2 4 1 13 0 11 0 0 4 0
