0 15 3 18 0 36 0 0 5 15 0 37 4 14 2 32
6 3 4 1 64 0 7 0 20 17 0 1 0 4 3 14
2 0 0 0 6 14 0 0 15 1 18 0 9 0 7 2
21 8 11 19 12 13 23 0 12 6 32 0 0 2 11 15
5 11 5 10 0 33 0 0 3 15 0 38 6 13 8 35
10 5 7 3 70 0 9 0 12 13 0 1 0 1 0 16
0 0 0 0 2 12 0 0 6 0 18 1 7 0 3 2
25 10 8 22 11 0 17 3 11 6 0 0 0 4 10 13
5 11 5 12 0 36 2 0 4 14 3 38 7 13 6 37
12 5 7 3 71 0 10 0 11 16 5 0 0 2 0 15
0 0 0 0 2 11 0 0 6 1 19 2 6 0 2 2
25 11 9 23 9 0 17 6 11 6 0 0 0 4 10 14
5 10 5 12 0 37 2 0 3 13 3 38 6 13 5 38
12 5 7 3 71 0 11 0 10 16 6 0 0 2 0 15
0 0 0 0 3 11 0 0 5 0 19 2 6 0 2 3
25 11 9 23 10 0 17 7 11 6 0 0 0 4 10 14
