1 6 0 21 10 4 16 15 6 11 13 7 0 4 7 13
15 16 8 0 1 24 3 0 4 17 0 26 0 5 6 2
1 14 21 33 0 3 1 11 7 2 9 11 4 3 9 12
0 13 24 1 1 9 0 16 1 5 4 0 5 7 25 1
0 6 0 15 6 9 4 4 2 4 0 0 12 0 2 3
6 6 0 2 0 67 2 17 22 0 15 22 27 15 10 14
36 6 3 4 2 5 5 0 9 0 13 4 3 15 21 7
0 26 21 9 9 1 4 1 24 0 52 1 3 9 8 1
0 10 11 1 8 26 17 6 7 1 25 4 1 1 0 10
0 5 0 6 19 21 1 0 9 4 0 0 1 7 1 3
7 0 1 4 0 20 30 0 8 5 1 0 1 13 8 1
0 3 0 1 10 0 0 0 0 8 14 0 1 3 16 2
17 0 0 23 0 9 0 5 4 0 18 12 8 4 4 13
0 11 20 1 12 41 0 9 1 0 3 4 0 1 9 10
0 4 18 2 0 0 14 12 13 13 6 13 9 0 7 25
3 9 44 8 0 35 10 10 3 21 3 7 7 0 11 8
