6 1 3 6 7 1 6 9 8 4 4 1 3 12 2 7
1 1 10 1 3 4 14 27 7 8 18 5 1 9 11 2
25 2 0 1 5 2 12 0 3 11 5 2 14 11 9 0
3 29 3 8 0 2 6 1 3 8 5 4 48 4 52 0
30 115 11 57 23 19 8 1 2 9 2 2 5 2 8 3
3 3 0 6 8 4 7 3 4 3 2 4 7 4 9 11
2 7 4 0 10 3 0 5 6 8 0 12 1 1 11 4
11 7 8 14 1 1 3 3 12 2 1 4 5 2 5 0
5 6 2 19 7 3 3 5 11 1 2 6 11 4 4 1
5 8 5 1 2 2 5 0 6 4 14 18 4 2 7 20
10 8 2 11 5 13 0 4 3 15 15 7 2 0 0 2
0 1 1 18 5 17 6 0 1 44 21 1 10 25 1 2
4 4 0 4 10 8 3 6 22 5 3 2 0 5 38 0
5 4 0 6 5 3 13 5 1 0 3 7 9 4 0 0
1 0 1 1 10 2 3 34 1 2 20 10 0 4 24 5
7 2 14 1 6 5 3 2 6 0 0 3 1 5 2 0
