20 0 0 2 0 0 15 8 15 0 0 7 9 0 11 17
0 0 5 6 0 0 1 0 3 0 0 0 0 0 4 7
0 0 4 0 0 0 0 25 9 14 13 0 0 12 0 0
8 4 0 0 0 0 1 0 0 0 21 0 0 7 0 0
2 6 0 0 0 0 10 7 0 0 5 3 0 0 0 2
1 10 6 12 5 23 0 5 0 0 0 0 0 2 0 0
0 3 14 5 11 5 10 0 3 7 9 1 0 6 9 0
0 19 0 8 4 6 0 1 5 0 7 6 39 0 4 11
7 0 0 0 9 0 8 0 4 0 0 9 0 0 8 4
0 0 1 21 1 0 2 0 5 0 0 0 0 0 7 5
0 0 4 0 0 0 0 11 12 13 7 0 0 2 0 2
0 3 0 0 0 0 6 0 0 0 11 0 0 11 0 0
0 6 0 0 0 0 9 13 0 1 3 0 0 0 0 0
1 8 3 2 0 10 0 5 0 0 1 0 3 0 0 3
0 4 9 1 7 3 19 0 12 2 2 0 0 5 8 0
0 0 0 0 5 0 0 2 9 0 12 5 22 0 0 4
