2 0 2 0 0 6 0 0 0 0 2 0 0 0 3 0
0 0 0 0 9 0 0 0 0 0 0 0 0 6 1 0
0 0 0 8 0 0 0 0 0 4 0 0 0 0 0 0
0 3 0 0 8 0 5 0 0 0 0 0 0 7 0 0
0 0 0 0 0 0 0 0 0 0 0 0 0 0 0 0
0 1 0 0 0 0 0 0 0 9 0 0 0 0 0 0
0 1 17 0 0 0 0 0 0 0 2 0 0 5 0 0
0 0 0 0 0 0 0 0 0 0 0 0 0 0 0 0
0 0 0 0 0 0 0 0 0 0 0 0 0 0 0 0
0 0 0 0 0 0 0 0 7 0 2 0 0 0 0 0
3 7 0 0 2 0 0 0 0 0 0 0 5 0 0 0
0 0 0 0 0 0 13 1 0 0 9 10 0 0 0 7
0 0 0 18 0 0 0 0 2 0 2 12 0 0 0 0
0 5 0 0 0 0 0 0 0 0 0 0 0 0 0 0
0 0 0 0 6 0 2 0 0 0 0 0 12 0 16 6
0 0 0 0 0 0 4 0 0 0 0 0 11 9 6 0
