0 35 13 1 0 0 1 27 0 0 0 0 0 0 0 29
0 23 0 5 0 11 13 13 0 3 0 0 0 2 6 5
5 1 0 0 0 4 0 5 22 0 6 27 0 20 1 0
24 0 0 7 22 0 0 0 27 0 0 0 5 18 0 18
0 0 10 11 8 0 21 0 0 0 0 0 0 6 0 9
0 21 0 14 0 16 0 0 0 0 26 5 1 0 5 0
9 0 22 0 0 0 0 0 0 0 0 0 0 0 0 13
0 2 33 0 0 0 15 0 0 2 0 0 0 0 0 0
0 0 16 0 0 0 0 4 0 0 0 0 2 0 0 18
3 15 0 5 0 0 0 0 24 0 24 12 0 0 0 0
0 0 2 0 5 0 0 36 30 11 0 0 0 0 8 0
0 0 0 1 2 0 0 0 0 0 0 0 42 7 0 0
13 17 16 0 1 0 0 0 0 0 0 23 0 22 0 2
0 3 0 2 20 12 0 2 6 14 0 0 16 0 6 0
0 0 0 10 0 14 0 10 0 0 0 4 0 0 11 6
0 37 0 0 0 2 7 0 2 2 0 1 25 3 0 7
