0 0 0 10 14 0 0 0 3 0 0 9 0 1 0 0
0 0 0 2 0 0 0 0 0 0 4 0 9 0 0 0
0 0 0 0 0 7 27 0 3 0 0 0 0 0 0 0
0 13 0 2 0 9 6 0 0 11 7 0 10 2 0 0
0 2 0 0 6 0 0 0 11 0 0 0 0 10 0 2
0 0 0 0 0 0 0 0 0 0 0 0 0 0 0 0
0 0 0 2 5 0 0 0 18 0 2 0 0 0 3 0
0 0 0 0 0 0 0 0 0 0 15 0 4 7 0 0
3 0 0 3 0 0 9 0 0 0 0 0 4 0 0 0
0 0 0 6 0 0 0 3 5 0 0 0 0 0 2 0
0 0 4 0 0 3 0 0 0 0 0 0 0 0 6 0
6 0 7 0 0 0 0 0 0 0 4 0 0 0 0 0
0 0 0 0 0 18 0 4 0 0 0 0 0 0 0 0
0 0 13 0 0 0 0 0 16 0 0 10 0 0 0 0
0 0 0 1 0 0 0 0 0 4 2 16 12 3 8 3
4 0 0 0 0 0 0 0 0 1 5 0 9 0 0 0
