0 0 0 3 1 3 1 26 2 0 0 0 0 0 12 0
0 0 6 3 0 2 0 3 1 0 6 2 6 3 6 0
1 1 19 15 0 0 9 5 5 8 4 0 0 4 5 0
0 0 6 8 0 6 1 0 2 1 7 3 0 2 5 0
2 0 0 0 0 8 0 11 0 0 0 0 0 0 0 0
2 0 0 0 0 0 0 5 0 9 0 0 8 0 0 0
0 0 0 0 14 0 0 0 0 0 0 3 0 12 3 0
13 0 0 0 4 0 0 0 0 1 0 2 0 0 0 0
0 7 3 0 0 2 0 1 1 6 0 0 0 0 14 0
0 1 0 0 0 0 0 3 0 8 6 0 0 2 0 2
1 0 0 5 0 0 0 0 0 0 0 0 0 10 14 0
6 4 0 0 0 0 3 1 0 2 1 0 0 0 0 12
11 0 2 0 4 0 0 0 9 0 10 1 2 1 0 0
0 0 0 4 5 0 0 0 0 0 0 4 0 3 0 7
0 0 0 0 4 0 0 0 0 1 0 6 2 3 0 0
6 0 0 0 0 0 1 0 0 5 0 0 0 0 3 0
