0 0 7 20 1 0 0 0 0 0 0 0 0 0 0 6
13 0 0 0 0 0 4 0 1 0 0 0 0 0 0 0
1 0 2 6 0 2 0 0 0 0 3 0 0 1 11 0
0 0 0 0 0 2 0 0 0 1 0 14 0 0 1 0
0 0 0 0 0 18 2 1 3 0 0 0 4 0 0 0
0 10 0 1 0 0 0 0 0 0 3 0 0 0 0 22
0 3 13 0 0 7 0 0 5 0 8 0 9 7 4 0
0 0 0 7 0 0 0 0 3 0 0 0 0 4 3 5
0 0 9 0 7 0 0 9 4 2 0 0 0 10 0 1
0 0 20 0 0 2 0 0 3 1 1 2 5 11 0 7
0 0 0 0 0 0 28 4 0 1 0 0 0 0 7 0
0 0 9 1 6 10 5 0 0 8 17 0 4 0 0 0
0 3 0 13 0 0 0 0 2 0 25 0 5 0 8 12
16 0 5 0 6 0 9 0 0 0 24 7 0 2 0 0
9 0 0 0 5 0 0 0 0 0 0 0 3 0 0 0
6 0 0 11 0 5 0 0 16 0 0 0 0 0 0 0
