30 23 0 0 0 0 0 10 4 36 0 16 18 21 0 4
0 11 20 0 7 41 0 9 0 0 0 11 21 0 9 0
0 5 0 11 0 22 0 0 0 0 0 29 0 6 0 0
25 0 0 64 0 0 0 0 0 20 2 33 0 29 0 0
30 0 0 19 0 0 0 6 8 22 0 12 0 0 0 0
0 2 0 27 3 0 0 0 0 0 9 24 34 0 0 0
0 2 0 5 0 0 16 0 0 0 21 24 0 0 19 0
23 0 0 15 4 11 0 0 18 0 0 5 0 0 0 0
0 5 0 0 0 13 4 0 7 16 0 36 12 0 0 2
0 3 8 6 7 27 0 9 0 0 32 14 0 0 40 0
0 1 5 5 9 0 4 11 0 0 0 0 0 0 0 0
0 0 0 0 8 0 0 0 15 10 0 4 0 4 0 0
5 0 1 0 22 0 5 9 6 16 0 25 36 0 9 0
0 8 0 5 0 9 0 0 0 0 11 9 26 0 5 0
0 13 0 10 0 0 12 0 0 0 14 18 3 0 22 0
0 0 12 0 0 0 0 0 0 5 0 27 0 11 0 0
