8 4 3 3 2 3 8 0 5 1 9 2 4 6 0 0
4 4 1 5 5 7 4 0 1 2 8 4 2 10 1 6
1 5 2 0 1 2 10 9 5 11 7 0 0 13 11 2
5 6 2 16 7 0 1 3 0 5 1 3 1 1 1 14
3 1 1 4 1 1 6 3 1 0 2 3 1 13 1 1
1 6 1 2 0 31 6 1 4 7 8 2 1 2 6 6
3 5 3 4 9 1 0 2 4 0 3 0 0 1 1 5
2 2 7 0 9 0 0 6 3 12 4 1 4 1 11 7
4 1 5 2 11 9 9 3 6 6 3 10 0 4 3 13
5 0 3 1 2 26 4 5 3 11 2 1 6 0 2 2
9 7 2 8 5 11 5 4 2 3 1 1 4 4 2 1
4 0 4 1 1 4 0 5 4 0 1 3 2 5 1 0
1 5 6 0 5 1 2 16 2 9 0 7 4 19 3 1
6 4 4 0 2 5 5 2 4 4 14 7 1 7 2 0
3 1 2 5 0 0 1 3 6 3 10 8 1 14 1 7
2 5 0 3 3 2 7 16 4 6 2 3 2 1 1 0
