1 0 0 0 6 0 11 17 0 9 0 2 0 7 3 1
0 3 0 0 6 24 0 0 0 0 0 13 10 12 15 5
0 2 16 14 0 0 0 7 2 0 0 16 0 7 9 12
0 3 2 0 2 3 10 0 8 0 0 0 23 0 27 0
0 2 0 2 1 18 0 4 0 20 10 11 0 2 1 0
0 0 2 4 0 46 0 0 11 13 7 0 0 6 28 1
0 19 0 8 1 23 11 2 9 0 0 4 6 1 4 3
0 12 0 0 5 0 5 0 3 0 13 0 0 0 0 5
2 0 1 4 0 11 8 9 8 15 8 0 4 1 0 0
0 4 0 0 13 18 0 0 0 0 0 0 0 0 0 13
13 2 0 0 0 5 0 2 11 7 11 0 4 0 4 0
0 8 4 2 2 0 5 0 0 8 0 7 1 8 5 0
0 0 0 1 10 14 0 3 3 0 16 0 0 0 0 0
7 0 0 0 0 6 0 5 0 0 16 0 0 0 1 6
0 1 5 2 8 2 0 4 0 11 6 8 0 8 1 3
0 2 0 0 0 1 0 10 1 13 0 5 9 0 4 0
