24 0 10 12 0 18 0 0 5 0 22 35 3 4 0 23
0 0 0 1 19 1 0 9 38 12 5 6 17 3 9 0
9 22 35 0 17 0 0 15 12 18 0 30 10 38 0 1
0 19 0 20 8 29 6 6 5 1 0 0 0 20 0 0
0 0 0 0 21 0 11 35 0 9 0 0 0 11 0 0
0 13 0 4 0 9 23 0 8 9 25 0 0 17 18 22
3 15 5 0 9 0 26 6 5 16 0 0 0 1 0 24
16 28 2 2 12 0 12 0 9 5 26 40 0 19 5 5
17 0 0 8 0 19 0 0 12 5 0 28 0 9 0 15
0 0 0 7 11 9 0 10 34 10 0 0 0 12 5 0
13 21 32 0 0 0 0 0 10 12 0 31 10 27 0 0
0 26 2 20 15 31 3 2 4 4 6 0 28 23 0 0
0 0 0 0 2 0 19 29 10 18 0 0 1 4 0 0
0 15 5 0 0 13 15 0 10 18 22 0 0 8 16 0
10 14 6 0 12 0 21 0 3 10 0 0 14 0 0 23
7 34 8 0 4 2 0 0 24 0 22 34 0 21 12 10
