7 0 3 1 14 3 30 18 0 8 1 5 4 8 3 17
2 20 29 0 8 23 0 0 0 0 0 37 0 15 1 17
1 2 27 0 0 0 0 9 3 0 0 1 2 8 2 14
0 6 18 0 0 6 0 21 14 0 0 2 19 0 3 1
0 6 0 2 22 0 9 15 4 54 1 13 0 0 2 1
7 0 0 5 0 68 0 4 25 4 14 1 0 1 17 6
26 22 0 22 0 5 3 2 11 0 1 7 7 7 12 10
3 13 34 33 11 0 13 13 3 0 56 0 0 0 5 10
0 10 4 13 6 4 23 5 0 35 17 1 7 1 0 8
0 6 0 9 25 17 0 0 0 0 1 18 0 1 0 0
8 6 0 0 0 17 0 0 0 0 0 0 1 1 7 1
0 8 4 1 3 5 13 0 0 7 0 16 12 24 3 0
2 0 2 1 8 10 0 1 3 0 6 2 30 3 0 0
24 1 0 2 0 10 16 3 0 0 7 0 0 0 5 4
23 1 16 0 17 0 13 4 0 0 7 19 4 0 15 3
0 12 12 30 1 27 1 8 0 19 0 0 7 0 8 2
