0 6 0 0 3 0 1 0 0 3 0 0 2 2 1 3
0 0 0 0 0 1 0 0 0 0 5 0 0 0 0 0
5 1 6 1 0 0 1 0 0 6 6 0 0 0 1 3
0 2 4 3 0 3 0 0 0 2 0 0 0 0 6 2
0 7 0 7 0 0 0 0 0 0 6 1 0 0 1 0
0 1 7 0 0 4 0 0 3 0 0 0 0 1 0 0
0 0 0 0 4 3 0 0 0 2 1 0 0 2 0 0
0 5 0 7 0 0 0 3 0 0 4 0 1 0 0 1
0 3 0 0 5 0 3 0 7 9 0 10 0 0 0 11
2 6 3 0 0 0 5 0 2 2 0 0 0 4 0 0
0 0 0 0 4 0 0 0 0 5 0 1 0 1 0 5
0 5 0 0 0 8 0 6 4 0 4 0 0 3 5 0
4 2 3 3 4 0 0 1 3 0 0 1 1 0 0 0
3 0 0 0 0 0 0 1 0 0 0 0 1 0 5 2
3 0 0 0 0 0 2 4 0 0 5 1 7 1 3 4
0 0 0 0 0 0 0 3 3 0 3 0 0 0 0 10
