6 0 5 11 0 0 10 1 0 0 0 7 0 13 10 0
20 0 7 0 0 3 2 0 0 1 0 0 0 27 0 0
0 0 0 0 0 0 0 0 25 0 0 0 12 21 3 3
3 0 0 0 4 0 11 0 0 0 0 6 0 15 0 3
0 0 0 0 3 0 5 1 0 12 0 1 0 11 12 1
6 17 0 11 0 0 1 10 1 0 0 9 0 0 0 0
0 8 3 0 0 1 0 11 0 5 0 0 13 8 0 0
10 0 26 0 0 0 0 0 18 0 1 7 0 0 0 0
0 11 0 9 0 0 0 0 1 0 10 4 0 1 0 0
27 0 7 0 0 0 3 0 0 11 0 1 0 0 0 0
0 18 0 0 4 0 0 12 0 0 0 7 11 24 3 4
0 0 0 0 9 0 3 10 0 0 4 6 0 3 0 6
0 0 0 13 0 0 7 2 0 16 11 0 7 11 12 0
3 7 0 0 0 0 0 0 5 0 0 7 15 0 0 0
10 0 0 0 5 0 0 0 2 8 0 5 0 4 0 8
18 0 24 5 0 0 0 1 20 0 7 15 0 13 0 0
