5 2 1 4 8 4 5 0 10 2 8 2 6 5 2 15
5 8 0 7 10 3 4 1 1 4 8 4 2 13 1 10
2 7 15 1 5 0 4 1 8 8 6 3 1 0 2 3
2 7 1 30 4 0 2 0 0 6 1 0 5 0 2 12
12 8 5 8 1 0 5 4 7 0 2 3 2 8 1 1
4 6 5 1 2 10 9 3 12 4 0 1 3 1 0 3
2 2 0 4 4 8 0 2 5 2 3 0 0 4 2 6
15 1 7 10 20 0 0 0 3 14 2 3 1 1 7 5
3 4 2 3 1 3 12 1 10 5 6 10 1 3 4 13
4 0 8 0 3 9 0 0 3 13 2 0 8 0 10 1
4 6 2 10 1 2 6 3 2 0 1 0 2 4 13 10
5 1 3 0 0 3 0 1 4 0 10 2 1 3 1 0
1 4 5 13 7 2 0 5 1 11 0 6 3 7 3 1
5 5 6 0 6 5 11 3 3 1 18 8 11 1 10 0
11 2 7 1 0 0 0 1 3 2 2 10 0 4 2 9
2 0 5 6 3 2 8 13 4 12 3 4 5 1 2 0
