12 0 8 0 0 0 6 0 0 4 3 5 30 0 0 12
0 17 0 11 2 0 0 0 10 0 5 0 0 8 0 7
4 0 3 0 0 10 0 5 0 2 3 13 15 0 4 0
12 0 3 2 0 3 0 11 6 1 4 1 4 10 10 0
0 6 9 4 6 0 10 0 0 2 0 0 0 0 0 20
0 5 0 0 0 9 0 0 0 9 6 2 18 0 38 2
11 0 5 4 4 25 0 5 19 0 0 0 0 0 0 18
10 5 11 6 6 0 0 4 11 4 7 7 0 2 4 1
0 0 4 0 8 3 9 15 0 1 0 0 8 0 7 0
3 0 0 10 1 8 0 4 0 11 0 9 5 0 0 0
0 0 26 0 0 0 0 3 19 19 9 0 0 0 10 0
4 1 2 0 0 0 0 7 20 0 6 0 0 34 2 22
7 1 15 0 11 7 0 0 5 9 0 5 25 15 0 2
0 4 0 5 6 4 1 0 2 0 0 0 12 7 0 0
0 6 0 8 2 40 0 14 1 0 0 18 0 5 5 16
0 7 0 3 5 2 0 0 5 0 0 2 0 3 9 4
