0 0 0 0 0 0 0 0 0 0 0 0 0 0 0 0
0 0 0 0 0 7 0 0 0 0 0 0 0 0 0 0
0 0 5 0 0 0 0 0 0 2 0 0 0 0 0 0
0 0 0 0 0 0 0 0 0 0 0 0 0 0 0 0
0 13 0 0 0 0 0 0 0 0 0 0 0 0 0 0
0 4 0 0 0 0 0 0 0 0 0 0 0 0 0 0
0 13 0 0 0 0 0 0 0 0 0 0 0 0 0 0
0 16 10 0 0 0 0 0 0 0 8 0 0 0 0 26
0 0 0 0 5 0 0 0 0 0 2 0 21 0 0 0
0 0 0 0 4 0 0 0 0 0 0 0 0 0 0 0
0 0 0 0 28 0 0 0 0 0 0 0 0 0 0 0
1 0 0 0 1 0 0 4 0 0 3 0 0 0 0 0
0 0 0 0 4 0 0 4 0 7 0 0 0 0 0 0
0 0 0 0 0 0 0 0 0 0 0 0 0 0 0 0
0 0 0 0 0 6 0 0 0 2 0 0 0 35 6 0
0 0 0 26 0 0 0 0 0 1 0 0 22 0 0 0
