0 0 3 2 0 1 0 0 0 0 0 1 5 2 0 1
1 1 4 0 3 0 0 0 1 1 0 1 0 2 1 1
1 0 0 0 2 1 0 0 0 2 1 0 5 0 1 3
1 1 1 0 0 0 1 0 1 1 1 0 0 0 1 5
3 1 1 2 0 3 0 0 1 1 0 1 7 1 3 2
2 1 7 0 3 0 5 0 0 0 0 1 0 2 0 1
0 0 0 0 1 1 0 0 1 0 1 1 4 0 0 4
0 3 4 1 3 0 1 1 0 1 0 0 0 1 1 4
5 1 1 1 0 1 1 0 3 0 3 1 6 3 1 0
3 0 7 1 4 0 5 0 1 1 2 1 0 2 0 0
0 0 0 0 1 1 0 0 0 0 0 2 2 0 1 4
1 5 2 1 3 0 3 0 2 1 0 0 0 0 1 4
4 0 1 3 0 2 0 0 1 0 3 0 7 2 1 0
2 0 7 0 4 0 4 0 1 3 1 2 0 1 0 2
0 0 0 0 1 1 0 0 2 1 1 2 3 0 1 3
0 3 4 0 2 0 1 0 2 0 0 0 0 1 1 5
