0 1 2 28 4 7 0 0 6 0 1 44 0 24 0 33
0 0 0 9 0 0 0 10 0 0 18 0 8 1 5 0
0 7 0 0 0 9 3 0 10 0 0 0 0 0 0 0
15 15 6 2 13 7 1 0 0 2 8 5 5 5 0 0
0 5 11 0 2 18 2 0 2 0 9 0 9 1 1 2
0 0 0 4 7 6 0 0 0 0 0 13 0 0 0 0
0 0 0 18 0 16 5 0 21 0 7 0 0 0 9 0
0 0 0 0 0 0 0 6 1 0 7 0 1 1 0 0
0 1 0 5 4 6 31 0 12 15 4 0 3 2 0 0
0 0 0 0 2 3 0 0 17 0 0 7 8 0 8 0
0 17 0 0 0 0 0 9 0 0 10 4 29 0 6 0
0 8 0 0 1 0 0 0 0 0 31 2 0 6 0 5
0 0 0 0 6 0 0 4 0 0 8 1 0 0 0 5
7 0 13 0 1 9 8 0 2 0 5 7 0 0 0 0
0 0 1 0 5 15 0 0 0 5 6 1 4 10 1 2
11 8 0 0 1 0 10 0 0 0 15 0 7 0 4 0
