0 0 10 9 12 17 14 8 0 0 0 4 2 15 22 2
10 7 0 29 5 0 0 33 3 1 16 6 1 0 27 5
0 0 17 19 2 4 4 0 6 4 8 15 35 6 3 7
12 0 0 3 2 11 0 17 2 6 14 33 3 33 19 1
9 17 0 9 0 8 8 0 8 11 4 0 12 15 9 8
1 20 13 1 13 7 0 4 9 3 1 3 5 5 0 25
0 9 0 9 10 6 7 0 0 29 0 31 9 9 0 4
3 14 9 0 14 0 0 2 3 0 0 37 4 0 21 0
0 4 0 1 3 1 10 4 11 0 5 12 1 35 1 1
20 2 0 0 12 0 17 0 5 16 18 16 0 5 27 2
0 0 14 8 46 29 19 21 7 13 0 2 10 8 9 15
9 13 9 10 8 0 2 0 1 3 1 5 15 0 0 9
26 6 0 7 13 0 5 4 6 5 3 4 0 0 24 3
3 3 9 9 1 0 0 1 8 0 3 11 2 5 14 0
10 12 19 8 6 6 3 17 0 30 0 15 0 13 0 3
0 0 0 0 4 3 20 0 7 10 5 1 0 15 2 4
