10 0 0 0 5 0 7 2 3 2 6 0 0 0 10 0
0 13 9 15 18 7 0 0 0 2 0 10 2 0 23 0
6 25 5 0 8 0 0 0 0 10 0 0 12 22 9 0
3 0 0 14 13 0 6 0 2 0 0 2 9 12 0 15
1 10 0 0 16 0 9 21 12 0 15 0 1 4 16 8
12 1 4 13 6 6 8 0 0 20 6 7 2 9 7 0
4 10 6 0 13 0 0 0 0 14 0 0 5 9 7 0
18 0 0 12 11 0 2 2 7 0 28 4 1 9 0 4
17 11 0 4 29 0 4 8 1 0 19 0 2 5 20 8
12 6 6 13 0 6 6 0 0 20 6 18 5 9 9 0
4 11 14 0 14 0 0 0 0 6 0 0 6 3 2 0
8 0 23 16 9 0 6 0 11 7 9 2 0 9 0 3
17 11 0 0 6 0 7 3 13 0 23 0 2 5 17 8
12 10 2 13 17 6 21 0 0 20 4 14 9 8 30 0
17 5 14 0 13 0 0 0 0 4 0 0 0 6 7 0
1 0 0 8 6 0 8 0 2 0 6 5 9 9 0 9
