3 27 3 0 0 0 1 18 0 0 0 0 0 0 0 23
0 20 0 0 0 21 2 9 1 0 0 0 0 13 0 0
8 0 9 0 1 0 0 0 15 3 0 26 0 8 0 0
22 0 6 0 18 0 0 1 30 0 3 3 10 15 11 10
0 0 3 6 4 0 12 0 1 0 0 0 0 0 0 3
2 15 0 16 1 18 0 0 0 0 13 0 0 0 0 0
0 0 20 0 0 2 0 0 0 0 0 0 0 0 0 10
1 0 30 0 0 0 0 0 0 0 0 5 0 0 1 0
0 0 0 0 7 0 0 6 0 4 0 0 10 0 0 5
0 6 0 16 4 0 0 0 8 0 21 3 0 0 0 0
0 0 3 0 3 0 0 27 23 4 1 0 0 0 7 0
0 0 0 0 0 0 0 0 0 0 2 0 30 1 0 0
8 0 9 0 0 0 0 0 0 0 0 23 0 11 0 0
0 6 0 0 24 1 0 0 0 4 0 0 8 3 2 2
0 0 0 14 0 1 0 7 0 0 0 18 0 0 12 4
0 15 2 2 0 4 10 0 0 0 0 0 17 4 0 6
