0 2 17 12 0 0 2 0 0 0 0 0 0 2 0 0
0 0 0 0 0 6 0 7 0 7 0 14 1 0 0 0
0 6 0 0 0 12 0 0 1 0 0 0 0 11 0 1
1 0 13 11 12 12 0 10 0 0 0 1 21 0 0 3
22 0 0 0 0 0 13 0 0 0 3 4 0 0 0 13
0 9 0 0 0 0 0 1 0 0 0 0 0 0 9 0
8 0 0 0 0 9 17 0 0 0 4 2 3 5 0 0
12 12 0 0 0 0 0 10 0 15 10 0 12 0 0 21
2 0 0 0 16 0 5 6 0 4 6 5 0 0 0 0
0 4 6 0 0 5 0 0 0 0 0 1 6 10 0 0
19 0 1 0 0 13 20 0 0 16 4 0 0 0 0 0
0 0 0 0 0 0 0 0 4 0 29 0 0 9 2 7
0 0 8 0 2 15 0 0 10 0 0 0 9 0 0 0
0 0 0 0 0 0 8 0 17 0 0 0 0 0 0 7
0 0 0 27 0 8 11 0 0 0 0 0 0 0 0 18
19 0 0 0 0 12 13 0 0 5 18 0 0 0 0 0
