35 0 0 57 54 8 26 0 1 0 36 0 12 20 0 1
0 21 0 0 0 0 4 0 14 0 1 39 21 0 0 0
10 0 0 13 0 0 0 0 4 2 22 0 5 12 0 0
0 0 0 0 0 0 0 5 8 0 0 0 0 0 0 0
0 0 0 0 0 0 0 50 0 25 39 0 0 0 0 0
32 0 0 6 0 0 42 4 0 10 19 0 35 0 16 0
7 0 0 0 0 9 30 0 0 27 0 32 10 0 0 39
0 12 0 5 0 0 0 0 35 0 0 0 0 17 0 0
0 0 0 2 0 1 0 12 12 0 0 0 0 24 0 0
0 17 0 0 10 0 6 0 0 0 0 0 0 15 0 3
0 0 0 18 0 0 0 0 20 16 19 13 11 0 0 0
14 0 0 0 0 20 4 4 0 0 0 0 0 0 0 18
11 2 0 0 0 0 27 6 0 24 10 0 0 24 0 5
0 0 8 18 0 0 30 0 0 0 32 0 0 1 19 0
8 0 0 0 0 12 0 0 0 8 0 1 7 0 0 1
0 0 0 0 4 0 0 0 0 0 28 0 3 5 0 0
