13 16 0 0 1 13 3 2 2 4 1 8 28 0 0 0
6 0 6 0 2 13 0 2 11 0 2 0 2 5 0 0
6 2 4 2 6 13 6 0 1 5 0 10 9 6 0 0
7 3 2 12 6 5 4 1 24 0 8 3 18 3 3 0
0 1 3 5 8 0 32 0 0 0 0 0 11 1 0 26
0 4 0 8 0 0 0 2 0 0 11 2 14 0 36 0
0 3 4 5 2 16 13 1 9 2 0 0 1 7 6 0
9 0 12 10 74 7 0 3 2 11 10 0 1 10 6 19
0 2 2 6 3 0 0 6 0 0 0 0 3 0 5 7
4 4 0 23 2 5 14 1 3 0 2 0 14 0 0 0
0 7 13 6 0 0 6 44 0 8 16 0 17 0 7 22
0 0 7 3 0 0 0 14 16 0 2 5 0 16 2 13
1 6 2 3 0 3 7 4 0 4 0 6 14 4 0 0
0 1 0 0 22 0 0 0 0 0 4 0 6 5 5 4
7 0 1 2 0 0 4 3 5 0 1 7 0 2 20 6
4 4 0 3 2 3 2 5 0 5 0 15 0 0 21 15
