1 0 1 0 0 0 2 0 2 8 1 13 27 0 2 4
8 5 0 13 3 0 12 8 10 0 26 0 0 0 0 0
0 0 3 0 0 1 0 0 0 11 9 0 12 1 18 0
2 0 0 1 0 24 0 3 4 2 0 2 6 14 1 0
5 9 0 14 9 0 5 2 0 7 1 0 8 0 1 7
3 0 0 3 0 3 5 0 0 2 9 0 1 0 34 2
11 1 1 4 1 6 10 13 12 0 0 0 0 0 4 2
7 5 2 5 19 0 4 6 0 2 3 2 0 7 10 11
0 0 6 7 0 7 12 2 0 5 2 0 10 0 7 11
3 4 0 3 12 0 0 8 0 0 0 21 6 0 0 0
0 5 17 0 0 8 0 16 3 10 6 0 1 3 4 0
0 1 6 0 1 0 0 3 23 0 7 0 0 28 0 10
7 0 19 0 0 10 0 0 0 4 19 2 17 19 0 0
0 0 0 4 4 0 1 0 0 10 0 0 14 0 12 0
1 9 4 2 33 18 0 5 0 0 0 13 0 7 3 8
4 5 0 0 10 6 1 1 0 0 0 5 0 5 23 12
