0 1 10 1 17 0 1 1 0 5 0 11 0 8 14 0
1 0 10 0 7 2 0 0 0 0 0 45 0 3 34 7
5 7 15 7 0 0 0 7 0 0 0 0 0 15 23 3
0 12 7 0 0 4 0 0 0 12 0 0 21 0 0 0
0 0 0 3 31 0 0 8 5 16 18 11 0 5 13 0
0 0 8 5 0 38 0 0 21 11 7 0 0 11 36 0
0 11 0 31 0 27 0 7 24 0 8 29 12 7 25 20
2 3 8 0 0 2 21 0 2 0 34 0 0 2 0 0
0 12 0 5 0 0 14 0 9 23 4 0 4 8 0 10
0 2 0 0 0 0 0 0 0 4 0 0 9 3 2 0
0 10 0 0 0 31 0 1 0 0 19 0 2 0 28 0
0 4 3 2 4 0 9 0 1 20 0 0 3 4 2 0
4 0 3 17 5 0 0 24 4 0 24 0 18 0 0 0
8 1 0 0 0 0 0 0 0 0 18 6 0 0 3 5
0 4 15 5 1 5 0 0 0 0 0 18 10 0 5 7
0 0 0 2 0 2 7 0 0 8 1 10 16 0 11 0
