0 0 0 4 4 0 1 0 3 9 0 1 2 5 1 2
4 1 4 0 2 0 12 0 8 0 4 0 3 2 0 0
1 1 11 3 0 0 0 0 0 2 6 5 0 0 0 3
3 5 3 3 0 10 1 0 0 0 2 0 0 0 2 2
0 15 3 5 0 0 0 0 1 0 2 4 0 3 1 0
0 3 3 0 2 0 0 0 9 4 1 0 0 0 6 0
0 0 0 4 0 1 5 0 0 2 1 0 4 0 2 8
0 0 0 2 0 0 0 3 2 0 2 6 3 0 0 0
0 0 0 0 0 0 7 0 1 9 0 9 0 0 0 0
0 7 2 0 8 3 11 0 15 1 0 0 7 11 0 0
2 1 0 0 0 0 2 1 0 1 4 0 3 0 5 3
0 0 0 0 0 2 0 9 6 0 0 3 2 6 0 1
2 5 0 7 4 0 0 0 1 3 2 5 0 0 0 1
6 0 0 1 6 0 9 6 0 1 0 2 6 0 0 0
7 0 4 0 0 10 0 1 1 2 1 1 2 1 9 0
3 0 0 0 5 4 1 3 2 5 1 5 0 0 1 1
