1 0 2 1 1 0 2 2 2 1 0 0 1 3 1 3
0 0 3 0 2 0 2 2 0 1 0 0 1 1 6 1
25 2 1 3 2 1 9 3 1 19 1 0 13 0 2 0
4 22 2 2 3 26 1 6 10 4 7 27 1 28 5 0
1 45 16 14 4 2 0 0 2 11 6 1 2 2 6 2
1 5 32 15 19 7 1 0 0 1 2 2 1 4 7 2
3 5 6 0 1 0 1 5 2 2 1 2 1 1 1 2
1 2 1 2 2 2 1 2 0 2 1 2 0 3 1 1
2 1 2 1 2 0 1 0 6 0 1 2 2 2 1 3
2 1 3 0 1 1 0 2 2 0 1 2 0 0 1 1
0 2 1 1 2 2 1 1 1 1 1 11 12 0 0 5
5 4 17 8 5 5 3 0 0 39 19 1 7 15 7 8
2 5 1 7 1 0 7 12 12 5 5 0 0 3 27 2
3 4 0 11 8 7 2 6 1 2 4 5 8 15 7 3
4 1 4 11 8 28 6 6 3 2 1 3 14 2 10 5
3 1 4 1 1 1 1 2 2 2 0 1 1 1 1 0
