10 9 0 1 9 24 22 0 14 0 0 0 9 9 15 0
0 4 4 0 5 0 0 0 0 0 10 0 13 14 0 0
8 0 0 0 0 0 14 9 0 0 8 0 3 27 0 1
0 0 0 0 8 39 0 5 0 21 0 1 0 17 11 0
14 0 0 13 8 1 0 0 0 9 3 24 0 5 29 0
9 0 12 0 0 0 18 21 4 8 20 15 4 0 0 2
12 0 0 0 9 0 0 0 12 0 31 0 2 0 21 8
0 1 14 0 0 3 1 15 0 0 0 0 0 0 3 0
9 0 0 0 8 0 0 11 0 12 0 7 20 0 0 5
0 11 0 9 0 0 6 4 0 2 0 1 7 5 0 0
23 14 31 0 2 0 0 0 24 0 0 0 0 0 12 0
0 0 9 0 0 3 3 14 31 0 0 0 8 2 2 1
12 0 11 14 31 0 29 0 0 0 16 5 9 18 0 0
0 4 12 12 0 4 2 2 36 11 0 38 0 0 13 9
0 0 1 6 16 10 5 8 6 0 12 0 0 0 0 9
0 27 5 23 0 0 3 1 7 6 0 0 16 4 1 0
