0 8 5 4 0 3 0 0 5 0 0 5 7 4 2 7
2 3 4 1 1 0 9 0 4 8 0 1 0 2 6 1
4 0 0 0 1 3 0 0 2 1 3 0 3 0 4 4
5 0 4 2 7 2 4 0 7 2 2 0 0 2 2 5
5 11 3 1 0 10 10 0 3 1 1 1 1 3 1 4
4 5 3 1 4 0 11 0 1 3 0 1 0 1 3 5
3 0 0 0 0 9 0 0 6 0 2 0 16 0 3 5
1 4 6 6 9 0 1 3 9 7 2 0 0 4 3 4
5 11 0 5 0 19 2 0 4 0 3 2 1 1 5 12
6 5 4 3 2 0 9 0 9 6 11 0 0 2 6 3
3 0 0 0 3 9 0 0 6 1 5 2 2 0 1 0
6 1 5 7 12 0 4 5 10 7 0 0 0 4 3 2
5 6 4 8 0 24 2 0 3 1 2 1 1 3 1 4
6 5 4 3 0 0 7 0 3 7 2 0 0 2 4 5
5 0 0 0 2 6 0 0 3 0 6 2 7 0 1 1
3 4 4 6 7 0 0 3 5 6 0 0 0 1 4 1
