6 0 0 0 3 1 0 6 0 0 0 0 0 0 0 0
0 0 10 10 0 0 0 0 0 0 0 15 0 0 8 0
1 5 8 7 0 0 28 3 5 0 0 0 0 4 0 0
0 8 9 0 0 1 5 0 0 3 0 5 0 1 0 0
1 0 7 0 0 10 0 1 0 0 0 2 0 0 0 0
0 0 6 0 0 0 0 5 0 1 0 0 5 0 0 0
0 0 0 0 9 4 0 3 0 4 0 2 0 0 0 0
0 0 0 0 10 0 0 2 0 4 0 0 0 0 0 0
19 0 0 0 0 7 6 0 0 0 2 0 0 0 2 0
0 9 14 0 0 0 0 0 3 5 0 0 0 0 0 0
0 0 0 7 0 0 16 6 0 0 0 0 0 6 8 0
0 1 0 0 0 9 3 0 0 1 0 0 0 0 2 4
4 0 0 0 0 0 0 0 13 0 2 16 0 0 0 12
0 0 0 0 0 0 0 0 1 0 0 0 0 0 0 0
0 1 0 1 7 0 2 0 0 0 0 9 8 9 0 0
0 0 0 3 0 0 15 0 0 6 0 0 0 0 5 0
