2 0 5 26 8 8 0 0 3 0 10 3 0 1 0 9
0 3 0 10 1 17 0 9 10 1 7 0 11 11 1 1
5 2 6 3 2 0 0 5 10 11 8 2 17 6 0 7
0 13 2 3 0 4 20 5 18 3 0 0 0 4 5 20
19 0 13 0 18 0 5 7 6 5 0 2 0 2 0 0
14 3 0 8 0 4 7 0 13 3 6 12 0 3 1 0
8 8 7 0 3 0 15 0 3 23 0 8 14 0 0 10
3 10 10 19 4 0 13 9 13 2 7 1 0 2 2 1
4 0 7 11 0 12 15 0 6 4 0 8 0 2 0 2
0 0 0 13 5 9 0 8 6 11 2 0 0 17 0 2
6 2 2 3 7 0 0 0 11 7 6 0 18 4 0 0
0 13 0 11 0 10 12 3 13 0 5 10 4 4 0 17
21 0 0 0 0 0 4 2 19 13 0 0 7 1 0 0
11 13 4 7 0 1 8 0 11 2 1 16 0 3 5 7
2 11 1 0 5 0 12 0 6 13 0 0 1 0 0 7
8 5 17 0 1 0 7 11 16 6 9 1 0 4 8 0
