-19 3 -12 1 8 -15 -8 -15 -12 0 -14 0 -3 -25 -14 -23
1 -7 7 -10 -10 7 -4 -2 -6 -10 -11 -23 6 -15 -10 -5
-14 -12 3 -17 3 -8 4 -10 -13 8 4 -24 11 11 -15 -6
-20 -6 8 -9 -26 -3 -2 -4 -12 -17 -19 -7 -15 -1 -29 -15
-2 -1 -15 -4 -22 -13 -11 -9 -2 -1 -9 -6 -1 -18 6 -27
-10 -11 -3 -6 0 -8 -22 -23 -12 -4 0 -14 -12 -10 -12 -15
-9 -6 -16 -24 -5 -9 8 -18 -11 -10 -13 -18 -17 5 8 16
0 -8 14 -13 -9 -16 -14 -18 -6 -20 -11 -16 -12 -13 -19 13
-2 -12 -12 -15 13 -9 -9 -17 -20 -3 -3 -11 -4 -12 0 -13
-12 -13 1 -3 12 -8 -4 -3 -7 -6 -9 -14 -6 1 -4 -10
-16 -6 3 -11 6 0 -1 6 -17 -16 11 9 12 -20 2 -10
-1 -12 -22 3 6 -4 -2 -1 -7 -11 4 -5 -10 -24 -16 10
-3 -8 -17 6 3 -20 -4 8 6 5 -7 -18 -21 -8 -17 -3
-10 3 7 -21 -6 -17 -1 1 -6 -6 -16 -5 -11 0 -18 -9
-15 -8 -4 -2 0 -2 -14 0 -18 -1 -12 -21 -12 18 2 -8
-4 7 -2 27 -3 -14 -2 -17 -2 -1 -7 -7 -7 -9 2 -11
