0 0 0 1 1 0 2 1 1 1 1 13 29 0 3 2
4 19 0 13 2 0 2 8 9 0 11 0 1 0 0 0
3 2 1 4 0 11 0 0 0 9 9 0 4 2 20 0
1 0 0 6 1 11 0 3 8 2 0 0 7 1 2 0
0 9 0 14 7 0 20 2 6 2 0 0 8 0 3 7
3 0 1 4 4 1 4 0 0 2 8 0 7 0 46 3
10 1 5 6 3 4 10 13 10 0 0 6 0 0 1 21
11 3 17 8 1 0 3 0 0 7 2 5 0 0 10 0
0 0 5 0 0 3 12 10 0 0 0 0 3 0 7 0
3 4 0 3 6 0 0 8 10 5 0 10 6 0 8 0
0 2 17 0 0 11 0 10 6 10 6 0 0 0 3 0
0 0 5 0 0 0 0 1 23 0 6 0 0 14 0 23
2 2 18 0 0 7 0 0 1 10 7 3 17 23 2 0
0 1 0 4 7 0 1 0 0 0 0 0 6 0 3 0
4 9 3 2 1 32 0 5 1 0 0 4 0 5 7 10
4 11 0 3 3 3 1 3 0 0 0 23 0 0 21 9
