14 17 0 12 11 0 15 0 20 0 0 0 0 14 14 17
13 0 0 0 26 0 19 5 0 10 26 0 15 25 52 0
0 33 12 0 0 8 9 29 14 0 0 4 0 0 0 3
38 0 0 0 22 19 0 31 0 0 16 0 4 24 0 14
14 7 30 12 17 24 0 0 0 0 18 30 15 9 23 0
0 23 25 14 26 0 25 21 0 0 0 13 18 3 11 0
9 0 0 24 0 14 16 19 2 0 8 66 14 14 19 4
0 0 19 7 21 14 0 0 18 19 6 0 32 27 0 34
25 0 0 0 2 0 7 1 20 0 0 0 0 0 3 11
0 0 1 0 2 0 8 10 0 10 26 1 24 10 49 0
0 22 12 0 4 7 13 26 13 0 0 14 0 0 0 0
24 0 10 0 14 27 0 12 0 0 8 0 0 16 0 0
8 17 35 8 0 20 0 0 0 0 21 16 21 11 23 0
0 16 23 10 17 0 23 20 0 0 0 0 12 0 0 0
7 0 0 23 11 9 0 18 0 1 0 27 0 8 15 1
10 0 0 0 21 9 0 0 6 6 8 0 10 29 0 0
