0 0 0 0 0 0 0 0 0 2 1 0 2 2 5 1
1 2 0 3 5 2 2 0 0 0 0 0 0 0 7 0
23 0 0 0 9 0 0 0 1 1 1 0 10 1 1 2
1 0 0 0 1 0 0 5 0 0 0 1 4 0 0 4
0 0 0 0 1 0 1 0 0 1 7 11 3 2 4 11
1 0 3 1 4 4 2 0 1 0 0 0 0 0 6 0
23 2 0 0 9 0 0 0 0 0 0 0 0 0 1 0
1 1 0 4 0 0 0 4 0 2 0 5 5 0 0 6
0 0 0 0 1 0 1 0 0 3 4 11 4 2 1 6
0 3 0 2 0 0 0 0 0 0 0 0 0 0 0 0
14 1 0 0 18 0 0 0 0 0 3 0 1 0 1 0
3 3 0 4 1 0 0 4 0 18 0 12 5 0 0 1
3 0 0 0 0 0 1 0 0 3 2 3 12 0 1 2
0 3 0 2 1 2 0 0 1 1 0 0 0 0 3 0
14 0 1 0 18 0 0 0 0 0 0 0 0 0 0 0
0 0 0 1 1 6 0 4 0 9 1 12 0 0 0 1
