-9 -1 -5 11 14 36 27 -6 -5 2 -3 -12 -7 -4 -7 -10
-21 -10 -14 -5 -10 -17 -17 -14 -17 -1 20 11 -5 14 10 8
18 31 33 8 18 4 22 5 0 26 -3 7 21 13 0 15
18 24 18 -8 35 23 41 5 24 11 36 14 40 31 46 22
22 41 60 43 48 1 3 2 -12 8 -5 1 10 5 5 11
-11 -4 -5 -7 -2 -1 4 -17 -6 -13 -15 -23 -1 -18 -9 -18
-10 -13 3 -4 1 -11 -5 5 5 -8 -3 16 9 7 5 25
22 12 1 5 3 20 -1 11 12 -9 -3 -6 1 12 18 -21
-10 -11 0 4 4 -11 -16 -19 -12 -11 5 0 5 1 3 1
-1 -8 -2 0 -9 4 14 5 -2 20 -2 9 1 2 -4 0
5 3 -6 3 6 -11 9 -13 -3 6 10 6 15 3 -11 -7
11 3 -1 7 -1 8 10 7 3 0 9 5 8 9 8 6
7 -4 0 1 9 9 -4 6 2 -12 15 18 15 -4 0 5
4 6 6 1 7 -6 -9 0 3 3 9 9 -15 4 8 1
2 -11 8 3 3 9 4 9 -2 9 -4 2 3 -6 -6 -9
-3 -12 5 3 -3 6 10 1 3 4 3 2 -9 11 9 -10
