2 1 0 0 18 6 2 19 9 11 0 9 3 4 25 13
4 17 11 2 2 24 3 0 7 0 0 49 1 16 23 11
1 17 36 5 0 5 1 15 7 5 0 14 3 20 27 15
0 19 7 2 3 9 0 7 9 5 4 0 30 9 28 1
0 10 0 14 23 9 4 22 2 43 0 0 7 7 9 0
6 7 4 9 0 74 1 2 29 0 15 0 7 15 51 0
0 5 5 15 9 32 5 0 17 3 13 11 19 15 21 16
1 1 0 4 4 3 9 1 0 0 8 1 5 9 3 7
2 13 11 1 0 0 29 14 15 38 5 2 10 7 0 10
0 11 0 6 20 21 1 0 0 7 2 1 10 2 8 7
9 0 1 9 0 46 4 0 8 8 2 0 8 4 25 6
0 0 6 4 7 0 0 0 0 6 0 13 11 8 10 2
11 0 5 4 2 9 0 12 5 0 25 12 16 6 12 13
5 0 7 0 0 4 0 14 2 0 3 5 0 1 0 16
0 4 18 8 0 0 0 12 13 18 6 22 3 4 15 8
5 5 10 8 0 6 10 12 3 21 4 21 29 1 11 6
