0 3 0 0 4 0 25 8 13 1 0 6 9 0 8 15
18 10 28 4 0 16 0 6 26 4 0 0 0 26 38 0
1 0 11 1 21 25 0 4 17 0 26 54 0 13 6 0
4 32 12 0 13 15 28 0 7 0 1 24 17 1 0 36
21 0 0 0 4 21 0 21 0 0 0 12 9 24 18 52
7 22 7 0 0 14 0 0 0 0 2 31 8 0 0 17
13 0 19 0 0 0 0 7 0 1 18 0 0 10 5 0
0 12 7 0 0 0 0 0 6 1 13 26 1 0 17 0
27 0 0 0 6 0 0 0 0 1 0 16 1 0 0 1
25 23 2 4 0 6 29 0 0 23 5 8 9 37 0 2
2 10 24 21 1 0 20 0 0 25 2 8 41 3 31 9
11 0 13 9 0 0 0 26 0 0 0 0 28 2 18 0
2 8 12 15 29 0 14 0 0 0 0 0 19 11 7 0
5 0 0 17 4 0 0 66 41 0 9 9 24 0 15 4
0 0 0 0 2 6 26 0 11 37 32 0 28 34 13 0
33 16 0 9 16 10 0 0 0 0 8 0 0 17 53 0
