0 0 15 25 0 0 0 0 0 0 0 0 0 0 0 2
7 0 0 0 0 0 0 2 0 0 0 0 0 0 1 0
11 0 11 18 0 9 0 0 0 0 0 0 0 5 47 8
0 0 1 0 0 0 0 0 0 0 0 11 0 0 0 0
0 0 0 0 0 24 1 9 0 0 0 0 18 0 5 0
0 20 0 0 0 0 0 0 0 0 0 0 16 4 0 0
0 0 13 0 0 10 0 0 0 7 12 0 5 27 8 0
0 0 0 8 9 0 0 0 2 0 0 1 0 0 0 4
0 0 1 0 5 0 0 4 2 6 0 0 0 30 0 0
0 0 14 0 0 0 0 0 5 8 0 0 0 1 0 11
0 0 0 0 0 0 8 12 0 0 0 0 0 0 2 0
0 0 13 6 0 8 4 0 0 17 0 0 0 0 0 0
0 1 0 0 0 0 0 0 0 1 27 0 12 5 0 0
14 0 0 0 0 0 2 0 0 0 14 0 0 0 3 0
0 0 0 0 0 0 0 4 3 0 0 0 12 0 0 0
7 0 0 12 0 0 0 0 6 0 0 0 0 0 0 3
