1 7 0 21 28 2 18 4 15 0 13 16 3 8 18 0
19 1 3 2 3 0 0 0 3 17 0 23 1 11 29 9
0 3 15 38 0 2 0 4 0 3 9 3 7 17 36 3
0 32 31 1 2 18 0 23 8 0 0 0 35 2 3 0
0 16 0 29 17 0 0 18 0 47 0 0 19 7 11 3
12 13 4 11 0 7 3 19 7 0 0 22 34 0 41 14
36 11 2 19 11 37 10 0 8 3 26 7 22 0 0 9
1 27 21 13 13 4 13 0 24 0 60 0 2 0 11 6
2 3 0 0 8 26 12 8 8 39 30 6 11 8 0 0
0 6 0 0 1 0 2 0 9 3 2 1 9 9 7 4
2 0 2 13 0 66 34 0 0 3 3 0 7 17 33 7
0 3 6 5 17 0 0 0 0 14 14 13 12 11 26 0
28 0 5 27 2 0 0 7 1 0 7 0 8 2 8 0
5 11 27 1 12 45 0 23 3 0 0 1 0 0 9 6
0 0 0 6 0 0 14 0 0 5 0 35 12 4 8 33
8 14 54 0 0 41 0 2 0 0 1 14 22 1 0 14
