16 0 12 4 0 0 0 4 0 14 7 33 0 5 0 0
3 0 4 4 3 1 3 13 1 0 20 12 3 2 5 11
0 7 5 0 13 0 1 7 0 19 1 0 0 0 6 0
9 0 0 0 5 7 8 0 9 0 3 4 0 15 6 0
9 0 5 0 0 0 0 12 0 3 9 0 5 1 0 1
9 14 0 0 0 0 0 0 0 6 2 2 2 0 1 0
0 6 0 0 3 0 20 3 11 3 0 9 0 0 0 2
25 0 32 8 0 0 3 0 0 1 8 6 0 9 8 0
0 6 0 0 14 0 0 5 10 2 10 11 3 6 3 0
8 0 0 0 0 1 10 8 0 0 3 0 5 0 0 0
0 0 1 0 0 0 0 0 5 12 0 0 0 7 0 0
0 0 12 2 0 2 0 9 0 10 0 0 0 5 1 0
1 3 12 0 0 1 1 3 0 0 0 15 0 1 0 8
6 0 0 0 0 2 0 3 6 0 7 0 2 1 0 0
0 5 2 0 2 30 11 0 11 5 0 2 3 0 2 0
16 3 0 0 0 3 0 14 5 12 4 0 4 1 0 4
