0 0 16 22 0 0 0 33 11 7 35 0 19 0 30 22
0 0 0 0 7 6 0 0 0 0 15 0 0 0 0 36
0 0 7 24 0 24 15 0 0 27 31 0 0 23 0 0
32 0 31 0 0 18 19 10 0 6 0 0 0 8 10 0
28 5 31 1 0 8 0 16 0 2 22 35 25 33 0 14
12 9 15 17 0 0 37 0 0 6 26 10 0 0 0 27
0 14 3 0 0 6 7 5 0 23 13 0 0 5 0 0
5 9 0 2 0 9 0 0 34 12 1 23 0 0 6 0
0 0 42 4 11 0 0 0 0 0 0 0 13 0 18 0
0 0 3 0 2 13 25 0 23 12 0 39 15 8 13 0
0 0 30 0 0 14 0 6 0 0 0 21 15 7 17 11
33 16 31 0 0 0 13 0 21 0 19 14 3 24 26 0
0 0 10 0 5 3 0 15 20 0 54 14 4 0 0 7
0 2 28 34 0 0 7 41 0 12 17 0 11 0 0 0
0 19 0 0 0 19 7 12 41 0 29 2 0 5 0 0
25 6 7 0 0 13 17 11 0 0 31 0 6 51 0 33
