-17 -18 -37 10 23 -23 1 10 -15 -23 9 4 -3 -26 -23 -23
-29 -6 -16 -8 9 -10 -13 -6 -10 -1 -17 -23 -11 -18 -39 2
-3 10 -14 -38 -6 41 -35 -28 5 -3 -7 -13 -10 2 -13 18
-10 -2 12 -7 -5 -23 -10 -12 3 -8 -7 -6 -16 -5 -3 -23
8 -1 -5 -18 9 4 -6 -34 -20 4 -23 -6 -27 -12 -5 2
-1 -37 15 -13 -23 -2 -4 -50 -15 31 27 -9 -2 -4 26 -15
10 -23 -27 -24 -1 6 4 1 16 -17 -9 11 -16 -4 -4 -8
-16 -23 30 10 20 -1 -5 -9 14 13 -5 0 24 -2 12 18
-17 4 -18 2 -6 5 -11 -20 -10 -20 1 -32 -9 -7 -36 -2
12 14 15 14 0 -17 -7 1 -7 -2 5 6 -18 -6 -39 -19
-29 0 64 -10 4 -13 -12 15 -18 13 18 24 -7 2 -14 -16
-9 -2 -9 -3 -14 -17 10 -11 6 -17 -4 0 4 28 -16 -28
-4 -21 -6 -30 9 18 -32 -11 -31 4 0 8 -16 -4 -9 2
9 -27 5 -15 18 -7 -17 -9 -23 19 -9 -1 -3 9 1 -23
26 -3 -15 12 -7 -3 -29 -8 -15 5 -4 58 28 30 11 -12
-7 87 -22 -28 0 -3 -11 -15 -14 -4 -10 -19 -29 2 -15 -18
