0 0 16 13 3 24 0 11 10 7 30 0 5 14 14 18
0 0 16 13 7 5 11 3 10 0 3 0 0 0 12 21
1 0 2 24 0 5 12 13 0 27 18 0 0 21 2 36
28 7 31 0 13 18 11 14 21 5 42 0 0 7 11 0
10 4 24 1 0 8 0 5 0 20 14 18 12 3 0 14
6 6 4 4 0 0 31 8 0 6 23 10 9 0 34 9
0 14 3 0 0 5 0 5 0 11 13 0 0 12 15 29
5 9 1 2 0 6 0 0 26 3 16 15 0 2 6 0
0 0 5 4 6 0 5 11 0 1 27 4 2 0 3 3
5 0 23 0 0 0 3 0 8 12 0 35 12 8 2 0
14 0 14 0 0 4 0 5 0 0 0 2 3 5 7 9
24 3 26 0 0 0 13 0 21 0 14 5 34 10 24 13
22 0 10 0 22 3 10 15 10 0 37 20 19 0 0 14
2 11 14 10 0 0 8 14 0 12 1 13 11 0 0 0
0 2 0 0 0 19 7 14 20 0 1 2 18 2 11 0
4 6 4 0 0 13 1 22 0 9 31 16 6 30 0 9
