0 0 4 14 4 0 0 0 0 0 0 0 0 0 0 0
3 0 0 0 0 0 4 0 1 0 0 0 0 0 0 0
1 0 10 5 0 1 0 0 0 0 5 0 0 1 1 0
0 0 0 0 0 2 0 0 0 1 0 8 0 0 1 0
0 0 0 0 0 20 1 2 0 0 0 0 3 0 0 0
0 2 0 1 0 0 0 0 0 0 0 0 13 2 0 22
0 4 2 0 0 1 0 0 3 3 6 0 5 2 1 0
0 0 0 0 0 0 0 0 12 0 0 0 0 4 3 0
0 0 9 0 7 0 0 3 4 4 0 0 0 12 0 4
0 0 13 0 0 4 0 0 4 4 1 0 0 0 0 8
0 0 0 0 0 0 15 4 0 5 0 0 1 0 0 0
0 3 8 0 5 6 5 0 0 2 8 0 4 0 0 0
0 0 0 13 0 0 0 0 2 0 11 0 8 4 7 4
10 0 3 0 6 0 0 0 0 0 21 0 2 2 0 0
9 0 0 0 5 0 0 1 1 0 0 0 9 0 0 0
4 0 0 11 0 3 0 2 12 0 0 0 0 0 0 0
