0 0 2 28 14 0 0 0 6 0 9 2 0 24 0 9
0 0 0 10 0 0 0 10 0 0 18 0 8 0 10 0
0 0 0 0 0 0 31 0 0 0 0 0 0 0 0 0
15 23 6 0 8 10 13 0 0 4 0 0 7 12 0 0
0 6 0 0 7 18 2 0 2 0 0 0 9 3 1 5
0 0 0 4 0 6 0 0 0 0 0 13 0 0 0 0
0 0 0 18 5 0 5 0 20 0 8 0 0 0 0 0
0 0 0 0 0 0 0 6 0 0 5 0 0 10 0 0
0 5 0 5 0 6 33 0 12 0 0 0 0 2 0 0
0 0 0 0 1 3 0 0 17 0 0 7 0 0 10 0
0 17 0 0 0 0 0 9 0 0 0 4 0 0 7 0
0 8 0 0 0 0 0 0 0 0 31 0 0 0 0 5
0 0 0 0 6 0 0 4 0 0 8 1 0 0 0 0
7 0 18 0 3 0 8 0 14 0 0 3 0 0 0 0
0 0 1 0 5 15 0 0 0 5 6 12 5 10 1 2
11 15 0 0 0 0 10 0 0 0 0 0 0 0 19 0
