0 0 0 0 0 0 0 0 0 0 0 0 0 0 0 0
0 0 0 0 0 16 0 0 0 0 0 0 0 0 0 0
0 0 13 0 0 0 0 0 0 9 0 0 0 0 0 0
0 0 0 4 0 0 10 0 0 0 0 0 0 0 0 0
0 0 0 0 0 0 0 0 0 0 0 0 0 0 0 0
0 0 0 0 0 0 0 0 0 0 0 0 0 0 0 0
0 0 0 0 0 0 0 0 0 0 0 0 0 0 0 3
6 0 6 0 0 0 0 0 3 0 27 0 12 0 0 1
0 0 0 0 23 0 0 0 0 0 0 0 9 0 0 0
0 0 0 0 21 0 0 2 0 0 3 0 0 0 0 0
0 0 0 0 7 0 0 9 0 0 0 0 11 0 0 0
22 0 0 0 3 0 0 9 0 0 0 0 0 0 0 0
0 0 0 0 3 0 5 1 0 0 0 0 0 0 0 0
0 0 26 0 0 0 10 0 0 0 0 0 0 0 0 0
0 0 0 0 0 2 0 0 0 3 0 0 0 21 0 0
0 0 0 26 0 0 0 0 2 0 0 0 4 0 0 3
