0 0 0 0 0 0 21 4 14 0 4 0 0 8 0 0
0 31 2 0 0 14 3 0 12 13 8 3 4 0 0 0
0 0 0 0 4 0 0 0 0 0 0 17 0 0 0 0
0 0 0 0 19 0 0 0 0 0 0 4 0 0 11 0
0 0 0 0 0 0 0 34 6 0 0 0 0 14 0 0
0 0 0 0 24 0 0 0 0 15 0 0 11 0 27 0
0 0 0 0 0 0 0 0 0 0 0 0 4 15 4 0
0 8 0 0 0 9 0 20 0 3 18 9 0 15 0 9
10 0 0 0 0 0 0 0 0 0 0 0 2 0 0 0
0 31 0 0 8 0 26 0 0 0 0 0 10 0 0 0
0 0 0 0 0 0 0 15 0 0 21 0 0 0 0 0
0 19 0 0 0 0 0 0 20 0 13 0 0 0 0 18
0 0 0 0 0 0 0 0 3 0 0 0 0 13 0 0
0 8 0 0 0 0 0 20 3 19 0 0 0 0 0 0
0 0 23 4 19 6 0 20 10 0 0 0 33 0 2 0
0 0 10 1 0 0 0 0 22 27 0 0 0 0 0 0
