2 0 9 2 17 5 6 5 1 8 2 15 3 6 15 2
5 2 10 2 8 2 4 9 8 0 3 48 1 5 34 0
6 13 20 14 0 6 4 12 0 12 10 4 3 19 17 7
0 17 8 2 2 4 0 7 1 15 1 0 30 10 1 0
0 7 0 16 32 4 3 15 9 14 16 0 14 11 14 4
8 11 12 8 0 39 0 1 20 6 6 0 4 13 39 0
0 8 0 21 8 38 0 0 24 6 14 16 12 8 25 22
3 3 3 0 0 3 21 1 1 2 36 0 1 8 0 6
2 13 2 2 0 0 15 3 19 24 5 5 7 8 0 9
0 2 0 4 3 0 0 0 4 13 0 2 12 3 8 7
1 4 0 12 0 33 1 0 0 2 24 0 1 17 30 5
0 4 5 9 6 0 0 0 0 17 0 0 7 3 2 0
9 0 5 20 0 0 0 32 2 0 25 7 19 3 8 23
4 3 11 0 0 1 0 6 5 0 15 8 0 0 6 17
0 10 15 11 0 2 0 3 4 2 0 24 19 5 6 22
16 7 6 2 0 7 11 4 2 14 9 11 22 1 13 6
