3 49 0 0 0 0 2 19 0 0 1 3 0 0 0 15
3 18 2 0 0 20 1 0 5 1 0 0 1 17 0 0
7 1 9 3 5 0 0 0 16 3 0 26 3 9 0 0
21 5 9 0 14 10 7 0 33 0 4 2 1 15 15 10
0 4 8 12 3 0 18 0 0 0 0 0 8 3 4 0
5 19 0 16 0 16 0 0 0 0 11 0 0 0 3 0
0 0 15 2 3 0 3 0 0 0 0 0 0 0 1 13
2 0 27 1 0 10 0 7 6 2 4 4 4 0 0 6
2 7 0 5 12 0 0 7 1 7 3 0 3 1 0 0
5 9 1 17 3 1 0 0 1 0 22 5 6 0 0 0
0 0 3 0 0 0 6 17 25 0 9 0 0 0 12 0
0 6 7 5 0 0 0 3 0 0 0 1 24 0 3 0
8 0 9 3 0 0 0 10 4 1 2 26 0 2 0 0
0 9 0 0 28 0 3 0 0 4 7 0 0 6 3 11
3 0 2 14 0 0 0 6 7 0 2 11 1 0 8 2
6 26 0 2 0 12 11 1 0 5 0 0 21 1 1 5
