-9 -9 -11 13 0 -7 1 32 -6 -8 -18 -24 4 -10 2 49
-28 -9 9 -13 -1 -2 12 12 -10 6 -8 4 -8 24 -5 -11
-20 -3 -31 2 8 11 -19 6 -16 -15 -7 0 -4 12 23 0
-7 1 -25 4 -13 -12 -13 -31 8 -3 -8 -16 -18 11 -24 1
2 -18 1 -7 -6 7 19 -6 -1 -5 -36 21 -22 -3 -6 -14
-6 -9 6 -13 -2 -5 18 -13 -14 38 33 -13 16 -2 -1 -3
13 -4 -20 -20 -17 3 8 0 10 16 -19 9 -8 -5 3 10
-19 5 20 -3 40 -10 -30 -1 16 19 10 3 17 -7 -14 18
-1 22 -26 6 -4 2 -15 -2 -1 -17 33 -17 2 1 -40 26
9 -5 -10 21 6 -25 9 -6 30 -3 12 -1 -16 -5 -10 -6
-8 -9 -13 0 -9 -4 -3 23 20 19 13 43 23 -17 0 6
-17 -5 -12 -5 -18 -14 -4 -1 -28 -15 -28 -13 25 5 -10 -26
-15 -14 -19 -7 -6 2 -11 -3 3 -1 0 -2 -3 -8 -48 -2
-24 -21 -2 21 33 21 -21 -7 -8 40 -19 -6 6 -13 57 -16
24 -10 -3 16 3 -9 -36 -7 -11 1 25 37 17 -5 23 -12
-1 54 -19 -20 -4 2 -12 0 -17 -1 -18 -2 4 -10 -13 -9
