4 15 3 11 9 0 1 0 6 0 0 0 0 16 8 6
9 3 10 26 6 0 3 8 0 15 0 0 16 11 10 0
0 4 7 0 0 0 4 10 12 0 0 5 0 0 2 7
6 15 5 0 2 12 0 7 0 0 8 0 0 1 0 10
0 1 1 3 3 4 0 0 0 0 0 11 2 19 5 6
0 2 17 5 3 0 0 8 6 0 0 0 6 21 10 0
12 15 0 15 0 10 4 9 1 2 13 25 1 22 2 0
3 5 12 7 1 5 1 0 3 15 3 5 10 1 9 15
12 11 1 24 37 0 5 1 5 0 0 0 0 7 16 9
14 3 7 2 5 0 2 5 0 8 0 0 2 1 14 0
0 1 13 0 4 0 1 3 18 0 0 14 0 0 7 3
14 20 5 0 2 9 0 2 6 0 9 0 0 8 0 3
8 0 2 1 3 30 0 0 0 0 1 11 1 2 11 10
0 25 16 11 6 1 13 13 8 6 0 10 1 11 0 0
14 3 0 6 6 16 25 7 0 2 0 1 5 0 7 4
8 15 1 9 9 20 0 0 11 18 5 0 8 11 12 2
