0 0 0 13 0 0 8 15 0 4 0 0 7 13 21 5
14 10 21 7 0 8 15 0 0 0 36 0 0 0 0 0
2 13 0 4 0 8 10 14 26 7 2 0 28 34 4 0
0 13 0 6 0 0 0 0 1 9 0 0 0 0 0 0
0 10 3 15 0 0 4 4 0 0 2 0 0 0 0 0
22 0 5 0 18 16 7 0 0 0 0 0 5 0 0 6
0 8 19 0 0 0 0 0 0 0 0 0 20 0 21 20
0 0 25 0 0 0 0 7 0 0 0 0 0 10 0 11
6 6 5 0 10 0 2 0 0 0 5 0 0 9 11 0
15 0 0 21 0 0 0 0 0 0 0 0 7 0 0 0
8 6 26 15 9 0 0 0 0 1 0 0 0 0 0 3
0 26 0 0 0 0 1 0 6 0 2 0 0 0 5 1
0 26 0 0 0 0 0 0 5 0 7 8 1 0 0 0
25 13 0 0 11 0 0 11 0 6 0 8 0 1 0 21
0 0 0 22 0 13 0 0 0 0 8 0 24 4 0 0
16 0 0 0 0 0 20 26 19 0 0 0 0 13 0 0
