0 0 3 0 0 4 10 4 0 0 0 1 22 0 0 20
0 13 0 2 6 0 10 0 0 0 4 0 0 0 0 3
0 0 0 0 0 17 0 7 13 0 5 2 15 1 7 0
7 0 0 0 3 7 0 4 22 0 0 1 6 18 0 8
0 21 12 9 19 0 13 0 0 0 0 0 5 1 5 6
0 4 0 0 0 14 0 0 0 0 23 17 4 0 22 2
12 0 19 3 4 0 6 0 16 0 0 0 0 0 0 22
9 8 18 30 0 1 3 0 3 7 6 0 0 6 0 20
0 1 6 0 0 10 0 1 0 3 0 0 9 0 5 10
2 0 0 9 0 1 0 0 7 0 0 19 0 0 0 0
0 0 0 0 1 0 0 30 13 1 0 3 0 3 3 0
9 1 0 0 0 0 0 4 0 0 4 0 0 16 0 2
26 0 11 0 2 0 0 0 0 0 11 35 0 11 0 2
0 0 0 0 17 0 0 0 0 0 4 0 8 3 9 0
14 0 0 0 0 37 0 2 0 0 0 14 3 10 8 19
0 55 0 0 3 11 0 0 11 0 0 20 1 8 16 7
