1 0 1 0 2 2 11 2 0 4 1 0 19 0 1 16
3 13 0 0 8 0 7 0 1 1 1 0 2 0 0 3
1 0 8 0 0 23 0 3 3 10 0 2 14 0 6 0
9 0 0 0 1 5 0 3 18 0 0 2 2 18 8 2
0 13 12 10 19 0 11 0 1 0 3 0 4 0 1 7
0 1 0 1 0 15 0 0 0 7 12 14 10 0 17 3
9 2 19 3 5 1 0 0 15 1 0 0 0 0 0 21
11 14 17 30 1 0 0 1 2 10 7 2 2 8 0 14
0 0 8 0 0 11 0 2 0 0 1 0 14 0 2 0
0 0 0 12 6 0 0 0 3 0 0 19 2 0 0 0
0 4 0 0 4 0 0 29 12 0 0 0 0 5 4 0
5 0 0 0 2 0 0 5 0 0 3 0 0 14 0 0
28 0 11 0 0 0 0 2 0 1 7 38 0 5 0 0
0 0 0 0 17 1 3 0 0 0 0 0 2 1 3 0
10 0 0 0 0 34 0 2 1 0 0 19 0 8 5 20
0 53 0 0 4 11 0 2 9 0 0 19 0 3 20 7
