0 0 0 14 0 0 0 19 0 6 0 0 8 18 22 8
10 13 20 7 0 11 18 0 0 0 38 0 0 0 0 0
3 8 0 0 1 5 10 17 28 15 5 0 37 39 1 0
0 23 0 8 0 0 0 0 3 13 0 0 0 0 0 0
0 12 2 17 5 0 4 4 0 0 0 0 0 0 8 0
20 0 1 0 16 21 6 0 0 5 0 0 0 0 2 4
0 9 21 0 0 0 0 0 0 0 0 0 18 0 19 9
0 0 25 4 0 2 1 18 0 0 0 0 0 11 0 5
10 6 4 1 4 0 4 0 0 0 9 0 0 0 14 0
12 0 0 19 0 0 0 0 0 0 0 5 10 0 0 0
8 7 25 13 6 0 0 0 0 0 0 0 0 0 0 9
0 21 3 0 0 0 0 0 4 0 0 0 7 0 4 2
0 20 0 0 0 0 0 13 9 0 8 12 1 0 0 0
31 13 0 0 15 0 0 9 0 18 0 3 7 3 0 24
0 0 0 28 0 11 2 0 0 0 9 0 23 6 0 0
18 0 0 0 0 0 19 22 16 1 0 0 0 8 2 0
