3 32 11 0 4 0 8 23 1 9 1 13 33 0 0 22
1 22 0 10 6 18 9 5 10 2 11 0 2 0 2 8
6 0 0 0 0 19 0 3 17 4 9 27 18 14 1 0
20 0 0 3 21 11 0 0 12 4 0 0 6 0 5 18
0 9 8 4 1 0 4 1 0 2 1 0 8 6 5 18
3 19 0 10 2 21 5 0 0 4 18 2 8 0 46 0
4 0 19 4 1 20 10 13 20 3 0 0 0 0 0 12
12 4 22 12 2 0 0 0 0 2 3 5 2 4 10 0
0 0 7 0 1 7 12 12 0 0 3 0 3 0 7 14
3 9 0 9 3 0 0 8 17 5 25 5 6 0 0 0
0 2 17 0 2 0 0 13 17 1 6 0 0 3 1 0
0 0 6 0 1 0 0 2 24 0 6 0 31 29 0 23
3 4 9 0 0 15 0 0 2 11 0 2 17 5 0 2
0 8 0 4 2 3 2 0 0 5 0 0 1 0 8 0
10 9 1 13 0 7 0 1 0 0 0 2 0 6 3 10
4 27 0 3 9 4 7 0 0 0 0 23 23 1 29 7
