2 0 20 6 3 3 0 0 9 5 3 9 6 18 4 19
0 0 0 10 11 24 0 0 15 10 2 0 12 26 0 2
0 4 9 3 7 7 0 18 20 19 1 1 11 7 0 10
0 14 8 7 0 7 4 7 18 1 6 0 0 11 11 20
26 0 0 0 19 0 7 10 6 2 0 1 0 8 0 0
12 18 0 1 1 7 7 0 0 2 16 24 0 6 3 0
12 18 8 0 8 10 7 0 7 3 0 8 16 13 0 9
5 21 10 19 13 4 32 3 21 3 2 5 0 5 2 6
6 0 10 4 0 7 11 0 1 7 0 9 0 18 0 2
0 0 3 11 6 7 5 3 16 5 2 0 0 29 12 1
6 2 11 3 7 0 0 0 21 7 6 5 9 13 0 3
0 11 4 0 0 11 6 2 13 2 5 2 24 20 0 17
27 16 5 0 0 0 10 14 29 3 0 0 8 5 2 0
2 1 4 0 0 4 6 0 20 11 8 19 0 3 9 7
3 12 5 0 4 0 5 0 8 0 0 0 5 4 0 18
1 21 11 0 9 0 7 3 27 0 6 2 0 0 7 15
