12 0 12 12 0 4 0 0 2 0 22 13 3 14 0 23
0 0 0 9 4 23 0 2 29 2 10 6 10 23 2 0
3 3 11 3 6 0 0 3 12 3 8 1 8 6 0 11
0 8 0 0 8 9 3 2 13 7 0 0 0 15 0 20
27 0 0 0 0 0 5 5 6 2 0 3 0 3 0 0
14 7 0 4 0 2 4 0 8 6 12 24 0 11 2 22
17 9 5 0 8 10 21 6 11 16 0 8 16 1 0 7
10 7 8 17 2 0 20 0 14 11 3 7 0 4 6 10
0 0 10 5 0 5 15 0 3 5 0 4 0 13 0 15
0 0 0 6 2 0 0 4 28 2 2 0 0 20 10 2
0 3 10 3 7 0 0 0 10 5 6 2 10 3 0 0
0 6 2 8 15 13 3 4 9 2 3 0 4 23 0 17
27 0 0 0 2 0 2 2 22 3 0 0 7 2 0 0
11 5 1 0 0 2 4 0 10 7 6 19 0 5 0 7
7 7 1 0 11 0 16 0 4 10 0 0 9 0 0 17
13 13 9 0 5 2 7 0 12 0 1 4 0 3 7 6
