0 0 1 0 0 1 0 0 0 0 7 1 0 0 0 0
1 0 0 0 0 2 0 0 0 2 1 1 0 2 0 0
3 0 6 0 7 3 0 5 0 1 0 0 0 0 0 0
0 0 0 0 2 2 7 0 0 3 0 0 0 3 0 0
0 2 8 0 2 0 0 0 0 0 0 1 0 0 0 0
0 0 0 2 1 3 4 2 0 0 0 7 2 1 0 5
0 0 0 0 0 0 0 0 0 0 0 0 0 2 0 3
0 1 0 5 0 0 0 0 0 0 4 0 0 4 0 0
2 0 0 0 0 1 2 0 0 0 5 2 0 0 0 0
4 0 0 0 0 3 0 4 1 0 0 2 0 5 0 0
0 3 5 2 3 1 0 0 1 2 0 0 0 1 0 4
0 0 0 0 1 0 6 1 0 2 0 2 0 0 0 2
0 2 11 0 2 0 0 0 0 0 0 2 0 2 0 0
2 1 0 5 0 2 3 1 0 0 0 6 2 1 0 2
0 0 0 0 0 0 0 0 1 0 0 0 0 2 0 1
0 3 0 4 0 0 0 0 0 0 3 2 0 4 0 4
