0 9 16 0 2 4 1 2 20 0 0 81 23 7 0 3
11 5 0 0 0 11 2 11 1 3 8 3 1 3 2 9
14 15 0 0 13 0 12 16 7 2 0 0 15 10 15 6
27 13 5 0 29 13 0 15 13 3 7 8 0 0 10 10
0 49 8 0 2 2 5 6 0 16 0 0 19 12 4 2
2 8 0 0 0 7 0 2 8 0 8 2 11 29 12 12
5 6 0 0 3 0 12 9 4 0 11 0 5 0 35 3
0 38 21 0 6 6 0 12 21 0 5 0 0 0 9 0
0 12 9 0 21 15 7 8 16 0 0 77 5 0 0 22
6 8 0 0 0 8 0 2 5 0 0 23 8 12 13 25
9 9 0 0 3 0 11 11 6 0 29 0 1 0 3 26
0 28 5 0 28 12 0 5 31 0 8 0 0 0 4 14
0 40 11 0 0 4 4 0 0 20 1 2 31 5 0 6
7 3 0 0 0 11 0 7 12 0 0 18 11 15 5 20
7 13 0 0 2 1 15 7 2 0 18 0 1 0 9 10
15 30 13 24 16 14 0 3 11 0 2 0 0 0 0 4
