17 0 0 2 0 0 9 5 18 0 0 2 5 0 13 18
0 1 12 20 0 0 4 0 3 0 0 0 0 0 3 5
2 0 4 2 0 0 0 16 7 14 10 0 0 6 0 0
11 2 0 0 0 0 1 0 0 0 18 0 0 7 0 0
2 6 0 0 0 0 11 6 0 0 10 1 0 0 0 0
0 10 6 27 5 20 0 1 0 3 0 0 0 6 0 0
0 3 11 11 6 9 2 0 17 7 19 5 0 6 5 0
0 19 0 8 6 6 0 1 2 0 2 8 39 0 2 11
7 7 0 0 9 0 11 0 4 0 0 1 0 0 12 10
0 0 7 21 0 0 0 0 5 0 0 0 0 0 4 10
6 0 3 0 0 0 0 11 4 13 4 0 0 5 0 2
0 1 0 0 0 0 3 0 0 0 24 0 0 7 3 0
0 6 0 0 0 0 11 10 0 6 8 2 0 0 0 0
1 8 3 30 0 13 0 6 0 0 1 0 0 0 0 0
0 4 11 7 9 10 7 0 13 2 7 0 0 6 7 0
17 0 0 0 6 0 0 3 8 0 4 8 22 0 2 11
