8 4 7 0 14 2 31 18 0 10 0 5 0 6 14 18
1 14 26 0 8 23 0 0 0 0 1 37 0 13 0 17
6 0 26 0 0 3 0 7 2 0 0 8 0 8 3 12
0 6 18 0 1 1 0 18 14 27 0 0 19 0 16 0
0 4 0 2 20 0 8 18 0 45 0 11 0 6 1 0
2 0 0 5 0 69 0 0 25 1 12 1 0 1 19 5
23 20 0 21 1 3 38 1 11 0 0 18 3 7 14 11
3 13 32 31 8 2 24 12 6 0 57 0 0 0 0 6
0 10 4 13 0 3 22 11 1 35 17 0 7 1 0 9
0 11 0 7 38 17 0 0 0 0 8 18 0 2 1 0
12 0 0 0 0 15 0 1 11 7 20 0 0 0 8 0
0 8 4 0 3 6 12 1 0 8 1 17 12 24 3 0
1 0 0 1 2 12 0 0 3 0 6 0 30 0 0 0
24 0 0 23 0 11 16 4 0 0 3 0 0 0 5 4
20 1 16 29 16 0 10 4 0 4 6 21 3 0 15 2
0 11 12 25 0 27 1 15 23 16 2 3 6 0 9 1
