5 9 0 1 9 6 0 5 0 0 2 0 0 0 13 0
8 0 8 7 0 0 4 0 0 5 0 0 0 0 16 2
0 0 0 2 0 3 0 0 0 0 7 0 12 10 13 21
0 0 4 0 0 0 0 0 9 0 16 0 13 2 2 0
5 5 1 5 5 0 0 2 9 4 0 8 6 0 16 4
16 3 1 9 2 5 0 0 0 7 7 4 10 0 0 9
2 5 13 0 0 3 0 8 0 21 2 5 10 6 7 0
1 5 8 2 0 3 0 0 3 0 11 7 0 1 1 2
0 6 4 10 5 2 3 0 5 1 0 12 4 16 0 11
0 3 3 2 0 0 5 0 0 3 6 0 3 3 5 0
5 0 0 8 0 9 0 5 1 0 17 0 5 1 0 0
0 11 9 0 13 7 0 2 7 2 15 5 0 7 0 10
0 2 3 4 10 0 3 0 6 0 3 1 0 0 3 1
9 0 0 0 0 1 1 3 0 0 7 6 10 16 5 0
9 0 0 0 14 2 9 1 2 0 0 17 0 2 8 18
0 4 0 10 0 8 1 13 8 0 0 8 0 0 2 1
