3 17 8 0 11 17 2 10 0 1 4 7 0 18 11 8
0 3 2 1 6 0 0 0 5 14 0 1 10 8 3 1
0 3 8 0 3 4 9 4 10 0 0 7 4 7 0 9
25 3 1 0 7 0 16 0 0 5 28 1 1 1 1 6
0 0 0 0 5 2 0 3 17 0 4 1 10 6 3 13
0 0 9 0 0 16 0 5 0 0 0 13 0 0 0 0
5 7 4 0 9 1 7 10 5 0 0 0 0 6 4 12
0 1 6 0 0 7 4 0 0 15 0 8 0 0 7 9
0 14 6 10 6 10 6 20 0 0 3 0 0 20 18 19
0 3 6 1 2 0 5 0 6 18 0 10 21 16 10 4
4 7 12 5 0 9 0 8 12 0 4 0 3 0 0 8
23 0 0 0 6 0 20 0 0 0 23 3 21 9 0 11
5 0 0 0 1 3 0 0 26 0 3 1 3 5 2 11
0 0 5 0 0 18 0 12 0 6 0 3 0 2 0 0
12 13 0 0 21 9 3 0 10 0 0 0 0 0 2 15
0 0 12 4 7 2 5 4 0 13 0 21 0 0 8 0
