14 3 14 0 3 3 9 7 26 3 37 0 49 35 19 28
12 54 3 5 11 2 4 19 3 3 17 1 22 27 58 8
20 15 6 74 4 30 2 23 2 6 1 1 18 11 4 1
9 2 10 72 36 24 59 17 61 19 9 30 46 93 82 0
24 49 58 48 29 13 8 13 2 12 18 18 24 16 22 16
15 22 26 13 17 10 24 22 42 20 6 39 47 9 1 8
21 15 19 2 14 2 2 12 5 3 5 4 4 4 24 20
5 21 10 31 22 2 15 37 40 30 8 23 33 7 17 3
16 41 6 8 0 0 8 5 2 17 4 6 23 2 41 16
41 20 31 13 74 17 3 4 19 6 26 15 5 0 33 27
23 7 11 9 11 1 8 10 0 19 2 14 9 0 1 7
5 12 7 30 14 7 2 2 0 24 27 3 35 4 4 16
1 16 2 7 23 47 2 9 1 25 15 20 0 53 5 5
14 23 1 4 30 5 4 0 0 3 14 1 9 6 2 6
4 0 9 24 5 20 0 32 6 3 9 15 25 1 2 5
80 17 34 12 3 57 8 8 22 37 0 1 2 1 1 4
