1 -17 -5 12 -10 15 -17 5 -31 11 -31 -15 -46 32 3 -16
0 30 9 -2 1 23 12 -31 -14 -9 55 9 -2 5 39 -2
14 12 16 57 20 52 -5 -22 24 -37 -18 43 8 5 -23 4
-18 29 7 -26 22 -39 -60 -44 0 -24 -16 -65 -72 -21 97 0
-42 -128 -72 91 34 -32 -8 19 -25 -10 -7 1 -3 19 -12 21
10 3 51 28 -40 -21 0 -39 37 5 3 35 -14 6 -10 -33
4 -5 19 -8 -1 8 -15 6 -2 47 -25 47 3 -9 -20 31
29 -19 25 7 27 -10 -6 28 9 -25 2 -14 -10 -22 -33 -6
18 63 -13 13 56 0 -12 10 53 -50 -11 4 -33 -13 -7 3
21 43 -33 -28 10 -29 25 13 -4 12 -54 13 -8 -18 47 -2
-42 36 -18 -10 -49 44 37 4 17 -26 32 -12 6 16 6 23
-13 9 -2 22 0 12 24 -17 34 68 42 0 17 26 -15 -32
29 5 4 -16 -10 11 8 48 27 44 -2 6 -5 -8 15 -14
-2 25 -8 -10 -3 10 13 9 -6 -27 15 -33 20 -13 53 -22
3 -4 -4 33 -17 45 7 33 -8 -8 -17 36 -23 8 20 15
-13 16 -24 3 -9 -20 17 -23 57 -2 -6 -5 1 -5 -3 -6
