1 3 2 0 10 3 16 8 6 0 8 6 2 20 21 0
4 3 19 2 15 2 2 15 8 0 11 28 3 1 35 14
1 0 2 36 0 0 0 6 0 8 0 9 5 31 22 9
0 5 19 1 14 0 15 4 1 4 8 0 9 1 0 13
0 15 0 16 1 0 4 26 5 21 10 0 14 23 13 8
4 9 4 2 3 24 0 8 4 3 5 0 53 5 23 12
20 13 0 23 12 7 0 0 26 3 6 4 10 0 0 15
5 12 8 5 4 3 8 1 9 2 39 0 11 1 0 8
2 1 4 0 5 7 23 7 12 29 17 4 15 8 0 0
0 3 0 0 0 7 10 1 7 7 4 1 0 3 9 4
0 3 1 4 0 15 22 0 2 1 8 0 6 10 12 3
0 0 16 5 7 0 0 0 3 12 0 4 16 0 13 5
8 2 9 29 6 4 0 8 0 0 29 0 16 12 4 6
17 3 13 0 7 11 0 15 6 0 12 6 2 4 16 7
0 7 1 6 0 0 0 6 0 2 0 5 6 4 7 26
0 0 7 0 12 8 6 3 2 0 8 9 11 1 10 8
