2 0 2 1 0 0 2 3 0 9 0 0 0 1 10 0
18 0 10 0 0 0 6 0 0 2 0 6 0 21 0 0
0 0 0 0 0 0 0 0 12 0 0 0 0 10 1 2
0 0 9 0 0 0 20 0 0 0 0 9 0 3 0 12
0 0 0 0 17 0 4 1 4 0 1 4 5 11 17 1
3 2 0 6 4 0 1 8 0 0 0 5 0 0 0 0
0 8 10 6 0 2 2 5 0 4 0 2 13 0 0 0
10 0 19 0 0 0 0 0 27 0 1 3 0 0 0 16
0 0 2 12 0 0 6 0 1 5 2 3 0 1 0 0
21 0 12 0 0 0 0 0 0 11 0 4 0 0 0 0
0 13 1 0 0 0 0 1 0 0 0 0 11 15 10 0
0 0 0 0 4 0 18 16 0 0 1 2 0 3 0 6
0 0 6 2 0 0 1 1 11 1 2 5 21 5 22 0
1 1 0 0 0 11 0 13 0 0 0 1 5 4 3 0
0 0 1 0 5 0 2 0 0 0 0 5 0 2 0 0
18 0 22 0 0 0 0 1 31 0 10 5 0 3 0 22
