5 9 0 0 2 12 0 1 0 9 3 5 31 0 2 0
0 19 0 11 1 0 0 0 10 0 9 0 0 8 0 7
1 22 11 0 0 15 0 0 2 7 3 0 4 0 27 0
10 1 0 2 0 3 0 11 3 0 1 6 9 9 3 6
0 2 5 3 6 0 1 0 1 2 5 0 0 1 0 13
0 0 0 4 0 16 0 0 0 4 5 14 4 0 38 0
0 0 3 4 1 25 0 5 22 0 0 0 0 0 0 11
11 1 13 13 4 0 0 0 0 10 7 1 0 2 4 5
0 0 11 0 7 5 9 12 0 5 0 0 0 0 7 0
0 0 0 31 2 1 0 4 14 1 0 12 10 0 0 0
0 4 24 0 0 0 0 34 29 19 9 0 4 0 10 0
5 1 2 0 11 0 0 10 22 0 5 0 0 21 0 22
1 1 21 0 0 5 0 0 0 8 2 9 25 12 0 2
0 4 0 4 15 2 1 0 11 3 0 0 12 0 5 0
5 6 0 4 1 15 0 3 0 0 0 13 15 1 2 24
0 13 0 5 3 5 1 0 5 0 0 17 0 4 11 1
