0 6 0 0 0 0 5 4 5 0 0 0 5 0 0 0
2 0 12 7 0 13 5 0 0 0 0 0 0 9 3 0
0 0 12 2 0 0 0 0 0 1 0 0 0 0 4 0
1 0 8 6 0 0 5 0 9 0 0 0 0 0 12 0
0 0 0 0 0 0 2 0 0 0 0 0 0 0 0 0
0 0 0 0 0 0 0 0 0 15 0 0 11 3 0 0
1 3 0 0 10 11 0 0 0 6 0 0 0 0 0 0
0 0 0 0 0 0 6 0 0 8 0 0 0 0 0 0
0 0 5 0 2 0 3 0 0 6 0 0 0 0 0 0
0 4 12 0 0 0 0 0 0 11 9 0 0 0 0 0
4 0 0 0 0 0 0 1 0 0 8 0 0 3 9 0
0 0 0 0 0 1 0 0 0 0 0 8 1 0 15 0
3 0 0 0 0 0 0 2 4 0 1 3 8 0 0 10
0 0 0 7 15 0 0 0 0 0 0 7 0 14 0 0
0 0 0 0 0 0 0 0 5 0 0 10 3 8 0 0
2 0 0 0 0 0 10 0 0 14 0 0 6 0 0 0
