15 0 0 0 29 0 34 10 11 6 3 0 0 0 19 0
0 12 6 15 0 6 12 0 0 0 0 13 1 0 77 0
21 69 5 0 6 0 0 0 0 26 0 0 22 39 20 0
40 0 0 14 12 0 11 0 12 0 0 1 74 17 0 15
20 4 0 0 28 0 12 9 18 0 4 0 1 4 10 7
10 20 25 12 0 6 4 0 0 20 5 18 22 5 82 0
17 76 14 0 12 0 0 0 0 19 0 0 28 39 28 0
42 0 0 16 12 0 19 0 12 0 7 4 75 9 0 8
20 4 0 0 27 0 13 10 18 0 4 0 2 4 11 6
10 22 24 12 0 7 3 0 0 20 6 18 22 2 83 0
16 77 14 0 11 0 0 0 0 19 0 0 28 39 27 0
41 0 0 15 12 0 19 0 13 0 6 4 76 9 0 8
21 5 0 0 26 0 13 9 19 0 4 0 2 4 11 8
11 23 24 12 0 7 3 0 0 20 5 17 24 1 83 0
14 78 13 0 11 0 0 0 0 18 0 0 28 39 28 0
43 0 0 17 8 0 18 0 13 0 9 4 77 8 0 8
