0 0 0 0 0 0 9 15 0 0 0 0 0 14 0 14
0 20 6 7 0 11 0 4 1 6 0 0 2 10 6 0
1 0 5 1 0 0 0 12 0 0 3 5 0 8 3 0
9 2 0 4 2 0 0 0 3 4 0 5 7 2 0 19
0 10 4 24 3 0 13 0 4 0 0 0 5 14 23 0
0 0 0 5 0 0 21 0 0 0 32 8 6 1 0 0
0 0 8 0 0 1 23 0 0 15 0 0 0 0 0 1
0 2 4 4 28 0 0 9 0 6 4 0 0 0 0 0
0 0 0 0 0 0 0 1 4 0 0 0 1 0 0 10
0 4 9 0 13 1 0 4 10 0 15 24 6 0 0 3
0 1 0 0 0 11 18 36 10 1 0 5 27 0 0 7
0 0 11 0 4 0 2 0 0 0 0 0 15 0 0 0
27 9 4 0 0 0 0 0 0 26 0 17 0 0 0 0
0 4 18 0 0 0 0 0 0 0 0 6 0 9 0 0
0 9 5 17 0 0 0 6 1 2 28 13 2 0 23 23
1 17 0 4 0 1 1 7 0 5 0 20 1 2 11 0
