4 0 0 3 2 0 13 0 0 4 0 0 0 0 0 0
2 0 0 11 0 0 0 0 3 0 0 0 0 3 6 5
2 10 0 0 14 0 0 4 7 0 0 1 0 0 0 19
2 0 0 11 0 0 0 0 0 1 0 1 3 8 0 0
0 0 0 2 0 2 0 3 0 4 0 12 4 4 0 0
0 13 0 0 0 3 0 0 0 0 0 0 0 0 0 6
0 0 0 0 3 0 0 1 0 0 0 0 0 0 0 0
0 0 0 5 0 0 0 0 0 0 14 0 3 0 0 6
0 2 0 0 0 3 0 2 0 0 0 0 0 4 6 0
1 0 0 3 0 0 0 2 3 1 0 0 0 6 1 0
0 0 0 0 1 0 0 6 0 0 0 18 0 1 5 0
5 10 3 3 19 1 0 0 4 9 0 0 0 0 0 0
0 0 2 0 0 0 9 10 1 0 2 0 3 0 0 0
0 8 3 0 7 8 0 1 1 2 0 3 0 0 9 0
0 14 6 0 0 0 0 0 0 0 0 11 0 0 0 0
2 3 9 0 0 0 15 0 1 4 0 0 0 0 2 0
