24 16 3 5 28 6 2 0 3 2 14 6 10 16 1 8
10 3 2 8 0 1 6 10 1 5 7 15 8 12 10 0
3 12 15 0 3 14 1 11 3 14 6 5 10 4 7 6
6 6 18 1 14 3 15 9 13 22 4 4 5 8 11 11
8 3 8 9 7 6 25 12 13 5 4 11 6 8 10 16
9 6 11 2 13 4 18 3 4 10 9 1 13 14 14 6
2 1 17 5 5 0 17 7 10 16 7 18 2 7 0 14
19 24 1 4 19 9 8 1 9 12 2 4 10 6 1 12
2 2 27 7 18 10 11 12 12 2 3 5 17 5 7 23
8 2 12 12 4 1 5 21 15 7 3 7 4 3 11 17
2 5 0 2 3 19 10 7 12 1 3 7 12 3 8 4
5 5 1 6 9 12 3 9 20 0 2 14 17 4 12 5
0 0 6 31 6 2 4 7 3 2 3 3 1 7 7 9
10 8 9 1 7 0 4 21 10 5 22 8 7 3 3 10
6 3 2 1 4 0 4 10 4 10 19 2 3 13 8 13
11 5 13 16 4 6 23 2 18 10 9 3 23 8 16 16
