1 13 2 1 21 0 3 5 0 11 0 9 0 6 13 11
4 14 2 0 25 24 0 0 0 0 0 41 0 6 0 8
23 0 26 7 0 2 0 7 8 0 0 10 0 12 9 8
0 8 2 0 13 1 0 0 8 15 0 0 4 0 27 1
0 0 0 2 18 10 0 20 0 11 1 8 0 10 2 0
0 0 0 5 2 59 0 0 16 40 12 0 0 13 14 2
0 31 3 10 1 4 13 7 8 0 24 11 2 13 20 15
3 2 13 3 8 4 13 0 13 0 22 0 0 0 0 5
13 5 3 4 23 2 21 8 12 10 30 0 14 0 0 5
13 11 0 0 13 22 0 2 0 0 1 9 2 1 0 0
11 0 11 0 0 8 0 1 11 7 21 0 3 0 6 0
0 1 1 0 1 0 7 0 4 8 0 11 5 0 5 13
9 0 9 34 10 8 0 4 2 0 24 2 3 0 0 0
20 0 0 22 3 32 0 1 0 2 1 0 0 0 22 6
0 6 16 20 12 7 8 5 0 13 6 9 1 0 13 7
0 4 23 0 5 32 6 1 1 10 20 8 11 0 9 8
