16 0 0 6 2 14 30 0 1 0 0 0 41 1 0 32
16 12 0 0 0 0 10 0 36 0 0 6 17 0 0 0
16 0 0 9 0 0 0 0 1 0 4 0 8 0 0 0
0 10 0 0 0 0 0 18 11 0 9 0 0 0 3 0
0 2 0 0 9 9 0 3 0 42 0 0 0 3 3 12
0 0 0 15 42 0 28 0 0 0 13 0 20 16 4 9
0 11 0 0 0 3 0 0 8 5 0 6 0 13 0 7
30 50 0 4 3 0 0 7 12 11 0 0 0 7 0 0
7 0 0 5 0 8 10 0 0 0 0 13 21 1 0 43
16 27 9 0 35 3 7 0 0 9 0 5 0 0 0 0
10 5 0 16 4 10 0 0 30 0 5 0 6 0 23 0
28 0 0 18 1 0 6 41 7 0 0 0 0 0 5 0
0 13 0 0 9 0 0 9 0 27 9 0 0 2 0 6
0 0 0 10 25 0 21 2 0 0 2 2 0 15 9 0
3 0 0 0 0 8 0 0 4 2 5 2 0 0 0 7
13 0 1 0 8 7 0 7 27 7 0 0 0 1 0 1
