0 3 0 1 10 0 7 1 0 5 0 7 0 19 20 0
0 0 19 0 10 0 0 2 0 0 0 28 2 0 35 17
0 0 0 29 0 0 0 0 5 0 0 0 0 27 23 8
0 4 18 0 11 0 15 0 0 0 0 0 0 0 0 10
0 7 0 3 3 0 0 24 0 25 12 0 12 19 11 0
0 0 0 2 0 24 0 0 0 7 0 0 47 0 23 3
0 18 0 19 1 0 0 0 26 0 0 15 10 1 0 13
4 12 8 0 0 2 8 0 7 0 33 0 0 0 0 0
0 1 5 4 0 12 21 4 11 28 16 0 12 8 0 7
0 3 0 1 0 5 8 0 0 0 0 0 0 3 2 0
0 13 0 0 0 10 9 0 4 0 5 0 8 0 7 0
0 0 12 0 6 0 10 2 2 16 0 4 7 0 13 0
5 0 7 26 17 2 0 0 1 0 29 0 15 0 0 7
16 7 0 0 0 10 0 11 0 0 11 4 5 0 4 0
0 6 3 4 0 0 0 0 0 0 0 8 5 1 6 11
0 0 0 0 9 1 7 0 0 0 3 7 9 0 11 6
