1 0 0 4 0 0 4 0 0 0 0 0 0 3 0 0
0 0 3 0 4 0 0 0 14 0 0 0 1 0 0 10
14 0 0 0 0 3 0 0 3 0 2 3 0 0 10 1
0 0 0 0 0 3 0 8 0 0 0 0 0 0 0 10
3 17 1 0 0 0 1 0 0 4 0 10 1 0 0 0
0 0 3 0 5 0 1 0 0 4 0 0 12 0 0 0
0 0 0 2 0 5 3 0 0 22 6 6 12 0 0 4
7 0 12 6 0 3 0 0 0 2 0 0 0 8 0 0
0 11 0 11 0 19 1 0 0 0 0 0 1 0 0 0
0 0 0 0 0 0 13 0 7 0 0 0 11 0 3 0
0 2 0 6 0 0 6 0 0 1 1 0 0 0 0 0
3 0 3 0 0 6 0 0 0 0 0 6 0 8 9 0
0 0 1 0 0 0 7 1 0 0 1 0 0 0 0 4
3 0 5 0 4 0 0 5 0 3 12 0 13 14 24 0
0 0 7 0 0 13 1 0 0 8 0 0 10 0 0 0
1 0 0 7 0 15 0 2 0 2 0 0 0 0 0 6
