12 0 0 0 30 0 35 9 3 2 3 0 0 0 19 0
0 13 10 15 0 7 12 0 0 0 0 10 0 0 77 0
20 68 5 0 8 0 0 0 0 25 0 0 12 20 17 0
41 0 0 14 13 0 11 0 13 0 0 2 72 16 0 24
17 10 0 0 30 0 14 9 12 0 4 0 1 4 10 8
12 19 25 13 0 6 6 0 0 20 6 14 21 9 82 0
17 75 14 0 13 0 0 0 0 19 0 0 19 19 26 0
41 0 0 16 12 0 19 0 12 0 8 4 73 9 0 18
17 11 0 0 29 0 13 8 13 0 4 0 2 5 10 8
12 19 26 13 0 6 6 0 0 20 6 14 22 9 83 0
18 76 14 0 14 0 0 0 0 19 0 0 19 18 27 0
41 0 0 16 13 0 19 0 13 0 9 5 74 9 0 18
17 11 0 0 28 0 13 7 13 0 4 0 2 5 10 8
12 20 25 13 0 6 6 0 0 20 5 14 22 8 84 0
16 77 14 0 13 0 0 0 0 18 0 0 19 18 27 0
42 0 0 16 10 0 19 0 13 0 9 5 74 9 0 18
