0 31 6 0 0 5 3 20 0 7 0 11 25 25 8 5
0 4 1 13 0 15 0 20 11 0 12 5 0 0 0 9
0 4 0 0 0 18 0 0 9 0 0 16 2 6 3 1
7 15 0 9 0 10 0 0 10 1 0 2 8 4 0 16
4 8 1 15 11 0 28 3 3 7 0 0 5 9 2 17
0 0 0 4 0 0 4 0 0 0 14 1 22 0 50 0
1 8 5 10 2 11 8 17 8 0 0 0 0 0 0 5
1 4 12 16 52 5 1 0 7 0 1 0 0 0 26 10
0 11 4 5 0 16 9 12 12 0 7 1 0 0 1 21
6 0 0 4 0 0 0 0 21 0 4 8 1 1 6 0
0 4 15 0 0 0 20 31 1 7 13 13 33 0 13 34
0 0 0 0 0 0 1 0 32 1 7 0 1 12 9 25
6 0 4 0 0 0 1 0 0 1 3 2 35 19 0 0
0 5 0 0 26 15 0 0 0 18 0 0 6 5 26 0
12 19 6 4 9 2 0 1 0 2 0 7 0 15 9 7
8 24 0 2 8 3 0 0 0 4 0 22 0 3 7 14
