0 0 33 19 7 27 0 47 0 0 32 0 0 0 66 0
10 8 0 24 0 0 0 25 25 14 33 18 6 7 11 0
4 36 25 39 57 34 20 3 1 46 39 0 20 89 0 20
74 0 0 0 34 13 0 26 28 2 0 0 0 11 84 0
1 2 0 74 0 20 20 0 0 0 19 0 1 4 47 29
16 0 44 0 41 0 6 4 0 12 14 29 71 11 0 0
0 6 5 0 8 8 0 6 25 26 17 25 0 25 3 11
31 11 0 0 25 0 9 17 0 0 26 38 21 8 9 12
0 29 0 1 13 0 24 11 52 0 22 8 0 0 0 26
50 96 0 0 0 0 0 0 20 0 16 11 23 34 43 0
1 4 19 10 31 0 30 67 5 1 0 31 32 55 0 1
34 34 9 0 39 17 36 0 37 59 94 45 76 8 0 9
70 13 0 2 3 0 0 21 21 42 33 15 0 0 0 18
0 44 0 37 1 20 0 4 7 4 34 0 14 48 29 0
24 2 20 24 29 45 41 84 0 5 0 19 0 5 0 0
46 0 14 0 11 99 125 0 91 57 0 14 0 5 18 0
