0 0 0 0 0 0 7 0 2 0 0 18 4 0 30 4
0 0 17 17 0 0 6 0 0 0 0 0 0 0 40 3
0 0 20 9 0 0 0 4 28 31 15 0 0 17 0 0
0 0 0 0 0 0 7 0 0 0 15 0 0 21 0 0
0 0 0 0 0 0 25 35 0 0 10 1 0 0 0 0
0 12 0 28 0 10 0 2 0 0 0 0 0 15 0 0
0 0 6 5 11 11 31 0 5 0 9 0 0 0 5 0
0 2 0 0 15 0 0 2 0 0 44 2 7 0 0 12
0 0 0 0 7 0 5 0 0 0 0 20 0 0 31 0
0 0 4 4 0 0 0 0 0 0 0 0 0 0 41 16
0 0 22 8 0 0 0 0 4 28 6 0 0 22 0 0
0 0 0 0 0 0 6 0 0 0 13 0 0 20 0 0
0 0 0 0 0 0 24 28 0 0 5 3 0 0 0 0
0 10 0 18 0 1 0 6 0 0 0 0 1 0 0 0
0 0 7 5 9 13 12 0 0 0 3 0 0 3 6 0
0 0 0 0 2 0 0 2 0 0 41 0 0 0 0 13
