6 11 0 1 7 5 13 10 10 0 0 0 0 9 0 0
0 6 6 0 5 0 0 0 0 0 5 0 13 12 0 0
4 0 0 0 0 0 1 2 0 0 0 0 3 22 0 2
0 0 0 0 0 21 0 2 0 17 4 1 0 17 13 0
0 0 0 0 3 8 0 0 0 8 8 3 0 5 15 0
0 0 2 0 0 0 4 18 4 2 16 0 9 0 0 2
12 0 0 9 9 6 0 0 6 0 31 0 8 0 2 1
0 9 7 0 0 4 0 4 0 8 0 21 0 0 0 0
2 0 0 0 12 0 0 11 0 10 0 6 0 0 0 22
0 3 0 9 0 0 3 9 0 0 0 5 7 5 0 5
17 0 31 0 2 7 0 9 3 0 3 0 0 0 2 0
0 0 0 0 0 0 7 14 13 0 0 0 28 12 4 1
0 0 10 8 43 0 28 0 0 0 2 4 1 2 0 0
0 6 4 0 0 2 7 2 9 2 0 34 2 0 13 3
5 0 1 0 1 0 3 11 5 0 5 0 0 0 1 8
0 19 5 0 0 0 3 8 7 6 1 0 1 3 0 0
