0 0 0 3 3 7 1 0 2 0 0 0 0 0 0 0
0 0 6 5 0 0 0 0 1 0 0 7 0 3 6 0
0 0 19 15 0 0 11 5 5 8 2 0 0 4 5 0
0 0 6 2 0 6 6 0 2 1 0 3 0 3 5 0
2 0 0 0 0 8 0 1 0 0 0 0 0 0 0 0
2 0 0 0 0 0 0 0 0 1 0 0 8 0 0 0
0 0 0 0 14 0 0 0 0 0 0 0 0 0 3 0
0 0 0 0 0 0 0 0 0 8 0 0 0 0 0 0
0 7 3 0 0 0 0 0 0 6 0 0 0 0 4 0
0 12 15 0 0 0 0 0 0 5 6 0 0 0 0 0
1 0 0 5 0 0 7 0 0 0 0 0 0 10 14 0
0 7 0 0 0 3 0 0 0 0 0 0 0 0 6 0
11 0 0 0 0 0 0 0 2 0 10 5 0 0 0 10
0 0 0 4 5 0 0 0 0 0 0 4 0 0 0 7
0 0 0 0 5 0 0 0 0 0 0 2 2 6 0 0
7 0 0 0 0 0 14 0 0 11 0 0 0 0 4 0
