0 0 24 10 12 7 15 20 0 0 12 21 8 7 21 11
5 46 7 30 67 0 0 31 15 1 3 49 5 27 15 0
35 9 2 39 16 14 24 2 10 1 18 3 43 1 7 2
49 0 89 4 47 0 0 14 90 10 17 0 39 13 65 1
24 18 0 53 0 37 12 1 6 4 7 0 22 24 43 24
2 20 49 14 13 35 49 9 9 30 26 7 61 100 4 32
0 106 0 36 4 19 7 14 0 14 0 53 14 2 1 3
15 14 33 0 20 0 0 24 20 0 50 7 32 1 35 10
0 27 0 0 10 14 0 25 6 4 10 0 30 37 18 50
19 4 0 0 51 0 36 0 36 21 5 18 31 15 35 2
0 5 5 1 22 44 43 2 58 24 0 22 15 22 3 15
35 25 5 16 6 0 3 0 16 56 41 27 3 4 0 13
127 2 0 3 32 40 0 48 9 38 5 2 0 0 14 9
24 10 8 38 2 12 1 1 35 1 5 15 19 30 1 0
5 3 41 27 15 25 3 38 0 43 0 15 0 27 0 3
0 0 0 0 27 55 18 0 38 21 7 23 34 107 43 19
