15 0 0 1 1 3 0 9 21 4 31 23 2 14 7 3
0 0 16 9 0 8 11 2 10 0 13 0 0 0 4 16
13 0 3 6 29 7 12 13 0 27 3 0 0 16 1 36
4 7 1 0 5 4 4 15 21 4 27 0 0 3 20 0
12 4 13 0 0 17 0 12 0 10 4 10 11 17 0 22
3 6 6 11 0 0 22 8 0 13 5 1 9 1 31 25
0 6 0 0 11 10 7 6 0 4 26 0 0 13 15 22
6 9 1 0 0 18 0 0 14 9 1 2 0 1 0 2
0 0 33 0 5 0 5 2 0 1 27 4 10 0 9 3
5 0 26 0 2 11 7 0 10 7 0 38 27 11 15 13
14 0 3 0 0 5 0 1 17 0 0 19 10 12 15 2
30 13 0 0 0 0 0 0 0 1 12 9 7 5 2 10
22 0 0 0 4 0 5 0 16 0 46 16 6 0 30 7
0 3 29 6 0 0 15 4 0 0 6 13 16 0 0 0
0 3 0 0 0 15 0 1 30 0 16 1 1 7 2 0
29 0 2 0 0 6 9 5 3 4 8 1 5 24 0 3
