0 0 0 7 0 0 2 5 0 12 0 0 5 6 2 8
3 9 10 2 0 3 6 0 0 0 2 0 0 0 0 0
2 2 0 3 1 1 1 1 0 6 4 10 2 5 6 0
0 17 0 0 0 0 0 0 5 0 0 0 0 0 0 2
0 4 1 3 5 0 4 1 0 0 0 0 0 0 8 0
7 0 3 6 10 2 5 9 0 4 0 0 0 0 2 1
0 5 6 0 0 0 0 0 0 0 0 0 6 0 10 0
0 0 2 0 0 0 1 5 0 0 1 0 0 5 0 1
10 3 3 1 4 0 3 0 0 0 2 1 0 1 10 0
2 0 0 6 0 0 0 0 0 0 4 0 5 0 0 0
8 7 5 16 6 0 0 0 0 0 0 0 0 11 0 9
0 8 1 15 0 0 6 0 0 0 1 0 7 0 4 3
0 0 0 15 0 0 0 4 2 0 8 11 1 0 0 0
10 1 0 0 13 0 0 0 2 14 0 6 2 3 0 7
0 0 0 20 0 3 2 0 0 0 3 0 10 3 0 0
5 0 0 0 0 0 2 1 1 1 0 11 0 4 20 0
