0 0 0 0 18 0 0 18 0 11 1 9 4 8 21 12
0 20 18 0 1 25 1 0 0 0 0 46 0 15 26 20
3 0 27 0 0 0 0 9 4 0 0 25 3 17 35 14
0 11 4 0 1 12 0 0 14 0 0 2 25 0 14 0
0 6 0 2 24 0 0 25 4 55 0 13 0 0 9 1
0 0 0 6 0 77 0 0 26 12 14 0 0 19 51 4
0 11 0 25 0 25 16 2 20 0 1 7 28 13 24 14
0 0 0 0 11 2 20 4 0 0 9 0 0 0 0 5
0 11 4 4 0 4 28 5 14 37 3 0 7 3 0 8
0 15 0 0 3 22 0 0 0 0 0 0 0 5 0 0
16 0 0 0 0 35 0 0 0 0 0 0 4 1 35 0
0 0 4 1 5 6 3 0 0 8 0 18 8 8 10 0
0 0 2 2 14 15 0 4 5 0 25 2 13 0 0 0
8 1 0 14 0 4 0 6 0 0 7 0 0 0 0 11
0 0 16 0 0 1 0 7 0 0 11 18 4 0 13 3
0 0 1 0 0 1 6 8 0 19 0 23 19 0 0 0
