0 0 0 2 0 0 17 0 0 11 0 0 0 0 0 0
0 0 0 0 0 0 0 0 4 0 0 0 4 6 0 4
0 0 25 0 0 0 14 0 0 0 2 0 5 0 0 0
0 0 0 1 0 19 0 0 0 0 0 0 0 0 0 0
0 0 0 0 0 4 0 0 0 0 5 0 7 0 11 0
0 0 0 0 0 0 0 0 0 0 0 0 0 0 0 0
2 0 0 0 5 0 0 0 0 0 0 0 0 8 0 0
0 19 1 13 0 21 2 0 0 0 10 0 36 0 0 4
0 0 0 0 4 0 0 0 4 0 10 0 5 0 2 0
0 0 3 7 1 0 0 12 0 0 0 0 0 0 0 9
0 0 0 0 6 4 1 0 0 0 0 0 0 0 0 0
23 0 0 0 2 0 0 7 0 13 8 0 0 0 0 0
0 0 0 0 0 0 0 1 0 2 0 0 0 4 0 2
6 0 20 0 0 0 0 0 3 1 3 0 0 0 0 9
0 0 0 15 0 0 0 0 0 0 2 0 0 4 13 0
0 0 0 9 0 1 2 0 0 8 0 0 33 0 0 8
