0 0 0 0 0 0 10 0 0 9 3 5 31 0 0 0
0 0 0 11 1 0 0 0 11 0 9 0 0 8 0 7
1 0 7 0 0 16 0 0 0 0 3 0 15 0 0 0
4 0 0 2 0 4 0 11 25 0 1 1 4 18 0 0
0 2 0 3 6 0 18 0 0 2 0 0 0 0 0 25
0 0 0 5 0 0 0 0 0 0 0 0 26 0 38 0
0 0 3 4 1 25 0 5 22 0 0 0 0 0 0 0
11 8 9 13 11 0 0 0 0 4 7 0 0 2 4 0
0 0 11 0 10 6 9 19 0 6 0 0 9 0 7 0
0 0 0 31 0 0 0 4 0 1 0 0 15 0 0 0
0 0 26 0 0 0 0 10 7 19 9 0 0 0 10 0
1 1 2 0 0 0 0 10 22 0 7 0 0 34 0 22
10 1 21 0 0 7 0 0 0 9 0 18 25 15 0 2
0 4 0 5 17 0 1 0 0 0 0 0 12 0 0 0
5 6 0 4 0 0 0 7 0 0 0 18 0 1 5 16
0 44 0 7 7 7 1 0 0 0 0 17 0 4 25 14
