0 32 11 0 4 0 2 23 0 0 1 0 0 0 0 26
1 22 0 3 0 18 12 13 1 3 0 0 0 0 2 3
6 0 8 0 0 0 0 3 17 6 0 27 1 16 1 0
25 0 0 4 21 0 0 3 30 0 0 0 6 19 12 18
0 0 8 10 8 0 18 1 0 0 1 0 0 6 0 8
0 19 0 15 2 25 0 0 0 0 18 2 2 0 0 0
4 0 23 2 0 5 0 0 0 3 0 0 0 0 0 12
0 0 32 0 4 0 4 0 0 6 1 5 2 3 0 0
0 0 0 0 1 1 0 5 0 0 3 0 8 0 0 14
0 13 0 10 4 0 0 0 17 0 25 8 0 0 0 0
0 0 0 0 2 0 0 31 26 9 0 0 0 0 12 0
0 0 0 0 1 0 0 2 0 0 1 0 31 6 0 0
16 4 14 0 0 0 0 0 2 0 0 28 0 18 0 2
0 10 0 0 21 5 1 0 0 5 0 0 13 0 8 0
0 0 1 15 0 7 0 11 1 0 0 18 0 0 10 6
0 39 0 3 1 2 7 0 0 0 0 0 23 1 3 7
