9 0 0 3 3 4 0 26 1 0 1 0 0 0 10 0
0 0 15 7 0 6 0 3 0 0 5 1 6 0 0 0
1 1 6 14 0 0 8 6 5 2 1 0 0 0 0 0
0 0 1 0 0 3 2 0 4 0 7 3 0 0 11 0
8 0 0 0 0 7 0 12 1 0 0 0 0 0 1 0
0 0 0 0 0 0 0 5 0 7 0 0 0 2 0 0
0 4 0 0 13 0 0 0 0 0 0 3 0 12 3 0
13 0 0 0 0 0 0 0 5 2 0 2 0 0 0 0
0 7 0 0 2 1 5 0 1 1 0 0 5 0 11 0
0 8 1 0 0 0 0 2 0 7 3 0 9 2 0 2
0 0 0 0 1 0 4 5 0 0 0 0 0 7 2 0
6 2 0 0 0 0 3 1 0 2 1 0 0 0 6 8
9 0 2 0 3 0 0 0 1 0 0 1 3 6 0 0
0 0 0 0 0 0 0 10 0 0 0 0 0 1 0 2
0 1 0 0 5 0 3 0 0 1 0 8 2 4 0 0
1 0 0 0 0 0 9 0 0 7 0 0 0 0 3 0
