19 0 0 0 5 0 7 8 0 19 0 22 13 18 0 2
0 17 30 0 0 38 0 0 0 0 0 1 16 0 24 0
0 2 0 21 2 0 0 1 0 0 8 9 5 0 0 0
31 0 0 20 0 0 0 0 13 28 8 35 0 31 0 0
0 0 0 0 23 0 9 10 0 29 0 23 17 0 0 16
0 5 0 0 1 42 0 9 0 0 2 2 25 0 11 0
0 4 0 17 0 0 1 0 0 0 15 0 7 0 0 0
0 0 0 10 0 0 0 0 17 23 5 36 0 24 0 0
0 10 0 0 0 3 9 0 1 25 0 20 11 6 3 0
0 0 10 14 3 23 0 19 0 0 12 19 12 0 31 0
0 4 0 6 0 3 0 9 0 23 2 0 0 0 3 0
0 0 0 0 21 0 0 0 12 14 3 8 0 17 0 0
0 0 0 0 20 2 0 0 2 17 0 20 21 0 0 14
0 0 3 0 3 37 0 14 0 0 18 8 18 0 17 0
0 9 0 13 0 0 2 0 0 0 13 0 0 2 0 0
0 0 0 0 0 0 0 0 14 17 0 24 0 22 0 0
