2 0 26 7 5 0 0 0 0 0 0 0 0 4 0 16
25 1 0 0 25 0 15 21 0 12 13 0 34 50 14 0
0 23 0 0 9 0 0 18 3 0 0 9 0 0 0 12
65 9 25 0 9 24 0 7 2 0 23 18 56 4 0 0
16 10 38 0 30 16 0 0 71 0 23 39 50 7 29 0
0 21 11 19 6 0 34 19 0 0 13 0 7 6 0 0
39 0 2 25 0 13 2 21 0 0 17 49 0 8 9 24
0 11 55 39 0 2 14 0 2 0 20 0 30 39 0 3
0 0 9 0 11 0 0 15 0 0 0 1 0 0 0 11
0 0 0 0 0 5 13 27 0 4 4 0 19 3 0 0
0 27 9 0 18 1 29 17 0 0 0 13 0 16 0 4
22 0 22 0 15 13 0 9 5 0 21 0 9 4 0 0
22 12 27 8 8 2 0 0 0 0 29 0 27 27 20 0
0 0 17 14 30 0 39 41 11 12 0 0 5 0 0 0
17 0 0 36 0 1 0 0 0 7 0 56 0 0 11 17
0 0 13 18 15 2 0 3 4 0 0 0 18 17 0 0
