1 0 0 1 0 0 1 3 3 1 1 1 1 0 2 0
2 0 0 0 1 1 0 1 3 2 0 0 0 1 3 0
1 1 0 3 1 1 4 4 0 0 1 0 0 0 0 0
0 0 0 0 0 0 2 2 3 1 0 0 6 1 1 0
1 3 2 3 0 0 1 0 3 5 1 10 2 0 0 0
0 1 0 3 5 7 0 1 3 0 1 0 0 0 1 0
3 1 1 4 0 0 0 0 0 0 0 0 2 0 0 1
0 0 0 0 0 4 0 2 3 1 0 0 0 2 6 0
0 0 1 0 0 2 2 0 1 0 0 0 2 0 0 3
4 0 5 1 4 2 0 0 0 0 1 0 0 0 0 1
3 0 3 0 0 1 0 0 0 0 1 2 3 3 1 0
1 1 0 2 3 0 0 1 0 0 3 4 2 0 0 0
1 0 0 0 3 0 0 0 4 7 0 0 1 1 1 0
2 0 0 0 0 2 11 0 0 1 0 0 0 0 0 0
1 1 0 2 2 0 0 0 0 2 4 0 0 0 2 0
0 0 0 0 0 0 0 0 0 2 2 1 0 3 2 4
