6 0 5 5 0 0 2 1 0 17 0 7 0 11 10 0
22 0 1 0 0 0 5 0 0 0 0 1 0 16 0 0
0 0 0 0 10 0 0 4 21 0 0 0 0 24 7 1
3 0 1 0 4 0 21 10 0 9 0 5 0 4 9 4
0 0 0 0 15 0 7 10 0 8 1 3 12 11 24 1
6 5 0 16 0 0 1 7 2 0 0 1 0 0 0 0
4 10 5 0 0 1 0 8 0 7 0 4 13 0 0 0
0 0 30 0 0 0 0 0 27 0 1 18 5 0 0 18
0 7 3 13 0 0 0 0 5 14 9 13 0 16 0 0
27 0 0 0 0 0 5 0 0 11 1 4 0 2 0 0
2 11 0 0 0 0 0 4 0 0 0 0 11 24 21 8
0 4 0 0 23 0 18 8 0 4 5 1 0 2 0 6
0 0 0 9 0 0 3 11 0 7 2 1 21 1 29 0
4 8 0 10 0 0 0 15 2 0 0 3 7 6 2 0
19 0 5 0 5 0 0 0 0 0 0 5 0 0 0 0
13 1 24 0 0 0 0 10 40 0 6 12 0 22 0 3
