13 2 0 0 18 24 7 6 49 0 0 0 0 0 0 0
0 25 0 0 6 0 0 0 0 0 3 0 5 19 0 0
8 0 0 0 0 0 0 6 0 0 0 0 3 19 0 13
0 0 0 0 0 24 0 2 0 1 11 0 0 0 18 0
0 0 0 0 0 8 0 0 0 6 6 51 0 0 22 0
0 0 0 0 0 0 1 34 0 12 10 15 0 0 0 0
0 0 0 11 0 12 0 0 7 0 0 0 11 0 2 0
0 9 1 0 0 0 0 0 0 9 0 17 0 0 0 0
14 0 0 0 0 0 0 19 0 9 0 19 0 0 0 32
0 12 7 0 0 0 12 11 0 7 0 0 4 4 0 0
23 0 0 0 0 11 0 6 0 0 3 0 0 0 0 0
0 0 0 0 0 0 2 13 13 0 0 0 9 24 6 0
0 0 2 19 30 0 20 0 0 0 0 8 9 0 0 0
0 7 0 0 0 13 3 0 0 6 0 27 4 0 0 24
2 0 0 0 26 0 11 0 15 0 16 0 0 0 0 9
0 0 0 0 0 0 0 21 13 0 6 0 33 2 0 0
