4 40 12 0 0 0 8 26 0 4 0 11 25 0 0 27
0 24 5 13 0 8 8 21 9 0 12 4 0 6 10 9
0 9 0 0 0 12 0 5 13 0 0 30 13 15 0 0
21 0 0 3 24 16 0 0 1 1 0 2 0 7 0 22
4 8 7 14 1 0 3 3 7 7 0 0 5 5 4 13
1 19 0 8 0 6 4 0 0 0 6 1 4 0 50 0
12 8 21 10 2 21 15 17 13 0 0 0 0 0 0 15
0 0 3 16 3 5 3 4 7 11 1 0 0 0 26 15
0 9 8 0 0 16 3 9 6 0 7 1 3 0 0 11
6 8 0 4 0 0 0 0 18 0 15 5 0 1 16 0
0 0 15 0 2 0 7 22 16 3 13 2 2 0 4 0
0 0 0 0 5 0 1 0 31 1 7 0 35 24 3 25
0 6 10 0 2 0 1 0 0 6 3 7 35 16 0 3
0 5 5 0 6 23 0 5 6 16 0 0 0 5 7 0
12 13 1 11 0 11 0 1 0 2 0 19 0 19 2 8
18 20 0 0 8 4 3 0 6 0 0 26 20 3 13 7
