1 8 5 12 16 10 2 4 3 32 19 2 6 11 3 24
2 2 4 8 8 3 23 8 4 4 3 14 1 10 6 8
4 3 2 4 3 0 9 11 7 9 10 1 5 8 33 1
7 3 7 7 4 8 21 7 5 6 4 0 4 3 12 31
11 7 1 3 4 2 15 3 7 1 6 15 20 4 3 6
3 6 7 8 2 20 13 14 6 1 9 5 14 1 13 24
33 12 1 7 9 11 1 0 6 1 4 9 2 1 5 2
11 11 13 18 9 3 3 11 7 1 7 3 3 5 14 9
16 9 12 3 8 33 6 9 2 13 8 8 7 23 2 15
4 10 1 5 4 8 0 12 3 21 8 13 0 2 3 11
13 2 47 1 0 7 2 12 19 5 3 7 1 2 16 7
1 5 10 8 4 11 7 8 32 1 10 15 21 24 7 19
0 4 8 19 6 1 5 9 23 2 25 4 3 9 14 3
2 3 1 5 2 5 2 5 19 21 16 3 15 14 26 1
4 3 9 3 10 4 10 6 11 2 15 19 14 9 6 3
8 10 19 5 0 8 0 10 17 2 9 17 6 13 5 7
