10 10 0 8 13 6 5 8 0 2 7 0 6 6 0 0
1 0 8 5 0 0 3 0 6 15 0 1 0 0 11 7
1 0 0 1 4 3 0 0 0 0 10 0 9 6 15 17
3 0 0 0 0 0 0 0 3 2 16 0 15 1 2 1
5 12 2 5 15 3 0 6 14 4 0 7 6 8 6 9
15 7 1 11 7 0 0 0 0 8 7 0 10 0 15 10
5 3 13 4 0 1 0 7 0 22 5 4 7 2 2 0
1 1 1 6 0 3 0 3 0 0 11 9 1 7 0 1
0 2 6 5 0 4 8 0 4 2 0 5 2 7 0 17
1 3 9 0 0 0 7 2 0 9 5 0 2 2 3 0
11 5 0 3 0 3 13 5 0 0 22 0 4 1 0 0
4 27 8 0 13 7 8 2 5 4 19 2 0 8 6 20
4 1 1 17 12 1 6 0 11 2 2 6 6 0 6 0
9 0 0 0 0 2 1 1 0 0 7 6 23 16 0 1
0 0 0 4 7 2 17 11 3 0 0 3 0 6 3 4
0 9 1 10 0 8 2 9 0 0 5 0 6 3 1 9
