9 53 0 0 46 9 27 0 0 10 22 5 0 6 0 8
0 9 6 23 0 0 0 0 4 28 0 17 8 10 14 35
0 19 8 0 0 15 21 20 18 0 0 0 7 0 0 17
2 0 7 0 18 0 38 0 0 10 15 7 12 13 0 2
0 0 0 0 6 2 0 7 10 0 3 13 15 14 1 17
0 0 5 0 0 34 0 0 0 0 0 19 0 0 0 0
10 17 0 0 0 18 6 12 21 0 0 0 0 0 14 14
0 1 9 5 7 19 5 0 0 18 0 13 0 0 23 0
2 48 24 8 20 0 36 5 0 0 26 21 0 11 0 7
0 9 13 11 10 0 15 0 1 19 0 16 13 10 5 29
1 16 10 12 0 19 17 29 16 0 6 0 0 0 0 15
0 0 5 0 13 0 25 0 0 0 22 12 0 8 0 5
0 0 0 0 7 0 0 0 1 0 0 9 6 7 14 11
0 0 0 0 0 21 0 5 0 13 0 13 0 0 1 0
2 14 0 2 1 13 0 9 24 0 0 0 0 0 13 0
0 2 11 8 15 15 6 0 1 0 0 16 0 0 30 0
