6 8 0 0 13 6 5 5 0 0 0 6 0 9 0 0
0 17 1 0 5 0 0 0 0 0 2 0 13 0 0 0
4 1 0 0 7 0 1 5 0 0 0 0 3 27 0 1
0 0 0 0 0 7 0 2 0 4 10 1 0 17 12 0
0 0 0 0 5 10 1 0 0 9 3 10 0 5 0 0
0 0 2 0 0 0 4 12 2 7 3 1 9 0 0 2
12 0 0 0 9 5 0 0 2 0 27 0 8 0 5 4
0 5 0 0 0 4 0 9 0 3 1 5 0 0 0 0
4 0 0 0 3 0 0 7 0 4 0 10 0 0 0 12
0 9 0 9 0 0 15 6 1 0 0 0 5 9 0 0
4 0 26 0 2 1 0 0 3 0 0 0 0 0 2 0
0 0 3 0 0 0 1 7 18 0 0 0 15 9 5 1
0 0 3 0 48 0 34 0 0 0 1 0 4 2 0 0
0 6 4 6 0 4 2 2 9 11 0 0 5 0 13 4
0 0 1 0 16 0 4 0 7 0 9 0 0 0 0 0
0 0 0 0 0 4 2 2 6 6 0 0 11 4 0 0
