0 0 0 0 14 0 9 12 0 6 7 2 4 7 3 0
0 16 0 0 1 24 1 0 0 0 0 0 3 10 6 3
5 15 7 2 0 0 0 4 2 0 0 13 3 0 2 13
0 8 6 0 3 0 0 0 10 0 0 2 11 0 2 0
2 2 0 2 6 11 0 8 0 22 4 8 0 0 1 1
1 0 0 2 0 49 0 5 16 9 14 0 0 2 18 2
0 24 0 3 0 16 9 2 6 0 10 3 6 1 2 4
1 2 12 0 11 0 9 4 3 4 27 0 0 1 0 10
0 3 1 7 0 6 6 1 1 8 4 0 6 0 0 3
2 1 2 7 3 22 0 0 0 0 0 0 8 9 0 0
16 12 0 0 0 5 0 0 0 0 0 0 3 1 2 0
0 3 2 0 0 5 1 0 0 7 0 15 1 4 5 8
0 0 2 0 8 10 0 13 0 0 9 2 2 0 0 0
6 1 0 6 0 1 0 6 0 0 10 0 0 0 1 11
0 2 5 0 6 0 0 4 0 0 3 16 1 2 2 3
0 0 9 0 7 4 0 8 0 18 0 11 9 3 0 0
