0 7 8 22 0 39 0 0 0 15 0 32 11 18 0 39
4 0 0 0 63 0 16 0 24 9 0 0 0 6 9 15
6 0 0 0 7 17 0 0 13 0 15 0 12 0 3 6
16 8 7 17 19 11 27 0 5 8 30 0 0 4 13 20
0 0 8 11 0 43 10 0 0 16 1 39 7 16 7 39
6 0 4 4 66 0 20 0 11 10 0 0 0 2 3 21
3 0 0 0 2 21 0 0 0 0 16 1 23 0 0 7
24 6 2 16 20 0 18 0 2 13 2 0 0 0 13 9
0 0 5 17 0 55 0 0 0 14 0 40 6 14 11 49
6 0 3 0 69 0 19 0 2 10 16 0 0 0 6 18
3 0 0 0 5 20 0 0 12 0 24 0 8 0 1 2
19 10 4 30 21 0 21 11 1 13 0 0 0 0 13 12
0 4 9 4 0 61 0 0 0 12 1 39 7 16 4 42
6 0 3 0 71 0 18 0 7 9 4 0 0 0 4 20
5 0 0 0 1 17 0 0 2 0 13 0 13 0 1 2
22 7 5 29 17 0 17 4 6 12 0 0 0 5 14 15
