0 0 0 0 0 0 2 19 0 9 3 5 31 15 0 9
0 20 1 8 1 10 0 0 10 4 9 0 0 11 9 7
2 0 7 0 0 16 2 8 0 0 2 5 15 1 0 0
4 0 3 1 3 4 0 5 14 8 1 8 8 18 1 15
0 2 0 18 4 2 4 0 0 2 0 1 0 11 8 25
3 0 0 0 0 0 19 0 0 0 22 7 24 3 38 0
0 0 3 2 1 25 12 5 22 4 0 0 0 0 0 1
11 8 9 9 9 0 0 0 3 4 3 0 0 2 4 0
0 0 11 0 7 6 9 17 2 3 1 5 3 0 7 13
0 2 6 31 9 0 0 4 3 1 18 22 3 0 0 1
0 0 26 0 0 9 15 23 2 19 9 0 24 0 10 5
8 1 3 0 0 0 0 10 22 0 7 0 10 34 2 22
14 1 18 7 3 7 0 0 0 17 0 5 25 15 0 2
0 2 18 5 15 5 1 1 0 0 0 2 12 18 0 0
5 5 2 13 0 0 0 3 1 0 19 1 0 1 15 8
0 38 0 6 7 5 1 1 0 3 0 0 0 4 25 14
