18 0 10 0 0 17 0 0 6 12 0 25 12 21 59 0
20 0 14 0 0 8 0 6 0 20 15 0 31 0 13 10
5 0 0 53 0 17 0 28 15 40 28 0 9 0 14 0
21 0 0 12 29 6 15 0 48 14 8 4 13 5 8 20
0 0 9 0 37 2 0 0 0 0 12 15 0 2 16 25
0 34 8 8 1 0 0 0 0 19 25 6 0 0 0 17
0 0 11 0 57 11 17 0 0 16 10 0 41 16 18 0
19 22 0 0 13 11 0 0 10 24 0 6 0 0 0 17
0 0 13 0 0 3 14 30 0 0 13 11 18 0 1 0
18 0 0 0 7 0 10 0 16 0 0 55 0 6 0 0
16 15 13 0 0 20 0 0 18 0 0 0 0 0 3 0
20 11 0 0 0 0 0 0 0 13 0 3 67 27 24 0
0 0 0 0 0 0 46 6 0 1 35 9 18 0 24 4
0 19 64 0 0 21 0 6 0 11 27 0 32 17 0 12
0 16 0 21 0 1 0 0 6 0 40 0 0 1 26 0
0 0 0 29 0 30 0 13 0 2 6 15 10 10 0 13
