0 0 0 11 0 0 8 5 0 18 0 6 7 10 16 10
0 6 18 5 0 3 14 0 0 0 2 1 0 0 0 0
1 6 0 3 2 4 3 10 1 10 2 10 3 2 3 0
0 8 0 4 0 0 0 0 8 8 3 0 0 0 0 2
0 10 3 3 0 0 7 1 0 5 0 0 0 0 5 17
10 0 4 6 17 6 10 9 0 0 0 0 0 0 7 6
0 7 6 0 0 0 0 0 0 0 0 0 6 0 10 18
0 0 3 4 0 2 1 4 0 0 1 0 2 4 0 3
18 9 7 1 4 0 4 0 0 0 5 1 4 2 11 4
5 0 0 8 0 0 0 0 0 0 4 5 10 4 0 0
11 14 1 24 10 0 0 0 0 0 0 0 0 11 0 10
0 13 0 15 0 0 6 0 2 0 0 0 4 0 3 5
0 9 0 15 0 5 0 9 1 0 6 22 2 0 0 0
13 5 0 0 13 0 0 9 2 6 0 0 11 1 0 12
2 0 6 16 0 1 4 0 0 0 0 0 19 9 0 0
1 0 0 0 0 1 2 3 1 12 0 11 0 8 22 0
