0 0 0 8 30 0 22 0 6 0 0 0 0 35 0 12
0 0 8 0 0 7 16 0 0 28 7 0 1 0 28 0
16 27 14 0 0 0 6 10 0 12 0 0 0 0 0 21
23 0 9 0 19 29 0 0 4 0 0 0 41 22 0 7
0 0 11 0 16 0 0 0 12 0 35 19 30 0 29 0
0 0 15 29 12 0 31 13 6 0 0 4 6 22 0 0
42 1 0 12 16 1 0 55 0 0 34 15 0 24 0 14
0 8 45 27 9 0 0 0 0 20 0 0 10 45 0 12
15 0 0 0 48 0 28 0 9 7 9 0 0 0 0 19
0 0 9 0 0 45 0 0 0 0 5 3 9 10 20 14
0 23 3 0 1 0 15 16 0 0 0 0 0 0 0 7
0 0 11 8 11 31 0 0 3 0 0 8 12 16 0 0
0 0 0 0 0 0 18 0 0 0 43 0 39 0 0 0
0 12 1 39 17 18 0 2 9 28 0 0 1 0 0 0
24 0 0 11 2 29 0 0 0 0 0 0 0 0 2 17
0 29 53 31 7 0 1 0 12 8 1 0 4 38 0 0
