0 38 54 9 0 6 19 0 14 21 12 0 0 0 31 31
0 0 0 8 3 0 0 0 0 4 0 4 0 0 0 2
17 0 0 0 0 0 0 0 0 0 21 0 3 35 13 0
0 12 0 0 0 0 2 23 6 0 1 0 14 0 0 0
7 33 52 14 0 8 9 0 0 7 0 0 0 1 22 25
0 0 12 0 4 4 0 3 0 0 0 10 23 51 0 23
0 0 0 0 0 0 5 6 6 0 11 13 5 29 24 0
0 22 0 0 0 0 0 12 0 22 0 0 22 0 0 18
0 30 51 0 4 0 0 16 0 4 0 0 5 0 29 17
0 0 0 5 0 0 27 10 0 0 38 11 0 0 0 4
11 8 2 20 0 0 8 20 0 0 8 6 0 33 19 0
0 14 0 0 0 2 7 0 0 12 0 0 18 7 7 0
18 32 49 4 0 5 31 0 13 6 0 8 0 0 17 5
0 0 0 13 4 0 3 0 0 0 0 1 0 5 0 7
0 0 8 0 0 0 7 7 11 0 6 3 0 33 30 4
0 14 0 0 0 0 8 3 12 1 0 0 33 0 0 7
