9 0 0 17 23 0 2 14 0 2 0 6 11 21 7 0
12 15 12 11 10 5 5 0 0 0 16 0 4 0 0 0
1 2 0 3 0 5 11 16 20 4 13 6 34 2 9 0
0 10 0 15 0 0 0 2 8 1 12 0 0 0 0 3
0 4 1 6 0 0 0 5 0 23 0 0 0 0 0 0
14 0 1 0 4 19 13 9 0 1 4 0 0 0 16 6
0 2 12 0 0 0 0 0 0 10 0 0 15 11 3 23
0 0 5 4 0 2 0 3 12 0 1 2 18 6 0 6
19 2 7 1 0 4 6 0 0 0 7 19 0 11 21 26
6 2 0 21 0 0 0 0 0 0 1 4 11 0 0 0
7 8 9 25 11 0 0 0 0 0 0 5 5 11 0 0
0 10 2 10 0 1 6 2 4 0 5 0 0 0 8 5
0 8 16 8 0 1 0 9 1 0 6 6 2 0 0 0
11 12 0 0 2 9 0 9 2 12 0 13 12 16 0 13
0 0 0 20 0 0 0 0 0 0 1 11 21 9 0 0
13 0 2 0 0 4 2 11 17 0 0 11 0 0 22 0
