0 0 0 0 0 0 0 0 0 0 1 1 0 0 0 2
0 0 0 0 2 0 1 0 0 3 0 0 0 0 0 0
0 0 0 0 0 0 0 0 0 0 0 0 0 0 0 0
0 0 0 0 0 0 0 0 0 0 0 0 0 0 0 0
1 0 1 0 0 0 0 1 0 0 0 1 5 1 0 3
0 1 0 0 1 0 1 0 0 2 0 1 0 0 2 0
0 0 0 0 0 0 0 0 0 0 0 0 0 0 0 0
0 0 0 0 2 0 0 6 0 1 0 0 0 0 0 5
0 0 0 0 2 0 2 1 0 8 0 1 5 1 0 4
0 1 0 0 0 5 1 0 2 0 0 0 2 0 0 0
0 0 0 0 0 0 0 0 0 0 0 0 5 0 0 3
0 1 0 0 0 0 0 0 0 0 0 1 0 0 0 5
0 0 0 0 2 0 2 0 0 8 0 1 1 0 0 1
0 3 0 0 0 0 0 0 0 0 0 0 0 0 0 0
0 0 0 0 0 0 0 0 0 0 0 0 0 0 0 0
0 1 0 0 0 0 0 0 0 0 0 2 0 0 0 0
