1 0 4 4 0 0 0 3 0 10 11 3 0 1 0 0
7 0 4 9 8 1 0 13 7 0 22 6 6 5 5 8
0 16 0 0 9 0 1 11 0 19 9 0 0 3 6 0
25 2 0 0 3 13 8 0 0 0 3 9 10 26 16 0
10 0 0 0 0 0 6 4 4 0 17 0 6 5 0 0
9 11 0 0 0 1 1 0 0 13 4 1 1 0 1 4
0 11 9 0 7 0 10 8 0 2 0 6 5 0 0 2
25 0 23 7 14 0 4 10 0 2 4 16 0 14 8 8
0 6 0 4 16 0 0 5 10 3 6 11 4 9 3 0
7 0 0 1 0 0 12 12 0 0 0 9 5 0 0 0
0 1 3 1 0 11 5 0 3 23 0 0 0 0 0 0
0 0 0 2 0 1 0 5 0 7 17 0 0 5 1 0
0 0 10 0 0 1 1 19 0 0 0 15 1 20 0 13
7 11 3 0 0 7 0 3 6 0 11 0 5 8 0 10
1 5 2 0 11 31 1 1 8 8 0 2 0 3 5 11
11 0 10 0 0 12 4 7 5 5 6 0 6 0 0 0
