7 -19 -14 1 1 11 -6 4 -27 2 -27 -16 -43 23 5 -17
2 41 -1 0 4 22 9 -21 -10 -18 53 4 -9 2 40 -3
3 12 15 53 17 45 -8 -18 23 -53 -14 39 17 -10 -19 5
-23 -1 6 -17 22 -11 -54 -30 -5 -12 -20 -32 -26 10 37 -2
-9 -54 -55 20 7 -10 -5 18 -25 -2 -10 1 2 18 -4 20
14 1 54 32 -36 -19 -8 -37 38 3 4 30 -4 7 -16 -42
4 -1 18 -8 25 2 -15 4 -1 20 -27 61 -10 -7 -14 29
18 -20 27 -1 26 -8 -6 26 21 -23 3 -15 -6 -26 -19 -5
14 56 -18 -7 68 2 -14 15 50 -49 -6 12 -58 -6 3 -12
36 33 -20 -25 -21 -36 27 14 -10 10 -55 18 -3 -15 41 -12
-26 14 -4 -3 3 45 18 10 17 -22 13 -11 14 16 6 21
-20 11 -4 46 -7 -9 17 -17 34 117 22 -8 -1 0 -18 -31
26 1 5 -17 -1 9 13 42 9 54 -2 3 -5 -23 27 -15
1 23 -8 -10 -16 5 27 -4 -5 -26 7 -22 30 -13 50 -24
3 -4 10 33 -11 46 5 -18 -9 -3 4 35 -24 3 -7 5
-12 21 -15 3 -4 -18 25 -26 60 -5 -6 -3 0 -15 -1 -6
