2 0 0 0 3 0 0 2 4 2 1 0 0 0 3 0
0 2 1 3 0 2 4 0 0 0 0 2 0 0 1 0
2 0 2 0 0 0 0 0 0 1 0 0 11 20 1 0
8 0 0 13 2 0 4 0 1 0 0 2 5 3 0 9
3 6 0 0 1 0 2 1 5 0 0 0 0 0 0 0
0 0 0 0 0 0 0 0 0 0 0 0 0 0 0 0
0 0 0 0 0 0 0 0 0 1 0 0 9 20 2 0
0 0 0 0 2 0 2 0 1 0 3 3 2 0 0 10
1 11 0 0 2 0 0 1 5 0 6 0 2 1 3 5
7 3 0 2 0 6 7 0 0 15 0 10 0 2 3 0
0 4 0 0 1 0 0 0 0 0 0 0 9 21 7 0
4 0 0 1 1 0 2 0 2 0 1 5 1 9 0 12
3 6 0 0 1 0 2 1 6 0 0 0 0 0 0 0
0 0 0 0 0 0 0 0 0 0 0 0 0 0 0 0
0 0 0 0 0 0 0 0 0 0 0 0 9 21 2 0
1 0 0 1 2 0 2 0 0 0 2 3 3 0 0 10
