0 3 14 17 0 3 12 1 12 16 9 0 0 0 3 8
0 0 1 3 0 0 6 6 0 9 1 0 4 11 0 8
1 19 0 0 0 0 0 0 8 0 7 0 0 0 3 0
0 5 0 0 0 0 0 4 0 6 5 0 2 0 0 0
0 6 14 1 0 0 21 0 0 11 4 0 8 0 3 11
0 0 0 15 0 0 12 2 0 4 7 10 4 0 0 11
2 0 6 2 0 0 7 9 0 0 17 2 3 7 4 0
0 2 3 0 0 3 6 5 1 2 0 0 3 5 9 0
0 4 14 12 1 3 2 2 2 7 0 0 0 0 1 22
0 0 0 10 0 6 9 0 0 3 0 4 0 15 0 19
3 0 2 0 0 0 5 12 0 0 20 7 9 11 1 0
0 0 0 13 0 0 8 9 0 5 0 0 3 0 11 4
0 3 19 0 10 0 13 0 0 3 0 5 3 0 1 2
0 12 1 2 6 8 13 0 0 0 0 1 3 7 4 1
0 0 7 6 0 0 4 33 2 0 20 14 0 14 1 0
0 2 0 2 0 0 15 0 0 13 0 0 11 4 7 7
