2 0 0 0 2 0 0 1 0 0 0 0 0 0 0 0
0 0 0 0 0 18 0 0 0 0 4 0 4 6 0 4
0 0 19 0 0 0 0 0 0 10 2 0 0 3 0 3
0 0 0 2 0 0 15 0 0 2 0 0 0 11 0 1
0 0 0 0 0 0 0 0 0 0 2 0 0 0 6 0
0 0 0 0 0 0 0 0 0 0 0 0 0 0 0 0
2 0 0 0 0 0 0 0 0 0 0 0 0 0 0 2
0 11 0 1 0 0 2 0 0 0 10 0 0 0 0 2
0 0 0 0 8 0 0 0 0 0 11 0 0 0 7 0
0 0 0 4 10 0 0 3 0 0 0 0 0 0 0 0
0 0 0 0 4 4 1 1 0 1 0 0 2 0 1 0
22 0 0 0 0 0 0 7 0 5 3 0 0 0 0 0
0 0 0 0 0 0 0 12 0 1 0 0 0 0 0 0
0 0 14 0 0 0 0 0 0 0 3 0 0 0 0 0
0 0 0 0 3 0 0 0 0 12 2 0 0 13 13 0
0 5 0 21 0 0 2 0 0 8 0 0 30 0 0 0
