36 0 0 7 10 18 2 3 0 14 22 47 36 70 6 24
36 2 38 38 22 25 71 0 22 6 0 2 30 0 27 0
30 5 14 0 47 0 14 27 24 22 27 0 12 32 28 32
1 23 0 50 2 40 0 23 0 24 43 34 31 0 14 40
19 0 1 0 12 18 2 5 0 2 22 40 19 72 11 24
36 7 25 9 22 18 72 0 26 6 0 4 26 0 31 0
37 1 14 0 11 0 15 25 18 0 25 0 36 25 28 32
6 19 0 29 4 50 0 29 0 27 43 39 23 0 14 25
17 0 2 1 12 18 2 6 6 13 17 40 24 73 19 22
37 7 25 7 45 11 75 0 26 4 0 5 39 0 33 0
19 1 14 0 39 0 15 25 26 0 24 0 36 24 28 22
6 19 0 28 4 50 0 20 0 17 44 39 28 0 14 23
17 0 2 1 9 18 2 7 6 16 17 40 25 74 19 22
37 9 27 7 45 22 75 0 22 5 0 5 39 0 32 0
36 1 14 0 39 0 15 26 26 0 21 0 13 25 28 22
1 15 0 32 2 43 0 40 0 23 47 23 28 2 14 26
