0 20 4 0 2 30 38 27 8 19 0 0 54 12 0 22
22 0 0 0 0 4 23 19 32 0 14 22 11 24 7 15
15 29 0 0 24 0 8 19 4 6 0 0 4 13 49 24
13 21 8 0 30 8 0 38 44 0 0 64 0 0 15 0
0 16 13 0 0 26 23 21 0 14 0 0 10 5 0 24
30 6 0 0 0 0 0 19 28 0 6 20 9 8 4 3
7 15 0 0 24 0 11 5 0 0 11 0 0 0 17 40
0 22 2 0 33 3 0 30 44 0 0 0 0 0 13 0
0 13 19 0 0 24 21 27 0 14 0 1 18 8 0 15
26 2 0 0 0 2 0 17 27 0 0 17 2 9 10 9
5 6 0 0 21 0 14 12 1 0 9 0 0 0 29 44
3 21 1 0 27 5 0 31 42 0 0 0 0 1 9 6
0 7 13 0 0 27 28 18 0 5 0 0 16 10 0 19
19 0 0 0 0 10 0 18 27 0 3 11 0 5 13 3
5 3 0 0 18 0 13 12 5 0 0 0 0 0 44 33
8 21 0 0 23 13 0 37 41 0 0 0 0 1 8 0
