0 0 0 0 0 0 5 2 1 0 0 18 4 0 26 13
0 6 22 2 0 0 8 0 0 0 0 0 4 0 42 12
0 0 19 5 0 0 0 1 26 36 19 0 0 22 0 0
0 11 0 0 0 0 5 0 0 0 18 0 0 23 0 0
0 0 0 0 0 0 30 29 0 3 11 0 0 0 0 0
0 19 0 41 0 8 0 10 0 0 0 0 0 8 0 0
0 0 3 0 5 7 22 0 19 0 4 1 0 0 2 0
2 0 0 0 15 0 0 0 1 0 40 8 1 0 6 15
0 8 0 0 0 0 1 0 0 0 0 15 0 0 19 0
0 3 9 0 0 0 3 0 0 0 0 0 0 0 43 20
9 0 24 10 2 0 1 0 6 39 12 0 1 22 0 0
0 0 0 0 0 0 6 0 0 0 25 0 0 27 0 0
0 2 0 0 0 0 34 14 0 5 13 0 0 0 0 0
1 18 0 44 0 0 0 1 0 0 0 0 0 1 0 0
0 0 0 0 12 3 18 0 23 0 0 0 0 0 3 0
16 0 0 0 7 0 0 0 0 0 32 8 0 0 10 20
