40 21 41 0 44 0 0 24 0 2 0 11 9 57 9 0
0 0 0 0 0 0 16 0 43 8 0 0 0 12 0 0
0 1 0 42 19 0 0 0 0 6 0 23 0 21 10 16
0 18 13 0 1 49 0 25 3 12 0 29 34 0 16 15
16 20 21 0 11 6 0 22 0 0 0 17 16 39 25 0
0 5 0 0 7 0 3 0 14 0 0 0 0 20 0 0
0 9 2 28 12 0 0 0 0 0 0 32 0 13 2 13
0 3 5 0 6 16 0 12 16 0 4 28 0 0 12 0
24 21 15 0 12 0 0 30 0 0 0 0 0 22 20 0
3 12 0 0 7 0 7 0 17 1 0 0 0 13 0 0
0 0 0 22 22 0 0 1 0 0 0 29 0 0 0 7
0 14 0 0 0 25 0 24 31 0 19 0 0 0 2 0
14 30 8 0 16 0 0 21 0 0 0 7 0 28 19 0
4 18 0 0 13 0 5 0 28 5 0 0 0 28 0 0
0 6 9 3 15 0 0 0 0 0 0 35 0 0 0 28
0 0 0 5 21 30 0 33 22 2 9 4 0 0 7 0
