17 18 0 0 0 0 11 3 0 3 3 0 0 0 0 0
2 0 0 0 0 12 0 0 1 0 0 0 0 10 0 0
5 0 10 0 4 0 0 0 0 8 0 8 3 0 0 0
10 0 4 15 0 0 0 0 31 0 1 5 23 16 8 1
0 0 0 9 0 0 46 0 0 0 0 0 0 2 0 0
0 0 0 13 4 0 0 0 0 0 13 0 37 0 0 0
0 0 2 0 0 9 12 0 0 0 1 0 0 0 8 6
0 0 14 0 76 0 4 0 0 13 17 1 0 13 0 9
0 1 0 0 10 0 0 10 0 6 0 0 8 0 0 12
0 0 0 5 0 0 0 0 0 0 3 0 3 0 0 0
0 6 0 0 0 0 3 59 0 0 0 0 19 0 0 22
0 1 0 0 0 0 0 0 0 0 1 0 0 15 0 0
8 0 14 0 0 0 0 0 0 7 0 15 0 13 0 0
0 0 0 0 41 6 0 0 0 0 0 0 1 6 12 0
0 0 0 0 0 0 0 2 0 4 0 11 0 0 23 20
0 18 0 10 0 4 4 0 0 0 0 0 0 0 3 0
