0 0 10 3 0 5 6 4 1 0 0 14 20 0 0 12
0 17 0 13 5 0 0 3 10 0 5 0 0 0 0 11
0 0 7 0 0 10 0 12 6 0 13 14 21 1 6 1
12 0 0 5 3 6 0 3 3 0 0 0 3 8 0 6
1 21 10 2 6 1 9 0 5 7 0 0 4 0 9 20
5 9 0 2 0 7 8 0 0 11 11 6 8 0 43 2
14 0 7 3 6 22 19 13 12 0 0 0 0 0 0 20
2 3 2 7 0 0 5 6 7 2 2 0 0 0 12 1
0 5 1 0 0 4 15 14 0 0 0 0 6 0 8 0
3 5 1 1 1 10 0 0 8 6 1 5 0 0 0 0
1 0 15 0 1 0 0 9 12 7 10 4 2 0 11 2
6 1 0 2 0 0 0 1 22 0 8 0 0 38 1 24
8 6 17 0 10 11 0 0 4 9 5 1 24 15 0 1
0 0 4 0 6 0 2 0 1 5 3 0 10 12 9 0
2 12 0 5 7 44 0 13 0 0 3 15 0 5 4 16
11 8 0 0 7 3 0 0 0 0 2 1 0 2 9 4
