0 0 10 5 0 0 17 8 0 5 1 0 0 3 8 0
0 0 0 0 0 8 0 12 0 8 0 12 0 22 1 0
0 10 0 0 0 9 0 1 0 0 0 2 1 14 0 0
0 0 3 27 14 4 0 16 0 0 0 7 20 0 0 5
1 0 0 0 0 0 12 2 0 0 12 18 6 0 0 10
0 10 0 0 0 0 0 3 0 11 0 0 0 0 2 0
14 2 0 0 0 14 5 0 2 0 3 1 1 14 0 0
4 15 0 0 0 0 0 0 0 10 1 0 4 0 0 0
0 0 0 5 0 0 5 19 0 4 1 7 0 0 0 0
9 0 0 0 0 0 0 0 0 0 0 7 0 0 0 0
10 0 4 0 0 9 10 0 0 3 2 15 8 0 0 0
0 0 0 0 0 6 1 0 11 0 11 0 0 6 11 7
0 0 0 0 2 17 0 0 8 0 0 0 7 0 0 0
0 0 0 0 0 0 1 2 0 0 0 2 0 0 0 3
0 0 0 11 0 13 6 0 0 2 0 0 0 0 0 14
10 0 5 0 0 9 13 0 0 10 13 0 0 0 0 8
