0 20 0 1 0 0 12 0 2 0 2 0 0 0 3 13
0 8 0 4 1 0 10 4 0 0 16 0 0 0 0 9
1 10 2 0 0 4 0 3 11 0 10 0 24 0 13 2
9 0 0 0 2 26 0 2 16 0 0 0 6 23 0 3
0 14 5 17 13 0 20 0 0 0 0 0 5 0 8 19
0 0 3 6 0 3 0 0 0 3 17 17 0 0 20 2
3 0 14 0 0 0 0 0 12 0 0 0 0 0 0 14
6 0 20 0 21 0 12 4 4 23 0 0 0 0 0 5
0 0 7 0 0 9 0 5 0 3 0 0 1 0 4 0
7 4 0 8 0 0 0 0 12 0 0 30 0 0 0 0
0 0 0 0 0 0 0 33 25 2 0 0 0 0 0 1
6 9 0 0 0 0 0 0 0 0 0 0 0 22 0 0
21 0 11 2 11 7 0 0 0 5 22 28 0 13 0 0
0 0 0 0 14 0 1 0 0 0 0 0 12 3 0 0
16 0 1 0 0 35 0 9 0 2 5 5 0 8 15 9
0 62 0 0 9 13 3 1 1 0 1 13 4 0 19 4
