-7 -15 -22 6 0 17 -20 7 -49 10 -64 -14 -92 55 -14 -37
-13 85 -4 4 -7 17 -6 -39 -10 -20 54 5 21 23 -30 -12
9 29 10 -18 19 20 -19 1 19 -42 -12 40 4 5 -18 5
-24 -2 -6 -90 -14 -13 5 -28 58 3 -30 -31 -70 -118 127 0
-36 -62 -119 82 40 -26 -8 5 -25 -13 -27 17 -22 33 18 34
-2 -22 25 47 -15 -7 17 -14 -1 -18 11 -8 40 19 -20 -52
-15 -13 -4 -6 -5 7 -17 -1 -1 52 -30 39 -2 -6 15 55
23 -47 43 24 50 -13 -24 62 -19 7 -7 13 28 -17 -11 -3
-3 16 -9 2 63 3 -7 10 44 -32 -13 4 -21 -7 -52 20
-25 55 -59 -40 86 -48 27 9 9 2 -94 16 -9 -16 21 -49
-55 35 -9 -8 -33 56 45 10 20 -30 15 9 17 16 7 14
-18 20 -10 10 9 2 16 -15 33 88 -6 -4 42 5 -20 -14
26 -15 2 -19 -23 50 13 33 6 24 10 24 -5 40 58 -19
-11 52 -9 0 -28 8 22 4 -5 -30 26 -25 38 -15 51 -16
-2 -4 6 8 -12 27 4 -33 -3 -3 -6 31 2 3 -2 5
74 1 24 -10 -6 42 28 -29 41 35 -6 -3 2 -11 0 -10
