28 0 1 4 0 0 6 2 0 0 10 9 0 9 0 0
7 0 4 5 3 1 0 12 11 0 0 2 3 0 5 4
0 1 3 0 8 0 1 9 0 19 9 0 0 0 6 0
30 5 0 0 5 0 20 0 6 0 3 7 9 16 2 3
10 0 0 0 0 0 0 0 0 8 12 0 8 0 0 0
11 14 0 0 0 8 7 0 0 0 0 4 6 4 1 2
0 6 1 0 6 0 7 10 1 3 3 0 14 0 0 2
25 0 33 8 4 0 2 0 0 0 1 16 0 18 3 7
0 6 0 0 23 0 2 5 10 4 6 11 5 0 0 0
8 0 0 1 0 0 15 14 0 0 0 0 5 0 0 0
0 5 7 3 0 0 0 0 1 5 0 0 0 1 0 0
0 0 0 1 0 2 0 0 0 17 8 0 0 5 1 0
5 0 11 0 0 0 0 5 0 0 0 15 0 20 10 13
18 0 0 0 0 7 0 3 6 0 6 5 6 3 0 18
3 3 2 0 10 15 12 0 6 7 0 1 4 1 6 4
0 19 8 0 0 7 0 6 4 9 10 0 9 0 0 9
