33 45 41 0 34 12 0 28 0 10 0 5 5 24 2 0
11 11 0 0 6 4 26 0 54 31 0 13 0 13 0 0
0 4 0 16 12 0 0 0 0 9 0 24 0 0 6 14
0 7 14 0 6 71 0 44 11 12 7 10 0 0 42 34
23 37 44 11 25 20 0 31 0 11 0 5 2 18 15 0
4 3 0 0 7 7 24 0 34 22 1 16 0 15 4 0
0 5 1 12 5 0 12 0 0 9 0 30 0 1 6 4
4 13 18 0 11 52 0 32 19 14 13 5 0 0 44 0
22 30 37 0 30 1 0 34 0 7 0 3 0 26 9 0
0 9 0 0 8 3 22 0 38 20 0 1 0 19 8 0
0 0 0 21 12 0 0 0 0 10 0 25 0 0 10 7
10 16 16 0 5 48 0 43 24 20 16 0 0 0 31 4
22 28 38 0 32 0 0 33 0 8 0 3 5 23 12 0
0 7 0 0 10 4 24 0 39 20 7 0 0 25 9 0
0 3 0 22 10 0 0 0 0 7 0 24 0 0 9 9
7 14 13 0 10 53 0 41 24 20 13 0 0 0 32 7
