10 0 0 0 0 0 1 0 0 3 2 5 20 0 0 17
1 11 1 11 1 0 0 0 10 0 9 0 0 8 0 7
4 0 0 0 0 5 0 0 0 7 3 2 7 0 2 1
4 0 6 2 0 4 0 11 7 0 7 2 2 4 8 0
0 2 11 6 9 0 12 0 0 2 4 0 0 0 0 21
0 0 0 3 0 12 0 0 0 0 11 12 7 0 31 0
3 0 13 4 1 25 0 5 15 0 0 0 0 0 0 19
2 4 4 16 11 0 1 0 8 0 3 5 0 2 4 9
0 0 2 0 8 2 9 16 0 2 0 0 6 0 2 0
0 0 0 16 1 1 0 4 0 1 0 18 9 0 1 0
0 0 25 0 0 0 0 10 5 19 9 0 0 1 9 0
5 1 2 0 0 0 0 6 22 0 4 0 0 22 0 22
14 1 12 0 0 7 0 0 0 9 2 16 25 13 0 2
0 4 0 4 3 0 1 0 0 0 0 0 12 0 0 0
2 4 0 4 0 27 0 7 1 7 1 2 0 8 2 4
0 10 1 3 6 5 0 0 7 0 0 5 0 4 13 8
