0 0 0 0 0 0 0 0 0 0 8 6 0 0 0 0
0 0 0 0 0 4 0 0 0 3 5 11 0 4 0 0
4 0 3 2 7 0 0 2 0 7 0 0 0 0 0 0
2 0 0 0 0 0 4 0 0 9 0 0 0 2 0 8
0 3 12 0 0 0 0 0 0 0 0 9 0 3 0 0
0 0 0 2 0 3 0 2 0 0 0 3 5 6 0 0
0 0 3 0 3 0 0 0 0 0 0 0 0 3 0 2
0 8 0 5 0 0 0 0 0 0 3 1 0 4 0 4
7 0 0 0 0 4 4 0 0 0 0 15 0 0 0 0
10 0 0 0 0 3 0 6 6 7 0 1 0 8 0 0
3 1 0 3 13 0 0 0 0 1 0 0 0 0 0 2
0 0 0 0 4 0 4 2 0 9 0 0 0 0 0 5
0 3 10 0 3 0 0 0 0 0 0 7 0 1 0 0
9 0 1 2 0 9 0 2 0 0 0 3 6 3 0 0
0 0 3 0 4 0 0 0 2 0 0 0 0 3 0 2
0 13 4 5 0 0 0 0 0 0 1 0 0 6 0 13
