5 8 2 11 13 12 6 3 7 10 7 4 5 18 5 19
2 9 14 3 12 7 6 4 8 19 0 7 6 1 31 1
11 30 25 1 2 1 17 27 1 18 22 16 26 15 27 13
28 53 39 8 11 17 40 6 26 29 36 19 21 7 17 15
12 45 24 29 27 0 4 1 7 24 8 11 0 2 8 1
11 7 2 6 4 12 9 7 6 3 1 5 9 1 10 8
4 1 5 13 10 2 6 7 13 11 4 0 26 17 12 0
10 3 15 16 2 21 3 10 10 6 12 1 16 26 27 6
3 12 0 23 14 17 9 11 11 3 0 30 14 13 19 16
8 2 11 9 6 16 22 1 1 6 7 5 4 1 2 8
7 16 14 3 16 4 4 3 18 1 19 13 16 17 7 1
18 24 4 12 17 19 11 3 22 8 2 8 9 22 7 11
1 21 3 10 11 9 28 5 3 3 6 4 2 1 6 2
16 9 8 3 4 8 3 13 18 5 6 11 10 7 1 8
16 16 6 9 8 6 18 9 17 18 1 10 11 10 14 15
1 19 11 1 4 6 14 11 6 2 12 4 5 8 15 1
