0 0 0 3 0 0 10 0 0 0 3 0 0 4 0 1
2 0 2 0 2 0 0 0 2 3 0 0 0 0 0 13
16 0 0 3 0 2 0 0 1 2 0 3 0 0 5 3
0 0 0 0 0 0 0 2 0 0 0 0 0 0 0 0
9 9 0 0 0 0 0 0 0 0 0 7 0 4 0 0
0 0 12 0 10 0 9 0 0 0 5 0 15 0 0 0
0 0 0 0 0 0 0 0 0 18 6 7 14 6 0 8
4 0 7 11 0 0 0 0 0 11 0 0 2 9 0 0
0 10 0 9 6 19 0 0 0 0 0 0 4 0 0 0
0 0 0 3 0 8 10 0 2 0 0 2 0 3 0 0
0 4 0 2 0 0 7 0 0 0 8 0 0 0 0 0
0 0 5 1 0 0 0 0 0 0 0 1 0 9 0 0
4 0 0 0 3 0 4 0 4 0 0 0 0 3 0 1
0 0 0 0 8 0 0 5 0 0 8 0 4 11 20 0
1 0 5 0 0 15 0 0 0 9 0 0 15 0 0 0
0 0 0 4 0 11 0 0 0 14 2 0 0 2 0 10
