9 12 0 18 3 0 12 0 25 0 0 0 0 5 11 15
22 3 4 0 37 0 13 5 0 18 30 0 20 20 51 0
0 16 17 0 0 0 7 33 24 0 0 14 0 0 0 0
58 0 6 0 19 22 0 25 0 0 17 0 0 32 0 4
17 4 22 6 10 31 0 0 0 0 18 30 27 19 13 0
0 11 27 17 22 0 26 17 14 0 0 35 20 3 14 0
7 0 0 26 0 11 35 9 3 9 16 65 16 22 18 10
36 5 29 0 26 25 4 0 27 17 11 8 39 28 4 37
20 0 0 2 37 0 8 1 26 0 0 0 0 0 0 12
0 0 1 2 5 0 17 3 0 8 25 0 9 5 47 0
0 13 0 0 4 0 1 24 0 0 0 3 0 0 1 3
29 3 6 0 11 21 0 8 6 0 11 0 0 32 0 18
10 17 27 6 3 0 0 0 0 0 28 13 19 1 31 0
0 34 20 20 22 2 30 22 6 6 0 0 14 11 0 0
7 11 0 9 8 16 0 7 0 1 0 54 5 0 24 9
16 15 1 9 40 0 0 0 8 7 9 0 18 36 0 5
