0 49 0 0 34 25 24 1 1 0 7 5 0 5 0 15
0 4 15 32 8 0 4 5 14 21 0 25 17 8 6 28
0 13 2 0 9 17 19 15 16 0 0 6 3 11 0 16
22 1 0 0 6 0 63 0 0 7 19 9 0 12 6 11
0 0 0 0 17 3 0 0 25 0 0 19 8 25 8 13
0 0 7 0 0 38 0 0 0 0 0 27 0 0 11 0
15 22 6 0 0 25 10 13 17 0 0 0 0 0 18 9
0 5 11 7 0 21 15 2 0 23 0 13 0 0 26 2
0 41 12 2 38 16 28 8 0 0 0 17 0 7 7 6
0 0 15 12 0 0 2 0 0 8 0 14 13 2 0 31
3 24 8 16 0 2 11 36 14 0 17 2 7 3 0 17
4 0 0 0 28 0 25 0 0 0 20 3 10 1 0 3
0 0 0 0 1 0 0 0 0 0 6 17 6 8 13 2
0 0 0 0 19 31 0 2 0 8 0 18 0 0 4 0
4 18 0 0 0 13 5 8 32 0 0 0 0 0 22 1
0 0 1 5 3 18 9 4 0 3 0 8 0 0 17 0
