1 0 0 0 36 0 27 16 12 0 10 0 0 0 0 0
0 30 6 0 0 13 0 0 11 5 5 8 6 0 0 0
0 0 0 0 0 0 0 0 0 0 0 4 0 0 0 0
12 0 0 0 25 0 0 0 0 0 0 0 0 0 18 0
0 27 0 0 0 0 0 27 0 0 0 0 0 19 0 10
0 0 0 0 8 0 0 0 0 18 0 0 5 0 17 10
0 4 0 0 0 0 0 0 0 0 1 19 2 15 7 0
0 13 0 0 0 0 0 19 0 19 26 6 0 17 2 1
7 0 0 0 0 3 0 0 0 0 4 7 0 0 0 0
0 20 0 0 21 0 25 0 0 4 0 0 0 0 0 0
0 0 0 0 14 39 0 23 10 0 6 0 0 0 0 0
0 24 0 2 0 0 0 0 13 0 11 0 0 7 0 18
0 11 0 7 0 0 0 0 15 10 0 0 0 10 0 0
0 11 0 0 0 0 2 2 44 15 0 8 0 0 0 0
0 0 11 8 18 2 0 15 11 0 0 0 31 0 0 0
0 0 5 4 0 0 0 0 25 23 0 0 0 0 7 0
