2 9 2 4 12 5 16 3 4 1 3 14 3 11 22 11
4 11 11 2 18 0 4 7 6 4 6 34 12 3 38 13
1 12 14 21 0 3 0 7 0 1 1 6 7 27 26 1
0 7 9 1 4 6 9 2 1 2 4 0 9 8 0 1
0 14 0 9 24 9 4 18 1 21 7 0 6 1 11 1
5 3 6 4 4 24 0 4 17 10 7 1 5 8 21 9
14 23 1 9 4 0 0 0 27 0 3 15 13 16 21 15
1 13 0 3 3 3 14 0 2 3 23 0 3 7 6 4
3 12 7 5 0 14 22 5 23 23 13 6 14 8 0 14
0 7 0 0 2 0 1 0 0 10 0 1 0 2 10 16
0 0 0 10 0 35 9 0 0 2 14 0 0 16 23 1
0 8 2 10 4 0 0 0 3 13 0 10 17 0 5 0
10 0 2 7 0 0 0 7 3 0 9 10 16 7 0 2
12 0 2 0 1 20 5 18 6 0 24 4 0 0 13 6
0 6 12 12 2 0 0 9 0 6 0 10 14 11 16 15
6 2 9 1 5 3 10 2 1 0 8 16 20 1 13 0
