1 14 4 4 21 3 2 4 8 11 8 9 1 4 13 13
4 13 2 0 23 24 4 21 1 7 12 38 1 9 0 3
23 6 27 2 0 5 2 11 7 8 24 4 2 11 19 7
0 5 2 1 13 1 0 5 8 11 3 0 3 9 28 3
2 2 0 8 14 9 2 22 2 13 0 0 3 8 2 0
0 8 0 8 2 61 1 5 9 42 15 12 4 15 16 12
42 27 5 4 3 11 5 0 9 3 8 11 4 13 21 16
3 2 0 15 5 4 13 2 16 1 28 1 5 7 3 4
12 5 11 5 42 17 23 10 3 10 30 9 13 0 18 0
18 10 0 1 16 21 1 0 0 3 1 9 10 1 3 4
2 0 10 12 0 12 4 0 6 6 21 0 6 14 7 6
0 1 1 3 3 0 0 0 5 10 6 22 7 1 5 6
6 0 2 32 2 9 0 4 8 0 25 12 3 6 9 13
25 0 22 13 36 32 0 14 1 0 6 5 0 1 30 12
5 1 18 25 0 1 9 8 13 17 6 8 23 1 14 15
4 7 18 8 8 42 10 2 3 21 21 7 7 0 9 10
