2 10 0 26 5 0 8 0 23 0 0 0 0 9 27 14
18 0 7 0 31 0 25 11 0 22 24 0 8 28 45 0
0 32 12 0 0 1 7 32 22 0 0 4 0 0 0 0
48 13 5 0 23 14 0 30 0 0 18 0 0 20 0 7
18 6 30 1 28 29 0 0 0 0 19 26 21 0 22 0
0 20 35 14 23 0 22 21 15 0 0 15 19 3 0 0
0 9 0 24 0 17 33 18 0 0 0 65 19 0 19 9
0 1 20 1 25 18 5 0 25 23 0 0 30 27 0 45
16 8 0 9 0 0 12 4 12 0 0 0 0 0 12 10
0 0 2 0 4 0 20 11 0 11 28 8 17 13 30 0
0 19 18 0 0 12 9 32 15 0 0 13 0 0 0 0
13 11 6 0 22 23 0 18 0 0 16 0 0 18 0 6
17 21 16 8 19 23 0 0 0 0 16 12 4 5 25 0
0 24 31 14 20 6 20 27 0 0 0 8 11 0 0 0
0 6 0 22 5 9 1 18 0 3 0 30 9 0 24 0
0 0 0 0 21 16 0 0 12 5 0 0 12 21 0 0
