0 0 0 0 20 0 0 0 0 0 15 7 0 0 0 0
0 0 0 0 2 6 0 0 0 2 0 21 0 1 0 0
4 0 7 0 9 0 0 0 0 13 0 0 0 0 0 0
0 0 0 0 1 0 4 0 0 12 0 0 0 2 0 8
0 1 6 3 0 0 0 0 0 0 0 10 0 9 0 0
0 9 0 0 0 6 4 0 0 0 0 6 0 8 0 2
0 0 3 3 0 0 0 0 1 0 0 0 0 0 0 2
0 2 0 5 0 0 0 1 0 0 0 0 0 5 0 2
4 6 0 0 0 2 1 0 0 0 0 16 0 0 3 0
13 0 0 0 1 0 0 2 9 5 0 4 0 2 0 0
3 4 6 3 6 0 0 0 4 0 0 0 0 1 0 11
5 0 0 0 7 0 2 7 0 8 0 0 0 0 0 7
0 0 1 0 11 0 0 0 0 0 0 1 0 7 0 0
16 0 0 0 0 0 0 10 0 0 0 5 12 0 0 0
8 0 0 0 10 0 0 0 1 0 0 0 0 16 0 1
0 10 8 0 0 0 0 0 0 0 0 0 0 0 0 13
