0 0 0 7 0 0 7 0 0 0 0 0 0 1 0 1
0 5 1 0 0 0 0 0 0 5 0 0 4 0 0 13
19 0 0 0 0 3 0 0 0 0 0 0 0 4 5 1
0 0 0 0 0 0 0 5 0 0 0 0 0 5 0 7
2 8 0 0 0 0 7 1 0 0 0 3 0 0 0 0
0 0 0 0 7 0 0 0 0 3 0 0 13 0 0 0
0 0 0 0 0 0 1 0 0 18 14 5 5 4 0 1
0 0 15 10 0 4 0 0 0 9 7 0 0 0 0 0
0 8 0 4 0 21 0 0 0 0 0 0 3 8 0 0
0 0 0 2 0 0 17 0 1 0 0 1 7 0 6 1
0 0 0 0 0 0 11 0 0 14 11 0 0 0 0 0
1 0 4 2 0 0 0 0 0 0 0 1 0 17 5 0
0 0 0 4 13 0 8 2 2 0 0 0 0 0 0 3
4 3 8 0 0 0 0 6 0 0 10 0 7 14 17 0
1 0 8 0 0 16 0 0 0 9 0 0 18 0 0 0
0 0 0 3 0 9 0 0 0 7 6 0 0 0 0 2
