5 0 0 0 7 0 2 1 3 2 5 0 0 0 9 0
0 4 4 15 6 7 2 0 0 0 0 2 3 0 7 0
5 1 5 0 8 0 0 0 0 1 0 0 14 21 2 0
8 0 0 14 3 0 0 0 0 0 0 2 2 14 0 1
17 10 0 3 30 0 14 9 8 0 4 0 1 4 16 8
12 12 16 13 10 6 9 0 1 11 6 8 12 9 19 0
10 15 14 0 13 0 0 0 0 19 0 8 4 0 26 0
17 0 16 16 3 0 1 0 9 0 8 3 21 9 0 27
15 11 0 0 7 0 4 2 13 0 15 0 2 5 13 8
12 9 3 13 5 6 5 0 0 20 1 14 3 9 9 0
8 4 14 0 14 0 0 0 0 2 0 0 5 5 4 0
4 0 0 16 0 0 1 0 0 0 5 5 4 9 0 23
15 11 0 0 1 0 3 1 13 0 14 0 2 5 7 8
12 9 4 12 0 6 2 0 0 12 0 14 5 8 6 0
6 4 14 0 7 0 0 0 0 4 0 0 3 3 4 0
1 0 0 11 3 0 4 0 3 0 6 5 6 9 0 22
