0 0 0 0 1 0 0 4 3 0 0 0 0 0 0 0
0 0 0 0 0 9 0 0 0 0 0 0 0 0 5 0
0 0 27 0 0 0 0 0 0 7 0 0 0 0 0 0
0 0 0 3 0 0 0 0 0 0 0 0 0 0 0 0
0 19 0 0 0 0 0 0 0 0 0 0 0 0 0 0
1 10 0 0 0 0 0 0 0 0 0 0 0 0 0 0
0 20 0 0 0 0 0 0 0 0 0 0 0 0 0 0
3 1 16 0 0 0 0 0 0 0 17 0 0 3 0 26
0 0 0 0 10 0 0 0 0 0 10 0 23 0 0 0
0 0 0 1 24 0 0 0 0 0 0 0 0 0 0 0
0 0 0 0 33 0 0 0 0 2 3 0 5 0 1 0
27 0 0 0 5 1 0 11 0 0 7 0 0 0 0 0
0 0 0 0 13 0 0 1 0 13 0 0 0 0 0 0
2 0 0 0 0 0 9 0 0 0 3 0 0 0 0 0
0 0 0 0 3 9 0 0 0 8 0 0 0 38 1 0
0 0 0 35 0 0 0 0 0 0 0 0 10 0 0 0
