0 5 0 0 0 0 6 1 0 1 0 0 2 1 0 17
0 21 0 0 0 0 4 0 3 0 0 0 0 0 0 12
5 17 0 7 0 26 0 0 11 0 1 0 19 0 20 1
1 0 0 11 0 5 0 0 4 0 0 0 0 21 0 1
0 0 6 18 6 0 10 0 17 0 0 0 1 0 4 6
0 0 4 0 0 1 7 0 0 9 15 0 11 0 2 1
14 4 13 0 1 15 0 1 8 0 0 14 0 0 0 22
0 0 19 8 6 2 5 0 1 17 5 0 7 0 15 7
0 0 0 3 0 10 2 8 0 0 0 2 0 0 0 10
1 0 0 9 0 1 0 0 15 0 0 12 1 0 0 0
0 0 7 0 0 15 0 26 6 0 0 5 0 0 16 0
0 3 0 3 0 0 0 0 0 1 4 0 0 22 2 0
12 0 3 0 8 0 1 0 0 0 5 12 0 9 0 0
0 0 0 0 7 0 0 0 0 4 0 0 0 0 10 0
13 6 4 0 0 34 0 5 0 6 8 27 10 23 3 26
0 54 0 0 7 12 2 0 0 0 0 4 0 6 2 5
