-14 0 -16 -6 23 -1 2 11 -16 -19 11 -2 11 -9 -15 18
-34 0 -1 -8 6 -2 3 -2 -9 4 -4 -9 -9 -33 -77 -22
-3 8 -16 -6 -8 30 -49 -2 20 -16 -7 -3 -5 1 -14 -23
-13 0 15 -2 -8 -20 5 -19 8 14 -5 -13 -4 -8 -13 -5
5 -9 -9 -12 10 11 3 -15 28 0 -27 -7 -19 -6 -2 0
-16 15 16 -4 -26 9 4 -29 -15 56 30 3 3 3 -5 4
44 -13 21 -25 6 -2 6 0 16 0 -10 16 -4 -4 0 16
-10 11 20 8 0 -1 -13 -2 23 24 -4 3 -3 8 -1 30
-16 -9 -22 9 -17 -11 -10 -6 -1 -17 -2 -13 8 -11 -33 -4
-7 8 8 -4 -7 -8 1 -22 14 28 -14 6 -20 8 -18 -2
-20 -6 30 -8 -4 -7 -11 30 12 9 -1 19 -8 -10 -17 -1
-2 1 -9 -2 -12 -5 -2 -1 -6 -21 -11 -9 2 6 -12 -18
-25 -40 -20 -15 3 17 -15 -18 21 -2 7 23 -7 -15 -24 -9
-5 -27 -17 -2 16 -6 -14 -2 -44 39 6 3 -14 -2 9 -13
24 2 -1 20 -5 7 -21 1 -12 -5 14 14 13 14 -1 -4
-5 92 -26 -20 -2 -12 -8 -24 -6 -1 -27 5 -8 14 -18 -3
