0 4 0 1 0 1 0 5 5 9 0 6 10 5 2 1
3 3 1 1 0 0 6 0 9 1 0 1 0 4 4 4
7 0 0 0 6 3 0 0 9 1 0 0 8 0 2 2
2 6 6 0 8 2 2 0 4 8 4 0 0 1 1 3
5 5 4 2 0 12 22 0 3 12 0 0 13 8 3 3
10 5 2 3 0 0 10 0 5 5 0 1 0 1 1 3
2 0 0 0 2 1 0 0 6 0 4 1 16 0 0 2
7 10 2 4 11 0 11 1 9 3 0 0 0 2 3 5
5 9 5 4 0 6 0 4 4 10 3 2 8 1 4 9
10 5 10 3 8 0 8 0 11 6 5 0 0 2 6 6
6 0 0 0 0 6 0 0 6 1 2 2 10 0 0 3
6 7 3 2 18 2 6 6 2 8 0 0 0 4 4 4
5 10 3 1 0 19 3 0 3 11 3 3 6 1 4 9
9 5 13 3 8 0 12 0 10 7 5 0 0 2 9 14
10 0 0 0 2 9 0 0 0 0 3 2 3 0 2 2
7 3 5 11 18 0 2 7 10 7 0 0 0 4 1 0
