0 0 0 0 1 0 1 0 0 1 0 0 2 1 1 2
0 4 0 0 0 0 0 0 0 0 6 0 0 0 0 0
0 3 3 0 0 0 0 0 0 1 0 1 0 0 0 1
0 5 8 0 0 3 0 0 0 1 0 0 0 0 0 0
1 2 0 6 0 0 0 0 0 0 7 0 0 0 4 0
0 0 2 0 0 0 0 0 2 0 0 0 0 0 3 0
0 0 0 0 0 1 4 0 0 0 1 0 0 0 3 4
0 0 0 3 0 0 0 0 0 0 1 0 0 0 0 0
0 0 0 0 0 0 3 0 6 6 0 10 0 0 0 0
0 1 4 0 0 0 0 0 0 2 0 0 0 1 0 0
0 0 0 0 0 0 0 4 0 2 0 4 0 0 0 0
0 0 0 0 0 1 0 0 0 0 4 0 0 2 6 0
5 0 0 0 4 0 0 0 3 3 0 2 1 0 0 1
1 2 0 0 0 0 0 0 0 0 0 2 4 0 0 0
1 0 0 0 0 0 0 0 0 0 0 1 0 1 0 0
0 0 0 0 0 0 1 3 2 0 2 0 0 0 0 3
