5 4 3 0 34 8 7 0 2 5 6 1 0 22 0 0
0 0 0 2 0 18 0 0 0 0 12 0 0 10 4 10
0 3 1 0 0 17 0 3 0 0 7 11 0 11 0 0
3 0 0 16 0 5 5 0 0 0 0 0 0 0 6 5
0 21 0 0 0 17 0 1 6 3 3 18 3 6 0 0
0 6 0 18 0 5 0 20 0 6 10 0 13 8 0 0
0 0 6 0 0 5 3 4 8 0 0 12 0 0 3 0
12 0 0 0 8 0 14 0 0 6 0 2 0 6 4 0
0 0 0 11 14 1 0 3 0 20 0 0 0 0 1 0
5 0 2 0 11 10 0 0 10 0 6 5 0 11 0 2
0 11 4 1 1 7 0 0 0 0 6 0 0 0 1 0
0 0 6 10 0 0 0 13 0 0 22 3 0 0 0 0
0 0 0 7 0 1 3 12 0 0 0 0 0 0 0 0
0 0 0 0 8 0 0 0 0 0 0 20 2 17 2 0
0 21 0 0 0 5 40 0 10 7 0 0 0 2 0 0
7 0 6 0 0 0 0 7 0 0 0 0 0 0 0 0
