0 0 0 0 0 0 0 3 0 0 0 20 5 0 7 0
19 0 0 0 9 22 0 8 13 0 0 27 0 0 0 0
0 0 0 0 0 0 0 6 2 0 0 2 0 0 0 0
0 0 0 0 0 14 2 3 0 0 0 0 2 1 0 0
2 0 0 0 10 0 0 0 0 0 0 0 0 0 0 0
0 17 0 0 0 0 0 4 0 0 0 0 0 0 0 0
16 0 0 0 0 13 0 0 0 0 0 0 0 0 0 2
0 0 0 0 0 0 0 0 0 15 0 0 13 0 0 22
8 0 0 12 13 0 12 0 0 0 10 0 0 0 0 0
0 3 0 0 3 21 0 0 8 0 0 0 4 0 9 11
10 14 0 0 0 13 0 0 2 0 0 0 8 10 0 0
0 0 0 0 0 2 0 0 3 1 15 0 0 18 0 0
4 0 0 0 0 0 10 0 12 0 0 8 11 0 0 0
0 0 0 0 10 8 0 0 0 18 1 0 0 5 0 0
0 0 0 25 3 0 10 0 0 4 0 0 0 21 0 14
6 0 0 0 0 0 8 0 0 0 0 0 0 0 0 0
