3 4 7 0 6 11 1 4 3 6 4 6 3 9 2 11
5 10 9 2 5 6 8 11 6 14 4 1 12 10 19 9
3 12 16 2 0 4 5 17 3 0 14 11 7 6 11 4
12 18 25 1 5 13 21 15 25 25 31 17 12 12 12 21
6 36 3 10 9 1 4 7 0 12 5 8 5 1 8 4
1 2 4 3 6 5 10 10 2 2 0 9 2 5 2 4
0 7 2 1 6 1 4 1 4 4 1 7 7 4 6 5
0 3 13 5 3 15 8 10 5 10 10 5 8 12 18 2
3 8 8 21 9 15 14 16 10 8 2 16 8 6 9 6
11 4 5 9 0 18 6 1 1 2 2 2 1 4 4 8
2 5 8 6 7 6 1 1 7 4 7 6 6 7 11 1
7 7 5 5 8 6 1 2 7 2 8 3 2 10 4 7
4 8 6 6 6 3 17 5 4 0 2 4 1 2 4 2
5 8 3 1 4 3 9 3 12 3 2 1 1 9 6 5
9 14 2 7 6 3 3 1 10 10 8 6 10 8 12 11
1 10 5 1 5 2 3 3 7 1 11 3 1 0 11 1
