0 3 0 0 4 3 10 8 10 1 0 6 9 0 8 4
6 17 15 4 0 16 0 6 26 2 0 0 1 26 38 0
1 0 11 1 21 25 0 4 8 0 26 35 0 13 6 0
4 32 12 0 13 15 12 0 7 0 1 17 17 1 0 21
21 0 0 0 4 15 0 21 0 8 10 4 9 12 7 39
7 22 7 0 0 14 0 0 0 0 2 31 8 0 0 1
4 0 19 3 0 0 0 5 0 1 15 0 0 10 5 0
0 12 4 0 0 8 0 11 6 1 9 22 3 0 16 0
27 5 0 0 6 0 0 0 0 2 0 9 1 0 0 1
25 22 2 2 23 6 29 0 0 23 5 8 9 28 0 2
2 0 18 0 1 0 20 0 0 25 2 8 41 3 31 9
11 0 13 9 0 0 0 26 0 12 0 0 28 2 18 0
2 6 12 5 29 0 14 10 0 0 0 23 19 11 7 0
5 0 0 17 4 0 0 66 41 0 5 9 24 0 15 2
0 36 2 0 2 6 26 0 11 37 32 0 28 34 13 0
33 15 0 9 12 1 0 0 0 20 8 0 0 13 53 0
