0 0 0 0 0 2 9 15 0 0 0 2 0 6 0 5
0 19 10 0 2 10 0 0 3 6 0 0 0 18 10 0
0 0 0 4 4 0 2 3 0 0 0 7 0 0 0 3
7 4 5 0 8 2 2 0 14 1 0 9 15 0 0 13
0 15 1 13 2 0 21 0 0 0 0 0 9 13 5 0
0 0 0 0 0 0 21 13 0 0 22 6 0 0 7 0
0 0 0 2 1 0 18 0 0 2 0 0 0 0 0 3
1 0 0 11 15 15 0 0 8 0 8 0 5 0 5 8
2 4 0 0 5 0 0 3 2 6 1 4 0 0 0 5
3 3 10 0 7 0 0 0 3 0 11 25 15 7 0 0
0 0 2 0 0 0 9 20 0 0 0 0 18 0 1 4
6 0 12 4 2 0 0 0 0 0 0 0 3 1 4 0
21 0 1 9 0 0 0 6 0 22 0 13 0 0 0 2
0 5 5 1 5 3 5 0 0 0 2 0 0 22 0 4
4 6 2 18 0 2 0 3 5 0 21 10 0 1 16 23
0 7 0 2 0 6 0 4 0 4 0 26 0 0 0 1
