0 1 0 0 2 0 1 0 0 0 0 0 3 3 0 6
0 6 0 0 0 3 0 0 0 0 4 0 0 0 0 0
3 1 4 0 0 0 0 0 0 0 19 5 0 0 0 9
0 4 0 0 0 0 0 0 0 0 1 0 0 0 4 7
4 26 0 8 0 0 0 0 0 0 5 0 0 0 2 0
0 0 3 2 0 0 0 0 0 4 0 0 0 0 0 0
0 0 0 0 0 1 0 0 0 0 6 0 0 0 8 0
0 0 0 0 0 0 0 0 5 0 2 0 0 0 0 0
0 0 0 0 0 0 0 0 0 6 0 6 0 0 0 2
1 6 4 0 0 0 2 0 2 0 0 0 2 2 0 0
0 0 0 0 0 0 0 0 0 0 0 4 0 0 0 0
0 0 0 0 0 1 0 0 0 0 0 0 0 5 4 0
0 0 0 0 0 0 0 0 4 2 4 2 0 0 0 0
5 1 0 0 0 0 0 0 0 0 0 1 10 0 0 0
0 0 0 0 0 0 0 0 0 0 9 3 4 0 0 0
0 0 0 0 0 0 0 2 0 0 8 0 0 0 0 6
