3 0 0 0 0 0 2 3 3 2 0 0 0 0 1 0
0 3 0 8 0 0 2 0 0 0 0 3 0 0 2 0
3 0 3 0 5 0 0 0 0 2 0 0 11 21 0 0
1 0 0 3 1 0 3 0 0 0 0 1 1 1 0 7
1 2 0 0 0 0 2 1 2 0 0 0 1 2 1 0
0 2 1 2 0 1 3 0 0 1 2 1 1 2 1 0
3 0 1 0 1 0 0 0 0 15 0 7 5 6 26 0
2 0 0 1 6 0 0 0 1 0 3 4 2 2 0 10
1 1 0 0 0 0 0 0 1 0 0 0 0 2 1 1
1 0 2 1 0 1 2 0 0 0 3 1 0 1 0 0
3 0 1 0 0 0 0 0 0 2 0 0 1 3 1 0
1 0 0 0 7 0 1 0 1 0 1 2 3 0 0 10
0 1 0 0 0 0 0 1 1 0 0 0 0 3 1 0
0 0 2 0 0 1 1 0 0 0 0 1 0 0 1 0
0 0 0 0 0 0 0 0 0 0 0 0 2 3 1 0
1 0 0 1 2 0 2 0 0 0 2 3 3 0 0 10
