8 4 7 1 32 2 31 0 0 2 0 4 0 0 38 29
1 0 37 0 9 1 0 0 0 0 1 9 0 0 23 3
6 0 0 0 0 3 0 0 0 0 0 11 0 24 31 2
0 6 24 0 1 8 0 18 22 27 0 0 6 0 43 0
0 0 0 3 7 0 8 2 0 0 0 0 0 6 8 0
2 0 0 1 0 3 0 0 1 0 0 1 0 12 68 9
23 31 0 6 0 20 51 2 6 0 0 0 22 21 6 4
3 14 32 31 0 4 33 12 6 0 63 0 0 0 0 11
0 1 1 18 0 0 5 0 11 2 21 0 0 8 0 0
0 0 0 7 51 5 0 0 0 0 8 18 0 0 4 0
1 0 0 0 0 22 0 1 0 0 20 0 6 0 22 0
0 8 0 0 2 6 0 1 0 17 1 1 20 32 7 0
5 0 0 2 8 3 0 3 8 0 18 0 45 0 0 0
31 0 0 23 0 13 16 2 0 0 0 0 0 0 8 2
20 1 1 38 16 0 10 0 0 10 0 39 5 0 28 0
0 11 12 25 0 29 5 25 24 0 2 23 29 0 20 1
