0 0 0 2 2 0 0 0 0 0 0 0 0 0 0 0
0 0 0 6 0 0 0 4 0 0 0 0 0 0 6 0
5 0 0 0 0 1 0 2 5 3 0 0 0 0 0 2
0 0 0 0 0 10 0 0 0 0 0 0 0 0 0 6
0 0 0 3 0 0 4 2 0 0 0 0 0 2 0 0
0 0 0 0 0 0 0 0 0 0 0 0 0 0 0 0
0 0 0 0 0 0 0 8 0 0 2 0 0 6 0 0
0 0 0 0 0 0 0 0 9 0 1 0 0 0 0 0
0 0 0 1 0 0 0 3 0 0 8 0 0 0 0 0
0 2 0 0 0 2 0 0 0 0 0 0 0 0 0 0
0 0 0 0 0 0 0 10 0 0 0 0 0 0 0 0
0 17 0 10 17 0 0 0 6 12 0 0 0 0 0 0
0 0 0 0 0 0 2 0 0 0 0 0 0 0 0 0
0 0 0 0 0 0 0 7 0 0 0 0 0 0 0 0
0 0 5 0 0 0 0 0 0 0 0 0 0 0 0 0
3 2 0 0 0 0 0 0 0 0 0 0 0 0 6 0
