0 5 6 6 0 0 14 9 5 5 6 0 0 3 0 0
0 0 0 0 0 7 0 9 2 4 0 11 0 13 0 0
0 10 0 0 0 0 0 8 0 0 0 0 21 24 6 0
1 0 0 16 13 7 7 3 0 0 0 1 17 0 0 4
6 0 0 0 0 0 0 3 0 0 9 8 0 0 0 13
0 0 0 0 2 0 0 12 0 11 0 0 0 0 4 0
14 5 0 0 0 10 12 6 4 0 3 0 3 6 0 0
1 14 0 0 0 0 0 1 0 3 0 7 5 0 0 3
0 0 0 0 3 0 5 12 0 7 6 2 0 0 0 0
9 0 0 0 0 0 1 0 5 0 0 7 12 0 7 1
12 0 0 0 0 21 3 0 0 3 4 3 3 5 0 0
0 0 0 0 0 0 0 0 0 0 7 0 0 1 12 7
2 0 0 0 2 18 1 0 8 0 0 0 6 0 0 0
0 0 0 0 0 0 1 13 0 0 0 0 0 0 0 0
1 0 0 5 0 2 11 0 0 1 0 0 0 0 0 14
19 0 7 0 0 2 11 0 0 12 8 0 0 0 0 8
