2 0 1 0 2 2 1 2 1 5 1 13 14 0 1 12
3 13 0 13 2 0 4 8 10 0 10 0 0 0 0 8
1 0 0 0 0 4 0 3 3 8 9 2 5 2 6 0
4 0 0 1 1 6 0 0 0 4 0 2 2 1 1 2
0 4 12 4 10 0 11 2 1 2 3 0 4 0 4 19
3 1 0 4 0 11 5 0 0 3 12 14 0 0 29 3
9 2 15 3 4 24 10 13 5 1 0 0 0 0 0 21
1 10 7 18 5 0 4 1 2 2 3 2 2 1 10 14
0 0 1 0 0 3 12 15 0 0 1 0 9 0 5 0
3 4 0 7 5 0 0 8 3 5 0 16 4 0 0 0
0 2 17 0 4 0 0 11 3 10 6 0 0 2 9 0
5 0 6 0 2 0 0 1 24 0 4 0 0 21 0 23
15 0 12 0 0 15 0 2 0 10 7 12 17 18 0 0
0 2 0 4 2 1 0 0 0 0 0 0 12 1 3 0
0 9 0 2 0 34 0 8 0 0 0 1 0 2 2 4
4 13 0 0 6 5 0 2 9 0 0 4 0 3 12 7
