0 2 0 0 9 1 0 3 2 7 0 0 9 3 0 3
4 0 0 0 0 1 2 0 2 0 6 6 9 2 0 1
7 1 0 0 0 0 0 3 1 0 0 0 5 10 11 12
0 11 4 0 3 3 0 5 3 0 7 3 0 0 2 0
0 2 1 0 2 0 9 2 0 7 0 2 2 0 0 2
11 3 0 0 0 2 0 9 0 0 0 4 5 5 9 1
2 0 0 0 4 0 10 1 2 0 11 0 5 0 12 17
0 19 6 0 9 6 0 10 2 0 5 0 0 0 3 0
0 10 2 1 10 0 4 4 0 8 0 4 10 0 0 6
4 14 0 3 0 4 0 3 3 0 0 8 6 9 7 3
0 4 0 0 0 0 2 5 6 0 5 0 1 0 22 8
0 11 5 0 1 6 0 3 7 0 6 0 0 0 5 1
0 4 7 0 0 4 6 7 0 5 0 2 10 9 0 2
0 2 0 0 0 1 0 2 3 0 0 5 3 4 7 9
1 6 0 0 1 0 6 5 1 0 11 0 1 0 3 6
0 11 0 0 5 7 0 3 1 0 2 0 0 0 0 4
