4 1 0 0 2 2 0 10 4 12 3 7 2 3 0 4
0 4 7 0 7 3 0 2 0 0 5 5 15 0 21 0
0 4 0 12 0 22 0 12 0 0 1 25 0 6 1 0
13 0 0 32 0 0 0 0 9 10 4 7 0 2 0 5
30 0 0 19 17 0 2 5 8 9 2 2 19 0 0 9
0 0 0 24 2 33 0 5 0 0 8 22 23 0 25 0
0 8 0 12 0 0 16 0 0 0 6 24 0 0 14 0
23 0 0 9 4 11 0 0 10 24 11 16 0 28 0 0
0 5 2 0 14 13 1 0 6 2 1 17 13 0 0 10
0 2 8 6 2 10 0 8 0 0 23 6 15 0 19 0
0 3 5 10 9 0 4 11 0 0 6 0 0 0 0 0
0 0 0 0 8 0 0 0 6 8 10 23 0 26 0 0
5 0 2 0 6 1 5 9 4 2 1 5 6 0 9 9
0 8 0 5 6 26 0 20 0 0 0 0 12 0 18 0
0 8 0 3 0 0 11 0 0 0 7 18 3 1 22 0
0 0 12 0 0 0 0 0 3 8 3 2 0 20 0 0
