21 0 0 29 0 28 1 0 1 0 0 0 31 13 12 0
16 11 0 0 0 0 8 0 3 0 0 12 6 19 0 0
24 0 0 9 5 0 19 0 1 23 15 0 18 30 0 0
5 0 0 0 0 0 20 50 11 0 12 0 0 0 3 0
0 19 0 0 7 14 26 33 0 43 0 10 0 3 0 10
68 0 0 1 42 0 2 0 0 0 13 0 0 0 29 10
0 9 13 0 0 31 0 0 25 13 0 27 0 16 0 14
24 69 3 4 25 0 29 7 0 19 0 0 4 26 0 0
11 0 0 20 0 8 6 12 3 0 31 0 21 3 13 0
16 27 88 0 44 3 14 0 0 2 0 5 0 23 0 0
0 0 0 16 4 24 0 11 61 5 9 28 12 0 16 0
18 1 0 0 1 12 62 17 7 0 28 0 11 0 1 0
11 0 0 0 13 0 17 67 0 10 0 24 0 22 0 27
0 0 17 10 5 0 33 2 0 0 39 14 0 13 1 0
10 18 39 0 0 14 0 0 4 5 5 19 0 0 9 3
0 0 0 0 30 7 0 14 33 11 0 12 0 17 0 1
