4 0 0 3 5 0 1 0 9 0 0 0 0 0 0 0
2 0 0 2 13 0 0 0 3 0 0 0 0 3 19 5
1 7 0 0 14 0 0 4 7 0 0 1 0 0 0 19
2 0 0 11 0 7 0 0 0 0 0 1 11 8 0 0
0 0 0 2 12 2 0 4 0 4 0 12 4 9 0 0
0 13 0 0 0 3 0 0 7 0 0 0 0 0 0 6
0 3 2 0 3 0 3 2 0 0 0 6 0 0 0 0
0 0 0 5 0 0 0 0 0 0 14 0 8 2 0 6
0 2 0 0 0 0 0 2 0 0 0 0 0 0 2 0
1 0 3 3 0 0 3 2 1 1 0 0 10 0 0 0
0 0 0 0 1 0 0 6 0 0 0 0 0 1 5 0
5 9 3 6 4 0 0 0 5 1 0 12 0 4 0 0
5 0 0 0 0 0 9 6 2 0 3 0 3 1 0 0
0 8 2 0 7 8 0 3 0 2 0 3 0 0 9 0
0 13 0 0 0 0 0 0 0 0 0 11 0 4 0 0
1 0 9 0 0 0 0 0 1 2 0 0 0 2 5 0
