0 8 0 10 7 0 1 6 0 0 8 0 9 3 2 0
1 0 2 6 0 0 14 6 0 0 0 1 0 8 7 6
0 0 0 1 11 3 0 0 0 0 1 0 1 14 0 7
6 0 2 0 0 1 0 0 5 0 16 0 15 3 2 2
0 5 2 4 5 4 0 4 13 4 0 5 6 0 11 17
10 5 9 11 2 9 0 0 0 0 7 1 8 0 0 6
14 1 11 7 0 4 0 0 0 19 4 5 14 4 0 0
1 12 3 2 0 4 6 8 1 0 4 2 0 2 2 10
0 11 8 3 2 2 18 0 2 1 0 5 4 5 0 16
0 3 7 0 0 0 2 1 4 6 10 0 2 7 14 0
11 0 0 1 0 3 6 1 0 0 27 0 0 1 0 0
0 27 5 0 5 7 6 4 2 1 11 1 0 5 6 15
11 1 4 2 3 3 6 0 8 5 3 13 3 0 10 2
9 0 0 3 0 3 1 2 4 0 6 6 3 2 0 5
12 4 0 3 0 2 27 4 3 0 0 8 0 3 6 3
0 7 0 10 0 6 3 2 0 0 5 10 0 5 19 2
