0 0 0 0 6 0 10 17 0 8 1 2 1 7 2 1
0 1 2 0 6 25 1 0 0 0 0 13 17 12 12 5
2 4 16 16 0 0 0 9 0 0 0 17 3 8 8 11
0 3 2 0 2 3 11 0 13 0 0 2 23 0 11 0
0 3 0 2 8 21 0 3 4 18 12 12 0 0 2 1
3 0 0 4 0 48 0 4 11 3 7 0 0 6 30 1
0 20 4 9 0 25 9 2 9 0 0 2 7 1 5 3
0 12 0 0 6 0 2 4 8 0 12 2 0 0 0 7
3 0 0 4 0 11 9 2 8 14 8 0 4 0 0 1
2 1 0 0 0 18 0 0 0 0 1 0 0 8 0 16
16 1 0 0 0 3 0 0 0 0 0 0 3 1 4 0
0 8 4 3 2 6 2 0 0 9 0 6 1 8 5 0
0 0 2 1 14 12 0 4 3 0 16 2 2 0 0 0
7 1 0 5 0 5 0 6 0 0 17 0 0 0 1 11
0 2 5 0 9 0 0 5 0 0 11 7 0 9 3 2
0 3 1 0 0 1 0 8 0 13 1 6 9 3 3 0
