0 23 18 0 21 23 32 27 22 23 0 81 31 11 0 24
4 17 0 0 0 15 16 21 18 3 0 28 14 21 9 28
0 15 0 0 13 0 30 1 1 0 0 0 0 0 71 26
27 28 6 0 0 0 0 35 20 3 0 47 0 0 1 10
0 63 13 0 0 29 22 24 0 36 0 0 0 12 4 21
20 0 0 0 0 0 0 16 21 0 8 17 32 41 22 0
0 16 0 0 29 0 32 0 0 0 0 0 0 0 0 28
0 47 29 0 38 19 0 30 22 0 0 0 0 0 0 0
0 0 1 0 21 14 16 16 16 21 0 77 24 0 0 44
39 13 0 0 0 0 0 11 5 0 0 39 10 0 0 43
0 6 0 0 19 0 9 0 0 0 46 0 0 0 26 64
0 38 0 0 8 0 0 33 10 0 0 0 0 0 5 15
0 54 23 0 0 23 27 21 0 39 1 0 0 5 0 27
37 0 0 0 0 18 0 15 22 0 0 0 9 26 18 0
0 0 0 0 18 1 29 6 10 0 0 0 0 0 42 30
15 42 13 24 15 27 0 36 55 0 0 0 0 0 0 0
