4 7 0 0 14 2 26 12 7 11 2 4 1 1 14 19
3 16 26 2 24 24 3 31 9 26 19 29 0 14 0 11
5 5 36 5 0 5 1 15 7 7 19 5 3 7 0 15
0 19 18 2 1 1 0 24 14 30 4 0 14 2 9 1
0 0 14 9 22 9 2 20 2 43 0 0 4 7 1 0
1 14 1 9 4 71 0 16 29 0 15 0 12 15 9 27
73 24 0 3 4 16 38 6 11 3 11 11 7 7 16 8
3 13 28 30 1 2 24 4 6 7 60 1 5 8 3 14
2 11 11 23 24 0 25 14 12 35 17 2 9 1 0 1
0 10 0 6 17 19 1 0 0 7 6 18 5 2 1 6
9 1 1 31 0 8 5 0 7 8 25 6 7 1 4 6
0 8 6 3 3 6 0 3 0 16 28 8 6 23 3 2
4 0 5 4 2 9 4 1 11 0 6 12 29 3 1 13
43 0 1 17 0 4 14 11 4 0 3 5 11 1 0 13
39 4 18 28 1 13 7 12 13 6 11 14 16 2 14 0
7 2 11 22 15 27 7 17 19 21 3 4 1 0 6 6
