3 9 14 3 4 26 15 8 5 12 4 2 5 12 1 12
5 11 14 4 5 1 6 12 9 14 15 4 2 17 8 10
11 9 22 3 8 2 2 25 1 6 24 17 11 13 19 8
22 28 31 0 1 6 22 13 21 21 18 17 4 1 4 13
7 29 4 14 13 0 8 1 0 20 11 15 11 6 11 8
5 5 3 1 7 5 9 9 1 6 3 11 5 5 1 1
2 2 1 8 1 2 9 5 7 3 3 5 18 8 10 12
0 16 4 16 5 22 2 7 3 6 11 4 3 6 27 1
4 7 0 19 7 11 14 13 11 3 2 20 9 7 9 10
9 6 3 8 1 22 9 2 2 4 3 3 5 4 2 14
2 7 11 5 9 8 1 6 11 4 18 10 12 16 18 5
14 21 2 10 13 14 1 5 11 0 9 4 2 15 3 6
4 7 6 8 11 11 28 2 8 1 4 2 1 5 8 2
6 7 10 2 3 6 13 12 15 3 4 4 1 14 2 8
13 17 2 9 2 11 6 1 12 18 8 10 12 9 19 15
1 13 6 3 11 8 8 6 9 4 12 3 0 4 11 6
