0 0 1 0 0 4 0 0 0 0 10 7 0 0 0 5
0 0 0 0 0 1 0 0 0 4 1 8 0 2 0 0
7 0 11 0 0 0 0 0 0 10 0 0 0 0 0 0
3 0 0 0 3 2 12 0 0 4 0 4 0 0 0 9
0 5 16 0 11 0 0 0 0 0 0 9 0 11 0 0
0 0 0 0 0 5 9 0 0 0 0 12 2 2 0 5
0 0 0 1 0 0 0 0 0 0 0 0 0 8 0 7
0 9 0 7 0 0 0 0 0 0 3 0 0 6 0 8
4 0 0 0 0 2 1 0 2 0 6 8 0 0 0 0
0 0 0 0 0 0 0 8 9 1 0 5 0 0 0 0
4 2 6 0 0 0 0 1 2 1 0 0 0 1 0 0
0 0 0 0 0 0 11 5 0 18 0 1 0 0 0 7
0 5 13 0 0 0 0 0 0 0 0 5 1 0 0 0
9 3 0 1 0 11 5 0 0 0 0 11 0 7 0 4
0 0 0 2 0 0 0 0 1 0 0 0 0 0 0 5
0 8 0 7 0 0 0 0 0 0 3 0 0 6 0 7
