0 0 9 1 16 0 12 2 0 9 0 10 0 1 7 0
37 0 0 0 0 0 1 0 0 0 1 0 13 27 0 0
0 0 0 0 0 0 0 0 25 0 0 0 0 24 0 21
8 0 0 0 11 9 18 0 0 0 0 12 0 6 0 24
0 0 0 0 5 0 11 11 0 2 17 18 9 11 24 1
7 5 0 2 0 0 1 10 0 0 0 11 0 0 0 0
12 1 16 26 0 1 5 12 0 19 0 2 9 0 0 0
0 5 18 0 0 0 0 0 11 0 1 3 0 0 0 0
7 0 3 9 0 0 12 3 2 6 7 15 6 5 0 0
29 0 1 0 0 0 9 0 0 8 0 7 0 15 4 0
0 18 6 9 0 0 0 8 0 0 0 0 11 24 6 13
5 0 0 25 13 0 22 13 0 0 0 1 0 33 0 6
0 0 0 0 13 23 7 8 0 8 2 7 20 14 29 0
3 7 0 0 0 0 0 3 0 0 0 3 6 35 18 0
2 0 23 0 5 0 0 0 7 11 0 5 1 9 0 0
6 19 24 10 0 0 0 14 9 0 10 6 0 2 0 0
