8 -18 -6 5 -4 14 -13 12 -25 8 -27 -14 -42 23 4 -12
-1 31 2 -1 2 19 0 -60 -7 -18 37 4 0 -3 34 -3
14 12 15 53 17 49 -8 -19 22 -29 -14 41 9 -6 -16 4
-11 22 6 -20 19 -11 -53 -39 -13 -12 -14 -34 -23 3 40 0
-11 -58 -45 20 7 -11 0 18 -21 -12 -3 0 0 15 2 16
12 5 19 19 -13 -10 -8 -36 41 3 3 33 -8 6 -12 -42
9 -3 21 -8 10 5 -16 16 2 53 -26 37 1 -11 -8 37
19 -28 34 -5 30 -13 -10 27 21 -25 2 -12 -5 -27 -29 -5
15 58 -17 -5 65 3 -16 15 48 -49 -8 12 -46 -11 -10 1
18 36 -31 -27 11 -32 30 15 -12 8 -69 29 -4 -16 53 -21
-32 30 -21 0 -46 55 36 1 19 -12 18 -16 20 16 6 16
-18 12 -20 32 0 0 21 -17 33 73 40 0 14 16 -9 -38
23 6 3 -5 1 3 4 30 17 44 0 4 -5 -16 26 -16
0 25 -8 -15 10 6 28 -2 -4 -25 8 -21 37 6 46 -19
6 -3 -7 21 -15 19 -2 -7 -6 -8 2 49 -9 6 -14 5
-9 19 -14 3 -2 -16 21 -23 61 -4 -6 -3 1 -11 -2 -6
