0 2 7 17 0 5 11 1 19 10 6 0 0 0 1 24
0 0 6 4 0 9 4 6 0 9 1 2 4 0 0 8
3 17 0 0 0 0 0 3 2 0 7 0 0 3 1 3
0 8 0 0 0 0 2 11 6 14 10 0 10 0 0 0
6 5 11 6 0 0 4 3 2 17 2 0 8 0 3 31
0 1 0 13 0 0 14 10 3 3 0 16 5 11 0 6
27 0 4 2 0 0 0 0 0 0 23 7 3 8 9 0
0 0 3 2 0 0 6 9 1 3 0 0 3 5 9 11
0 1 6 12 4 19 7 0 2 13 7 0 0 0 9 22
0 0 0 8 9 4 0 8 8 0 18 12 34 3 0 17
0 0 0 8 0 0 1 11 0 0 31 12 9 3 7 0
0 13 0 5 0 0 20 9 0 1 0 0 0 0 7 7
0 9 5 0 11 0 2 0 0 5 7 12 17 11 2 2
0 14 1 2 5 9 15 0 0 0 10 9 3 0 0 0
0 0 3 19 0 0 7 33 2 8 20 23 0 4 6 4
0 11 0 2 0 2 17 0 1 9 9 0 8 26 5 12
