6 0 16 23 0 0 16 2 0 0 0 22 0 27 0 0
24 0 1 0 0 0 19 0 0 0 0 7 0 11 0 0
0 0 0 0 10 0 0 4 11 0 0 0 0 0 0 11
3 0 1 0 4 0 17 10 0 9 0 11 0 15 9 18
0 0 0 0 20 0 4 12 0 23 1 4 16 0 0 0
5 24 0 16 0 0 0 19 2 0 0 12 0 0 0 0
4 11 24 0 0 1 0 4 0 7 0 6 0 0 0 0
0 0 0 0 0 0 0 0 28 0 0 24 5 0 0 18
0 7 9 40 0 0 0 0 6 2 4 12 0 29 0 0
20 0 1 0 0 0 9 0 0 0 1 0 0 2 0 0
2 7 0 0 0 0 0 0 0 0 0 0 0 0 0 8
0 4 0 0 3 0 23 8 0 4 5 10 0 5 0 0
0 0 0 22 0 0 4 9 0 17 0 1 0 15 0 0
0 34 0 10 0 0 0 15 2 0 0 10 18 6 1 0
19 0 16 0 0 0 0 0 0 0 0 0 0 0 0 0
41 1 0 0 0 0 0 4 44 0 4 12 0 25 0 3
