11 0 0 0 0 0 0 5 8 2 15 0 0 1 0 0
9 0 0 11 8 0 0 0 15 0 0 9 3 0 0 30
0 1 0 0 21 0 0 0 0 0 0 0 7 0 2 22
25 0 0 0 8 0 11 0 0 0 0 5 0 17 4 0
0 0 0 0 0 0 0 0 0 0 14 0 25 1 0 0
7 2 0 0 0 0 18 0 0 0 0 5 1 0 4 0
0 16 0 7 14 0 0 0 0 7 3 0 7 0 0 22
21 0 7 4 18 0 8 12 0 1 0 19 0 24 0 19
0 0 0 0 20 0 0 0 9 0 0 0 8 0 0 0
16 0 0 0 0 0 16 18 0 0 0 3 5 3 0 0
0 1 8 0 0 0 2 0 26 0 0 0 0 0 0 0
0 0 0 8 0 9 0 0 0 8 5 0 0 16 10 0
0 0 0 1 0 0 1 7 0 0 0 7 0 14 0 9
8 1 0 0 0 1 0 0 0 0 9 0 14 6 9 10
0 0 0 0 4 17 3 0 6 12 0 0 10 0 10 14
1 0 16 0 0 0 12 15 2 0 23 0 0 0 0 1
