0 0 0 0 0 0 0 0 0 0 0 0 0 0 0 0
0 0 0 0 0 0 0 0 0 0 0 0 0 0 0 0
0 0 0 0 0 1 5 0 0 0 0 0 0 0 0 0
0 0 0 0 0 0 0 0 0 0 0 0 0 10 0 0
0 0 0 0 0 0 0 0 0 0 0 8 0 0 12 0
0 0 0 0 0 0 0 1 0 0 0 0 0 0 0 0
0 12 0 0 1 0 0 0 0 0 0 0 0 0 0 0
0 0 1 6 0 13 0 0 0 0 0 0 27 0 0 0
0 0 0 0 21 0 0 0 0 0 0 0 9 0 0 0
0 0 0 0 3 0 0 0 0 0 0 1 0 0 0 0
0 0 0 0 0 0 0 0 0 0 0 0 0 0 0 0
0 0 0 14 0 0 0 0 0 0 0 0 3 0 0 0
1 0 0 0 15 0 0 0 0 0 0 0 8 0 0 0
0 0 0 0 0 0 0 0 0 0 0 0 0 0 0 0
0 0 0 0 0 16 0 0 0 0 0 0 0 3 0 0
0 0 0 0 0 0 0 0 0 0 0 0 0 0 0 26
