0 2 2 3 0 0 7 0 0 0 0 2 5 0 2 8
0 19 0 2 2 0 7 0 1 0 0 0 0 0 0 12
4 4 3 5 0 25 0 0 4 0 10 0 16 0 21 1
2 0 0 9 0 0 0 0 11 0 0 0 7 21 0 1
0 0 2 19 5 0 5 0 8 0 0 0 0 0 9 20
2 1 1 0 0 1 7 0 0 1 18 0 10 0 6 4
10 0 10 0 3 18 0 0 11 0 0 9 0 0 0 21
0 3 24 2 1 0 9 0 0 9 1 0 0 0 3 3
0 0 1 0 0 7 0 6 0 0 0 0 3 0 0 8
0 3 0 21 0 0 0 0 15 0 0 13 0 0 0 0
0 0 4 0 0 12 0 30 5 0 0 0 0 2 14 0
0 2 0 1 0 0 0 3 0 0 2 0 0 23 0 0
14 3 5 0 5 5 0 0 0 1 9 15 0 3 0 0
1 0 0 0 11 0 0 0 0 1 0 0 11 0 7 0
11 0 3 0 0 36 0 4 0 2 6 18 0 13 3 25
0 60 0 0 7 10 2 0 0 0 0 3 0 5 3 5
