0 1 26 0 0 2 0 0 0 0 0 0 0 15 0 0
1 0 0 0 0 9 0 0 0 0 34 1 0 13 0 0
0 0 0 0 0 0 0 3 0 0 0 0 0 0 0 0
0 0 0 9 0 0 9 0 0 0 0 0 0 0 2 1
0 0 0 0 1 10 2 0 0 0 0 9 0 0 0 0
0 3 0 0 0 0 0 0 0 11 0 0 0 0 0 1
0 0 0 0 3 35 0 0 0 0 0 7 0 0 0 0
12 0 0 8 5 0 17 0 0 0 0 0 0 1 12 0
0 0 0 0 23 7 0 0 0 8 0 0 0 0 9 0
10 0 0 0 0 1 0 0 2 0 0 6 0 0 0 16
0 19 0 9 0 20 0 0 0 3 0 0 0 4 18 0
0 0 0 0 0 0 0 0 0 0 0 13 0 0 0 0
27 0 0 0 0 0 0 0 0 0 13 0 9 0 0 0
0 0 16 0 1 10 4 0 0 0 0 0 9 0 0 0
0 0 0 0 0 15 3 0 0 0 0 0 0 8 0 0
0 2 17 0 0 0 0 0 0 0 5 0 0 0 0 0
