0 44 26 0 0 4 34 103 0 23 0 14 5 8 45 6
57 12 0 35 0 2 19 9 29 6 34 16 6 12 28 0
6 40 8 42 42 15 45 4 10 28 46 8 0 35 6 10
23 1 8 26 0 21 0 39 44 39 0 50 54 43 28 10
18 3 3 0 12 55 0 4 41 47 40 4 7 19 48 23
9 0 63 32 47 20 0 5 4 46 9 19 45 23 0 40
0 4 0 14 14 19 0 0 21 77 29 45 18 36 43 9
0 7 32 0 22 22 0 52 9 0 0 12 21 14 35 14
0 56 5 0 57 2 0 14 17 0 7 30 24 0 9 2
17 39 0 0 55 0 42 22 17 2 34 28 0 0 45 0
0 6 30 0 34 45 26 50 19 34 0 41 18 59 6 2
31 47 17 22 23 0 31 16 32 101 42 30 127 5 0 9
0 11 0 7 30 0 2 22 21 58 17 33 0 5 2 33
34 36 8 22 6 0 0 11 15 12 8 16 4 60 55 0
25 20 36 0 9 9 0 21 19 16 0 30 1 5 0 10
0 0 18 2 14 43 66 0 117 0 0 10 0 37 34 29
