1 7 0 9 7 0 9 0 10 0 1 1 4 0 0 7
7 1 1 0 5 0 0 0 3 0 2 0 1 0 0 2
11 0 1 3 0 0 0 1 0 5 0 1 0 0 2 10
0 0 0 4 0 4 0 1 5 5 0 0 0 0 2 16
1 24 9 0 4 4 0 5 0 0 3 0 4 6 0 0
0 0 11 2 9 0 4 0 0 5 0 0 6 4 0 0
2 5 0 0 0 0 4 0 0 3 5 0 15 5 0 4
8 4 1 3 0 4 0 0 7 0 0 0 5 1 8 7
8 12 0 21 0 6 1 0 0 0 2 5 2 3 0 0
0 0 0 4 3 4 7 0 8 0 0 2 6 0 0 2
2 7 6 8 0 0 10 0 0 0 1 0 0 0 0 0
0 0 8 10 0 8 0 0 0 0 0 5 0 1 7 2
5 2 0 12 1 0 6 13 1 0 2 0 0 0 0 0
0 0 8 0 4 0 2 0 0 4 12 0 8 5 1 0
3 12 13 0 0 3 0 0 0 6 0 0 6 0 1 0
0 0 0 13 0 5 2 8 0 0 6 0 6 2 0 12
