4 2 0 0 2 0 0 0 0 0 0 6 3 0 0 0
0 0 0 0 0 12 0 0 0 0 1 0 4 3 0 4
0 0 22 0 0 0 1 0 0 7 2 0 4 4 0 0
0 0 1 10 0 6 10 0 0 0 0 3 0 0 0 0
0 0 0 0 0 0 0 0 0 0 0 0 0 0 6 0
0 3 0 0 0 0 0 0 0 0 0 0 0 0 0 0
2 0 0 0 1 0 6 0 0 0 0 0 0 3 0 1
0 21 8 1 0 0 2 0 0 0 9 0 0 0 0 0
0 0 0 0 33 0 0 0 0 0 18 0 3 0 0 0
0 0 4 7 7 1 0 0 0 9 0 0 1 0 0 0
0 0 0 0 6 4 1 17 1 0 0 0 7 0 0 0
23 0 0 0 0 0 0 7 0 5 0 0 0 0 0 0
4 0 0 0 0 0 0 7 3 2 0 0 0 0 0 0
0 0 32 0 0 0 19 0 0 0 3 0 0 0 0 0
0 2 0 2 0 0 0 0 0 13 2 0 0 13 13 0
0 0 4 41 0 0 15 0 0 8 0 0 33 0 0 0
