19 18 17 28 43 23 0 6 8 10 16 27 1 14 10 68
22 5 19 2 21 0 29 17 1 12 11 28 2 26 60 30
4 2 4 38 4 23 34 23 22 18 10 15 6 13 11 28
16 0 17 8 1 10 25 23 7 24 5 29 6 8 19 36
9 11 0 20 1 7 10 52 44 20 6 26 12 13 1 7
12 70 4 9 28 8 4 32 1 12 3 8 3 6 38 7
19 11 45 4 4 7 0 2 11 24 6 16 13 1 3 26
8 31 0 3 26 5 7 9 2 4 6 5 20 6 22 8
3 7 19 1 0 11 3 9 12 6 8 11 4 16 1 16
20 0 27 4 11 1 5 23 45 26 2 1 2 33 31 14
22 27 72 3 0 10 5 10 27 7 29 8 4 26 14 20
1 15 13 2 5 4 28 26 41 16 22 3 50 32 1 3
5 29 4 10 14 7 30 3 48 0 7 20 8 22 42 3
16 2 28 19 16 13 14 8 32 5 7 9 11 19 23 14
25 0 14 3 23 1 22 6 7 12 23 38 25 30 4 3
19 34 2 2 8 3 4 7 28 2 4 15 39 3 10 17
