63 57 0 0 0 0 3 0 0 39 2 19 16 34 20 0
0 3 36 31 0 0 0 16 0 17 0 27 2 0 26 0
0 6 31 8 49 1 0 0 8 50 0 0 0 0 34 0
0 0 0 0 18 0 0 0 0 0 16 0 3 0 0 0
0 0 0 0 48 0 6 36 0 0 0 13 0 0 0 16
0 20 0 20 0 19 0 0 20 0 12 0 20 0 13 0
0 0 0 27 0 21 14 0 0 0 62 35 0 0 0 0
29 8 0 5 0 0 0 0 31 34 8 21 0 0 0 0
0 33 0 0 0 0 15 0 0 64 60 34 5 51 0 0
0 5 8 3 7 27 0 51 0 19 0 25 0 0 47 0
0 0 6 0 0 28 0 48 12 30 0 0 0 0 0 0
3 0 0 0 39 0 0 0 0 0 10 0 16 4 19 0
40 0 0 27 13 9 0 0 22 35 0 3 14 0 5 0
0 0 0 19 0 0 0 0 0 0 14 8 49 0 8 0
0 9 0 20 0 16 26 0 0 7 35 20 0 0 31 0
7 0 24 9 0 0 0 0 8 0 0 8 0 0 0 0
