2 0 0 0 25 0 28 11 0 0 9 0 0 0 29 0
0 0 1 0 18 0 12 0 0 2 0 0 2 0 100 0
14 43 0 0 0 0 0 0 0 15 0 0 24 42 8 0
38 0 0 0 0 0 5 0 11 0 0 0 63 4 0 39
16 0 0 0 46 0 5 30 0 0 19 0 0 0 26 0
0 20 29 0 6 0 14 0 0 0 0 7 19 0 89 0
21 65 8 0 0 0 0 0 0 33 0 0 24 28 33 0
23 0 0 4 1 0 17 2 19 0 36 0 74 0 0 14
0 0 0 4 0 0 9 0 12 0 23 0 0 0 30 0
0 13 20 0 0 0 0 0 0 0 0 32 27 0 92 0
22 65 0 0 0 0 0 0 0 13 0 0 25 21 29 0
33 0 23 0 4 0 13 0 2 7 0 3 74 0 0 15
0 0 0 0 22 0 6 4 0 0 27 0 0 0 27 0
0 10 27 0 17 0 27 0 0 0 9 0 31 0 114 0
33 82 0 0 0 0 0 0 0 14 0 0 19 24 34 0
43 0 0 8 16 0 11 0 15 0 15 0 65 0 0 27
