15 2 4 0 1 13 9 1 1 0 4 7 28 0 0 5
3 16 3 0 0 0 1 2 10 3 5 0 0 5 0 0
0 2 2 2 4 11 6 19 1 4 0 12 15 0 1 2
15 3 2 2 5 3 4 1 0 0 2 3 12 5 12 0
0 3 9 0 2 5 12 0 0 0 0 0 3 2 0 20
0 6 0 0 0 6 6 0 0 10 1 6 15 0 32 3
7 0 2 0 5 23 0 1 8 2 0 0 1 4 0 16
9 10 16 15 2 9 0 0 12 4 8 5 0 0 0 7
4 5 3 4 11 8 3 12 0 6 4 2 8 0 5 0
0 4 1 10 2 5 16 1 3 7 0 7 7 0 0 0
0 0 10 6 0 0 0 2 22 8 16 0 2 0 7 0
3 6 1 5 0 0 0 8 16 1 2 5 0 30 1 13
6 0 13 1 9 6 7 4 5 10 1 9 13 4 2 0
1 3 0 1 7 0 0 0 2 0 7 0 6 6 4 1
1 0 0 9 2 55 0 14 4 0 3 3 0 2 3 17
1 9 0 2 3 3 0 3 1 9 0 13 0 1 9 4
