0 0 10 3 0 5 3 4 0 0 0 0 11 0 0 17
0 17 0 2 5 0 1 0 0 0 9 0 0 0 0 0
0 0 0 0 0 8 0 12 6 0 5 14 0 1 6 1
16 0 0 0 3 6 0 3 20 0 0 0 10 12 0 6
0 22 10 7 19 1 14 0 5 0 0 0 3 0 2 7
0 9 0 3 0 9 0 0 0 11 19 7 2 0 12 2
14 0 11 3 6 0 0 1 6 0 0 0 0 0 0 20
5 3 23 19 0 0 2 6 7 8 2 0 0 0 0 11
0 0 9 0 0 7 0 2 0 2 0 0 8 0 0 0
0 0 0 12 0 10 0 0 10 6 0 10 0 0 0 0
0 0 0 0 1 0 0 30 22 0 0 4 0 0 0 0
9 0 0 2 0 0 0 0 4 0 0 0 0 0 0 0
17 6 8 0 10 0 0 0 4 0 5 24 0 10 0 3
0 0 0 0 10 0 1 0 1 5 3 0 4 12 9 0
14 0 0 5 7 45 0 23 0 0 0 0 0 11 9 31
0 55 0 0 2 3 0 0 0 0 0 26 0 2 12 18
