0 0 11 0 0 3 0 0 0 0 8 9 1 0 0 1
3 0 0 0 0 1 0 0 0 5 1 7 0 6 0 0
4 0 2 1 6 0 0 0 0 2 0 0 0 0 0 0
0 0 0 0 1 0 11 0 0 8 0 0 0 0 0 4
0 4 15 3 5 0 0 0 0 0 0 9 0 4 0 0
0 0 0 4 0 4 4 2 0 0 0 8 7 3 0 9
0 0 0 0 0 0 0 0 1 0 0 0 0 0 0 5
0 10 0 3 0 0 0 0 0 0 3 0 0 5 0 8
7 0 0 0 0 7 8 0 0 0 11 6 0 0 0 0
2 0 0 0 5 0 0 4 10 2 0 5 0 1 0 0
3 10 8 6 3 0 0 0 1 8 0 0 0 3 0 2
0 0 0 0 0 0 8 5 0 10 0 4 0 0 0 10
0 3 15 0 1 0 0 0 0 0 0 6 2 7 0 0
8 3 0 2 0 5 1 4 0 0 0 9 5 2 0 0
0 0 0 0 1 0 0 0 0 0 0 0 0 5 0 2
0 1 1 3 0 0 0 0 0 0 0 0 0 6 0 8
