25 17 8 0 4 8 76 0 0 13 0 18 19 43 5 0
0 30 0 0 0 0 13 0 50 24 0 0 9 24 0 0
0 18 0 30 17 0 0 0 0 0 0 1 0 0 0 18
0 0 3 0 0 46 19 54 0 0 3 0 0 0 12 15
40 39 54 24 31 6 0 86 0 11 7 8 0 42 29 14
16 0 0 0 26 0 0 0 5 0 8 0 0 0 14 0
0 0 0 0 25 0 0 0 0 7 0 53 0 36 0 14
0 24 22 0 3 41 0 6 30 0 6 34 9 0 28 0
14 22 0 0 0 17 0 10 0 7 0 27 0 43 27 0
0 22 0 0 0 0 0 0 16 12 0 0 5 6 0 2
0 0 0 10 19 22 0 0 0 0 0 6 0 0 12 12
0 4 0 0 0 0 26 46 0 0 19 0 0 0 0 0
34 20 31 0 54 0 0 56 0 4 0 0 2 47 0 0
0 0 0 0 6 0 0 0 42 0 8 0 0 10 0 3
0 0 0 17 44 3 0 0 0 16 0 50 0 14 0 16
0 30 26 0 1 22 0 15 21 10 0 0 20 0 0 0
