0 12 10 2 0 17 13 2 0 14 0 1 4 15 22 5
22 9 5 14 8 2 11 34 3 1 16 11 2 11 27 1
2 0 17 18 2 4 12 0 6 1 5 15 27 6 3 8
12 1 0 7 0 7 2 16 2 19 26 49 1 40 20 3
9 17 0 16 1 5 0 7 9 10 2 2 24 15 9 8
1 0 17 2 12 11 0 3 9 12 1 3 5 9 0 37
0 9 0 5 10 12 0 0 0 48 3 31 5 13 7 1
0 15 18 0 14 1 0 9 0 0 0 37 4 9 21 8
0 4 0 0 3 1 5 6 9 0 2 0 1 20 20 3
17 2 0 0 8 0 22 27 7 17 17 16 1 31 27 0
0 0 15 12 46 29 29 15 18 13 0 2 11 8 9 5
7 9 8 10 19 0 2 12 1 0 1 5 23 0 0 12
4 3 0 0 12 0 3 1 23 5 10 5 0 0 24 0
5 13 9 5 0 0 0 1 8 8 14 16 2 6 11 0
8 15 19 2 15 3 0 16 3 27 0 15 0 18 0 9
0 0 6 12 4 3 20 0 12 1 1 8 0 26 2 3
