0 45 13 23 14 1 6 7 0 0 0 4 54 22 24 68
8 5 12 40 2 1 8 62 31 13 14 21 3 9 88 10
26 9 3 22 3 34 40 1 1 19 23 24 16 33 9 10
40 1 0 10 22 9 2 3 13 32 5 0 35 10 11 17
12 19 0 4 10 29 5 4 7 19 57 20 21 17 53 16
1 26 13 33 8 14 0 4 9 18 1 29 23 13 0 29
0 8 0 30 8 12 31 0 14 40 22 76 26 11 25 6
27 31 6 0 0 20 0 19 3 0 8 33 2 29 7 25
0 14 61 2 0 7 127 16 23 0 4 0 2 3 35 64
6 23 0 0 53 0 44 0 15 21 0 11 3 1 19 0
0 0 3 4 4 44 35 34 6 25 0 1 3 2 5 5
7 8 25 16 20 0 6 26 6 58 20 8 127 3 0 14
0 10 0 6 5 0 8 12 12 1 16 30 0 0 23 11
17 19 38 2 3 0 0 27 14 0 0 2 12 36 55 0
20 20 3 96 25 0 9 24 15 45 0 36 0 0 1 9
18 0 20 7 27 45 28 0 26 13 52 7 0 37 5 22
