6 0 1 2 2 0 1 3 0 31 13 0 13 1 18 23
1 3 3 1 30 10 1 0 19 1 0 1 9 0 2 0
24 4 0 0 12 0 1 0 0 17 9 0 29 0 1 3
1 7 0 8 1 4 0 0 1 20 0 6 17 3 0 7
16 0 0 21 2 0 1 3 0 28 7 45 6 1 18 15
1 3 6 2 33 15 1 0 4 0 0 2 1 0 2 0
24 1 0 0 14 0 1 1 18 23 11 0 26 0 1 10
4 16 0 2 1 4 0 29 1 22 1 38 25 3 0 14
16 0 1 21 1 0 1 2 3 2 9 45 17 3 14 23
1 3 4 4 33 16 0 0 17 2 0 12 14 0 1 0
4 1 0 0 2 0 0 1 9 0 8 0 11 1 1 19
0 14 0 4 1 3 0 21 0 36 1 35 17 1 1 13
20 0 1 16 1 0 1 0 7 45 9 17 25 1 6 23
1 3 1 4 22 12 1 0 3 2 0 5 24 0 0 0
15 5 0 0 29 0 0 0 10 0 2 0 9 2 2 12
1 0 0 2 0 1 0 17 0 43 1 36 26 3 0 33
