0 0 0 0 0 8 0 12 0 19 0 0 0 0 0 0
0 4 0 0 0 0 0 0 0 0 0 0 0 14 0 0
0 3 0 0 0 0 3 0 0 0 0 0 0 0 12 2
0 0 0 0 0 0 0 0 0 0 0 0 0 0 0 0
0 6 0 0 0 0 0 0 8 0 10 0 1 0 11 0
0 2 0 0 0 5 0 0 2 0 0 0 0 0 0 8
0 0 3 0 21 0 0 9 2 0 0 0 0 0 0 0
0 0 8 0 23 0 0 0 6 0 7 9 0 0 0 8
1 1 0 0 0 0 0 0 0 0 0 0 0 0 12 0
0 0 0 0 0 0 1 19 0 8 0 10 0 0 0 0
0 0 0 0 0 0 0 0 0 0 21 6 0 0 0 16
0 0 3 0 0 0 4 0 0 0 0 0 5 0 0 0
9 0 0 0 17 0 0 0 17 0 11 5 0 0 0 4
0 0 15 0 0 0 4 5 0 11 0 0 0 0 0 0
0 0 0 0 0 0 1 17 0 0 3 14 0 0 0 0
0 24 0 0 0 16 0 0 5 0 0 0 0 0 22 12
