4 0 1 4 0 0 0 1 0 2 9 16 18 0 2 4
0 1 3 0 8 12 0 0 0 3 0 1 4 0 2 0
15 2 0 0 32 0 1 0 5 16 3 0 2 2 1 7
3 6 0 7 1 2 0 20 0 4 1 16 1 0 0 18
2 0 0 0 2 0 1 0 0 14 8 9 2 0 2 4
0 2 1 2 7 7 1 0 5 2 0 2 5 0 1 0
22 0 0 0 3 0 0 0 0 0 3 0 21 0 1 9
5 3 0 0 3 11 0 15 0 12 1 20 1 0 0 7
0 0 1 1 2 0 1 0 6 4 3 9 7 1 10 3
0 2 2 1 30 1 3 0 5 0 0 3 18 0 3 0
4 1 0 0 25 0 0 0 8 0 2 0 20 0 1 1
5 3 0 1 3 10 0 6 0 3 1 20 6 0 0 5
0 0 1 1 1 0 1 1 6 1 3 9 8 0 10 3
0 4 0 1 30 11 3 0 1 0 0 2 17 0 2 0
21 1 0 0 25 0 0 1 8 0 1 0 2 2 1 1
0 1 0 3 1 2 0 26 0 8 2 5 6 2 0 8
