6 0 0 0 0 0 3 0 0 1 2 5 31 0 0 7
0 17 0 11 3 0 0 0 9 0 9 0 0 8 0 0
5 0 1 3 0 16 0 0 0 3 3 0 6 0 16 2
2 0 0 3 0 4 0 11 9 0 5 0 7 1 0 0
0 2 0 19 6 0 18 0 3 2 1 0 0 0 0 9
0 0 0 4 0 0 0 0 0 0 6 0 5 0 38 0
4 0 3 4 1 6 0 5 18 0 0 4 0 0 0 19
10 3 13 11 9 0 0 0 3 6 7 3 0 3 4 0
0 0 8 0 10 6 9 11 0 6 0 0 0 0 6 0
0 0 0 7 0 0 0 4 5 1 0 13 12 0 3 0
0 0 20 0 0 4 0 12 5 17 9 0 0 3 1 0
1 1 2 0 0 0 0 4 22 0 6 0 0 14 0 22
1 1 19 0 0 7 0 0 0 9 6 3 25 15 0 2
0 4 0 3 2 2 1 0 1 0 0 0 10 0 0 0
5 6 0 4 0 28 0 5 0 2 0 2 0 11 5 9
0 12 0 7 3 3 0 0 0 0 0 17 0 4 24 10
