0 0 0 2 0 0 0 1 0 0 0 1 0 0 0 1
0 0 1 0 0 0 0 1 0 0 0 0 1 1 0 0
1 0 0 0 2 1 4 4 0 0 2 0 1 0 0 0
0 0 0 2 0 0 1 1 0 1 0 0 5 0 0 0
0 2 1 1 0 0 1 0 0 5 1 9 0 0 0 0
0 1 0 1 4 7 0 1 2 0 2 0 0 2 0 0
4 0 1 4 3 2 0 0 0 0 0 0 1 1 0 1
1 0 0 0 0 4 1 0 2 0 0 0 0 2 1 0
0 0 2 0 0 2 0 0 1 0 0 0 1 0 0 0
1 0 0 0 0 1 0 0 2 0 2 0 0 0 0 1
0 0 2 0 3 0 0 0 0 0 1 0 1 0 0 0
1 0 0 1 0 0 1 0 0 0 3 0 0 3 0 0
1 1 0 0 3 0 3 2 4 7 0 0 0 4 0 1
2 0 0 0 0 2 9 0 0 1 1 0 1 0 0 0
0 3 0 1 1 1 0 1 0 2 0 0 0 0 2 0
0 0 2 1 0 0 0 2 2 1 0 0 0 1 4 2
