7 22 0 0 3 2 7 8 0 5 3 1 3 6 0 2
0 10 3 0 0 0 0 7 0 0 5 5 10 0 6 0
0 7 0 2 2 0 0 11 0 0 7 5 5 0 1 0
19 0 0 12 0 0 0 0 4 2 2 9 0 0 0 5
0 0 0 0 6 0 7 9 0 16 2 9 2 0 0 7
0 3 0 3 4 9 0 4 0 0 15 0 14 0 14 0
0 6 0 0 0 0 1 0 0 0 0 0 7 0 5 0
0 0 0 4 0 0 0 0 9 1 6 15 0 4 0 0
0 10 2 0 14 3 6 0 0 7 1 1 14 6 3 12
0 1 10 14 6 14 0 2 0 0 3 11 3 0 10 0
0 0 0 9 0 3 0 9 0 23 4 0 0 0 3 0
0 0 0 0 21 0 0 0 3 4 7 19 0 13 0 0
0 0 3 0 4 1 0 0 0 3 1 0 9 0 0 5
0 0 3 0 3 2 0 6 0 0 7 1 4 0 6 0
0 4 0 0 0 0 1 0 0 0 6 0 0 1 0 0
0 0 0 0 0 0 0 0 11 4 3 1 0 9 0 0
