0 35 54 20 0 12 0 0 4 12 10 0 0 6 20 23
0 0 1 0 16 0 0 8 0 1 0 11 7 19 0 4
0 3 0 0 0 0 0 0 0 0 15 0 6 32 25 10
0 26 2 0 0 0 0 3 0 6 0 0 24 0 2 6
0 22 39 4 0 0 8 11 0 15 0 6 4 4 15 17
0 3 0 2 0 0 17 0 0 0 15 17 0 0 0 3
23 0 10 0 0 0 2 21 0 0 14 16 5 30 22 0
0 17 0 0 0 0 0 0 0 14 0 0 18 15 0 0
5 26 43 0 0 5 20 7 0 13 0 0 0 0 22 6
0 5 0 8 2 0 0 2 0 0 0 10 0 11 0 14
9 0 7 0 1 0 5 7 7 0 14 16 7 32 25 0
0 12 0 0 0 0 7 9 0 2 0 0 30 0 0 3
0 25 43 0 5 0 0 0 0 8 0 0 0 0 24 0
0 0 0 10 5 0 5 0 0 0 2 10 3 0 0 4
3 2 7 0 0 0 2 18 0 0 2 6 10 25 23 5
0 9 0 0 0 0 0 0 0 5 0 0 36 0 17 6
