20 0 0 2 0 0 1 7 18 3 0 7 1 0 4 9
0 0 2 4 0 0 0 0 2 0 0 0 0 0 10 1
0 0 1 6 0 0 0 22 29 11 33 15 0 14 0 0
11 10 0 0 5 0 5 0 0 0 5 11 0 3 0 0
4 6 0 0 0 14 7 11 0 0 29 12 0 0 0 0
1 2 6 50 1 22 0 11 0 3 0 0 0 9 0 0
0 3 6 10 21 4 14 0 11 7 9 5 0 6 6 0
35 19 0 8 14 6 0 0 5 0 1 0 34 0 0 5
7 0 0 0 9 0 14 0 4 0 0 3 7 0 4 10
0 0 7 21 0 0 0 0 1 0 0 0 0 0 2 7
7 0 8 0 1 7 0 11 12 5 0 0 5 8 0 2
0 3 0 0 0 0 1 0 0 0 8 0 0 5 32 0
10 6 0 0 0 0 3 23 0 4 3 13 22 0 0 0
9 2 3 0 0 13 0 3 0 7 1 0 0 0 0 45
0 2 3 2 3 2 19 0 9 2 5 0 0 10 1 0
21 0 0 0 2 4 0 1 9 0 12 0 22 0 0 6
