6 0 0 2 0 0 12 0 0 0 0 0 0 1 0 0
4 0 0 0 3 0 4 0 10 0 0 0 3 0 0 13
22 0 0 0 0 2 0 0 0 0 0 0 0 5 1 0
0 0 0 0 0 6 0 0 0 0 0 12 0 0 0 3
12 17 1 0 0 0 1 10 0 2 0 3 8 4 0 0
0 0 7 0 8 0 3 0 0 0 0 0 5 0 0 0
0 0 0 0 0 2 3 0 0 21 4 11 14 3 0 4
3 3 8 10 0 0 0 0 0 8 0 0 1 2 0 0
0 6 0 20 0 7 0 0 0 0 0 3 8 0 0 0
0 0 0 0 0 7 5 0 2 0 0 0 4 0 0 0
0 0 0 5 0 0 9 0 0 0 4 0 0 0 2 0
0 0 6 0 0 3 0 0 0 0 0 5 0 9 10 3
0 0 0 0 3 4 3 0 0 0 2 0 0 0 0 3
9 0 5 4 1 0 0 6 0 0 6 0 8 16 17 0
6 0 12 0 0 14 0 0 0 6 0 0 15 0 0 0
0 0 0 2 0 9 0 0 0 8 2 0 0 0 0 10
