0 0 1 18 12 18 9 5 0 0 0 15 0 16 1 0
2 5 0 14 0 0 0 0 0 1 0 8 2 0 2 5
0 2 1 17 1 3 8 0 1 20 5 7 42 2 3 1
4 0 0 3 4 13 0 4 4 2 25 30 2 42 11 1
11 16 0 9 0 7 2 0 11 24 4 0 11 17 14 2
5 25 19 20 34 17 0 3 4 9 4 10 17 2 0 7
0 9 0 4 1 2 6 0 0 5 0 6 4 5 0 5
9 14 1 0 18 0 0 3 2 0 0 4 0 13 1 7
0 0 0 1 2 1 0 1 11 0 10 12 1 18 18 11
7 1 0 0 3 0 23 0 0 22 1 6 0 15 1 2
0 0 10 16 4 8 5 15 1 1 0 4 27 0 10 15
9 3 9 9 7 0 2 0 0 40 19 1 22 1 0 7
23 4 0 3 10 0 3 7 4 13 28 7 0 0 24 17
12 9 3 10 6 0 1 5 7 0 8 5 13 15 11 0
7 1 2 16 3 32 17 16 0 11 0 10 0 2 0 3
0 0 0 0 6 53 6 0 5 4 7 11 0 11 9 5
