0 13 3 14 4 0 6 0 0 0 11 0 0 0 0 10
0 4 0 0 2 19 6 8 0 0 0 0 0 10 11 0
5 12 0 18 5 0 0 0 0 3 16 0 0 0 1 4
0 0 0 0 9 0 0 1 0 0 0 0 29 18 0 0
0 27 0 0 0 0 1 0 13 9 0 0 6 0 35 0
11 0 5 0 0 0 0 0 0 0 28 0 9 0 0 19
0 0 0 8 0 0 0 10 1 0 0 0 0 12 2 10
0 4 0 0 19 0 0 0 0 0 0 0 0 0 0 24
18 0 8 0 6 0 0 21 0 0 0 3 0 0 0 1
14 51 0 0 0 2 2 0 0 0 16 2 0 0 0 1
0 0 0 0 0 0 3 0 15 0 5 0 0 0 0 0
0 3 0 2 0 0 0 0 0 0 5 0 0 0 0 0
4 0 0 0 8 5 0 0 0 0 21 0 0 0 0 1
0 10 4 3 9 0 0 5 0 19 6 0 0 11 18 0
0 17 0 0 4 13 27 12 0 0 1 8 3 8 4 0
0 0 0 16 4 0 0 0 2 0 16 0 0 9 11 17
