0 4 7 0 12 17 7 32 0 0 1 1 21 17 3 11
15 8 1 39 0 0 0 0 3 3 16 12 3 11 12 18
0 4 9 12 21 22 13 2 2 4 13 3 43 12 9 4
45 0 8 3 4 0 0 32 26 15 17 38 28 7 34 2
23 10 0 28 0 12 8 0 7 41 3 0 22 9 35 19
9 20 1 26 0 0 3 9 9 13 2 28 39 7 0 20
0 13 0 4 2 9 7 0 0 17 0 81 14 9 0 6
59 14 20 0 6 0 0 10 65 0 7 15 9 1 6 5
0 35 0 1 11 1 0 24 25 0 8 0 16 0 21 28
23 17 0 53 14 0 40 0 27 21 17 24 11 11 48 2
0 0 34 16 79 44 43 91 0 4 0 11 6 1 10 4
2 2 6 16 5 0 9 0 8 3 6 11 32 1 0 9
36 8 34 16 32 19 0 16 2 37 8 21 0 0 22 3
5 15 14 2 9 0 1 14 35 7 29 10 18 28 33 0
1 10 7 20 6 5 17 2 0 37 0 1 0 3 0 3
0 0 0 0 27 48 28 0 18 21 12 7 11 11 1 2
