3 0 10 16 0 0 21 7 0 10 7 11 0 10 0 0
0 0 11 0 0 15 25 0 0 0 0 15 0 3 0 0
0 0 0 0 0 0 0 0 12 0 0 0 0 14 6 12
0 0 0 0 4 0 22 17 0 0 0 22 0 14 0 0
0 0 0 0 0 0 4 19 0 14 1 7 10 1 0 0
8 20 0 0 0 0 1 11 0 0 0 13 0 0 0 0
0 14 23 0 0 0 0 13 0 13 0 0 4 0 0 0
0 0 16 10 0 0 0 0 10 0 0 5 29 0 0 0
0 0 17 13 0 0 0 5 0 14 1 19 0 15 2 0
3 0 11 0 0 0 0 0 0 11 0 10 1 0 0 0
0 0 15 0 0 0 0 5 0 0 0 0 0 0 8 15
0 0 5 0 4 0 22 30 0 0 0 13 0 2 0 26
0 0 0 0 0 0 0 12 2 17 0 1 0 0 0 0
6 39 0 0 0 0 0 0 0 0 0 8 5 0 0 0
19 0 28 0 0 0 0 14 0 22 0 0 0 0 0 0
18 0 8 11 0 0 0 0 5 0 0 1 32 0 0 0
