17 28 13 3 15 8 8 7 8 3 12 9 7 12 1 11
14 0 2 9 2 4 1 2 12 4 8 22 1 1 6 29
3 44 26 11 26 23 3 1 3 7 30 16 9 8 21 6
5 9 3 12 10 12 8 16 6 39 5 0 20 23 0 7
17 8 33 2 34 0 12 9 6 14 17 9 8 4 11 4
27 6 28 10 15 14 2 2 13 8 11 11 11 19 6 6
2 18 4 15 18 5 5 13 35 12 10 1 19 8 2 9
21 30 3 28 12 22 3 1 56 1 6 4 17 1 18 17
17 12 4 8 18 1 23 10 5 10 2 3 13 5 10 14
11 23 14 33 10 4 5 20 7 13 7 29 4 3 2 13
27 12 26 9 2 3 28 11 0 10 5 2 7 1 9 14
3 22 5 4 7 8 9 22 9 13 9 19 5 14 8 15
4 11 6 8 8 10 14 17 2 26 7 25 3 5 26 5
13 14 7 2 35 5 4 18 25 3 23 13 13 13 7 9
4 7 6 13 13 10 37 10 0 10 25 10 7 14 1 1
8 11 14 9 6 5 9 7 5 12 16 1 31 7 5 21
