0 24 1 14 0 18 8 9 0 20 0 14 1 16 1 3
33 2 18 4 9 2 9 1 0 1 0 6 5 8 2 16
0 2 1 18 1 3 12 0 1 25 5 4 29 2 2 1
4 0 0 15 0 13 2 4 4 10 24 28 1 34 10 0
11 16 0 5 2 17 0 2 22 23 20 33 16 17 14 2
11 34 18 17 33 24 0 3 5 0 4 10 17 1 0 6
0 9 0 6 1 0 0 0 5 8 3 6 4 2 9 8
0 14 22 0 18 2 0 7 2 0 0 4 2 8 1 20
0 0 12 0 1 1 0 3 9 0 3 14 2 8 2 17
7 1 0 0 8 0 15 16 0 21 26 6 1 14 1 0
0 0 11 13 4 8 1 8 44 1 0 4 37 0 10 5
3 10 19 9 27 0 2 2 0 41 19 1 0 1 0 7
0 1 0 11 5 0 0 7 14 13 28 6 0 0 24 19
25 17 3 10 6 0 1 7 7 0 5 2 13 18 6 0
6 3 2 15 7 29 7 16 14 5 0 10 0 5 0 8
0 0 9 8 6 53 4 0 4 2 9 14 0 24 9 4
