6 0 7 0 2 4 25 10 0 4 0 13 4 3 2 0
11 10 0 0 3 2 12 0 1 3 0 1 0 7 0 0
0 4 16 11 5 0 0 0 0 11 0 10 0 0 5 4
0 4 2 0 14 29 0 28 11 12 5 12 3 0 2 10
4 5 1 3 2 1 13 12 0 2 0 10 1 5 10 14
4 2 0 0 4 3 5 0 10 0 5 6 0 7 0 0
0 2 20 9 3 0 8 0 0 7 0 6 1 6 2 2
4 3 3 0 13 21 0 27 11 6 4 13 6 0 2 0
3 1 1 10 5 20 11 15 0 3 0 14 2 11 7 16
0 0 0 0 5 5 2 0 7 2 14 15 0 12 1 0
0 0 19 13 5 0 23 0 0 8 0 5 5 9 4 4
10 4 2 0 19 16 0 32 18 10 0 21 8 0 11 4
4 2 0 9 8 19 11 13 0 2 0 13 2 8 9 14
0 2 0 0 5 3 3 0 5 1 9 11 0 16 3 0
0 3 16 14 4 0 22 0 0 11 0 5 3 13 4 7
7 1 2 0 17 18 0 27 18 10 3 21 6 0 8 7
