7 0 3 1 32 3 30 0 0 3 2 4 0 0 24 29
2 0 47 0 9 2 1 0 0 0 0 9 0 0 25 3
2 2 0 0 0 0 0 0 1 0 0 24 5 25 33 0
0 5 22 0 1 18 0 21 28 0 0 0 6 0 11 1
0 0 0 0 2 0 9 10 0 1 1 0 0 0 7 0
7 0 0 1 0 9 0 4 1 8 0 1 0 20 68 10
26 33 0 3 0 20 19 0 9 0 0 0 35 20 12 4
3 13 34 33 0 2 33 17 3 0 65 0 0 0 5 15
0 1 0 17 6 0 5 0 14 2 20 1 0 2 0 0
0 9 0 9 28 5 0 0 0 0 1 18 0 6 0 0
8 6 0 0 0 18 0 0 0 0 0 0 5 0 28 1
0 8 0 0 2 11 16 0 0 15 0 2 20 32 7 0
2 0 0 1 6 5 0 5 8 0 19 0 43 3 0 0
32 0 0 16 0 14 16 3 0 0 0 0 0 0 5 7
23 1 0 0 17 1 13 3 0 0 4 37 0 0 28 0
0 12 13 30 1 28 5 0 0 0 0 23 26 0 8 2
