0 7 21 0 0 0 0 0 10 0 0 0 0 23 0 0
0 0 0 2 0 13 0 0 0 0 54 0 0 1 0 0
0 0 0 0 0 0 0 0 0 0 0 0 0 0 0 0
0 0 0 0 0 0 0 0 0 0 0 0 0 0 1 0
0 0 0 0 0 0 0 0 0 0 0 0 0 0 0 0
0 9 0 0 0 0 0 0 0 0 0 0 0 21 0 0
0 0 0 0 0 2 0 0 0 0 0 0 0 9 0 0
7 0 0 0 0 0 2 0 0 0 0 0 0 0 4 0
0 0 0 0 21 0 0 0 0 0 0 0 0 0 0 0
6 0 0 0 0 0 0 0 7 0 0 0 0 0 0 11
0 6 0 12 0 23 0 0 0 0 0 0 0 0 21 0
0 0 0 0 0 0 0 0 0 0 0 14 0 0 0 0
13 0 0 6 0 3 0 0 0 0 0 0 0 0 3 0
0 0 0 0 4 0 11 0 0 0 0 0 0 0 0 10
0 0 0 0 0 14 5 0 0 0 0 0 0 0 0 0
0 4 9 0 0 0 0 0 0 0 0 0 0 0 0 0
