13 5 0 11 1 4 7 5 7 4 33 1 65 26 26 58
23 30 10 1 2 2 2 22 0 1 14 3 13 1 16 0
14 1 1 3 3 5 13 1 5 32 8 6 16 25 12 1
23 25 4 2 3 11 0 6 16 4 12 15 5 26 4 2
8 39 14 3 6 7 1 3 1 6 6 2 7 4 4 2
10 2 11 16 20 3 11 13 19 4 1 5 25 6 9 12
5 5 2 2 24 3 4 24 4 7 3 28 1 7 1 21
6 14 18 4 0 14 4 11 23 11 0 1 1 17 11 1
3 11 6 3 0 2 7 2 4 5 3 5 48 5 18 14
17 15 5 4 40 9 5 6 18 2 5 7 1 2 1 3
7 16 8 15 5 19 6 12 3 21 8 0 6 0 0 7
6 8 20 58 3 26 6 1 2 50 10 2 9 28 3 5
1 4 1 13 5 4 5 2 6 9 7 2 0 18 23 3
12 16 2 15 60 2 26 4 3 36 36 23 23 15 13 6
7 2 5 1 9 6 3 24 18 3 0 24 17 35 27 41
13 5 1 3 11 0 0 3 2 10 1 2 0 5 3 5
