21 0 3 4 0 0 6 4 0 7 0 6 0 3 10 0
24 0 5 0 0 0 2 0 0 0 0 5 0 8 0 0
0 0 0 0 5 0 0 2 22 0 0 0 0 24 7 0
0 0 0 0 8 1 8 0 0 0 0 12 0 9 0 2
0 0 0 0 12 0 4 4 1 5 9 4 8 11 12 1
2 0 0 3 0 0 1 5 0 0 0 9 0 0 0 0
0 5 3 6 0 2 0 12 0 4 0 6 13 3 0 0
16 0 25 5 0 0 0 0 17 0 0 8 9 0 0 9
0 0 7 7 0 0 5 9 1 11 9 1 0 10 0 0
21 0 1 0 0 0 4 0 0 11 0 2 0 0 0 0
0 18 0 0 0 0 0 4 0 0 0 0 11 24 7 4
0 0 0 0 25 0 5 10 0 0 14 1 0 3 0 6
0 0 12 13 0 5 8 6 0 11 2 0 21 10 22 0
7 2 0 6 0 0 0 12 0 0 0 0 7 21 3 0
1 0 2 0 5 0 0 0 0 1 0 5 0 0 0 0
5 0 24 6 0 0 0 7 15 0 3 13 0 3 0 0
