5 26 8 12 9 25 3 0 0 0 18 3 0 1 9 5
0 14 15 1 0 0 0 3 6 2 11 2 24 14 4 9
0 2 5 0 3 18 12 25 16 0 0 5 0 0 0 4
35 3 1 0 1 0 59 0 0 1 17 6 15 10 0 22
0 16 0 0 16 1 0 5 35 7 0 6 12 14 5 7
0 0 16 0 0 10 0 2 0 0 0 3 0 0 10 33
1 9 4 6 15 10 14 2 7 0 0 0 0 14 13 24
0 1 5 7 1 13 2 3 6 29 0 15 0 0 19 11
0 22 17 15 23 9 10 7 0 0 2 8 0 15 0 0
0 12 17 5 6 0 9 0 4 4 0 4 29 16 5 18
9 20 12 10 0 1 28 8 16 0 2 0 7 0 0 15
23 0 0 13 5 0 47 0 7 0 11 11 4 3 0 11
0 14 0 0 7 8 0 0 26 0 1 17 2 4 14 22
0 0 5 0 0 17 0 0 0 16 0 6 0 0 2 7
16 5 0 0 21 10 12 1 2 0 0 0 25 0 3 3
0 17 4 20 6 21 1 4 12 13 0 14 0 2 1 0
