12 0 22 34 0 0 5 0 19 17 0 10 0 18 0 22
0 0 2 10 7 24 38 11 29 14 15 23 7 10 7 1
7 10 1 3 7 9 0 8 23 13 3 8 12 19 0 12
0 15 0 6 0 63 3 33 11 5 0 0 0 12 12 20
27 25 17 54 19 11 9 5 6 4 23 4 0 10 0 0
14 15 0 0 0 1 0 0 0 3 13 24 0 7 12 27
10 5 0 0 17 2 53 21 12 0 12 8 16 0 0 5
29 8 1 19 13 0 32 0 23 16 3 18 8 8 20 8
22 0 2 22 0 13 15 0 20 8 0 24 0 22 0 9
9 0 0 13 27 23 17 6 33 8 31 21 24 32 1 9
5 20 28 3 5 0 0 17 53 7 1 5 10 16 0 0
0 4 0 0 0 17 6 8 4 16 9 0 1 19 10 17
27 10 28 20 0 0 2 16 32 19 0 0 8 4 0 0
11 4 4 21 0 11 1 0 20 11 16 19 0 3 14 7
27 7 5 0 14 22 62 9 7 3 0 0 5 0 0 4
20 21 17 0 7 22 7 0 36 2 23 2 14 12 30 16
