0 0 0 3 0 0 0 3 0 1 3 0 0 0 3 3
2 0 1 3 0 1 1 0 2 0 0 0 0 1 2 0
6 0 0 0 1 1 4 1 0 0 3 0 5 0 0 1
0 0 0 0 4 0 4 0 5 1 0 0 6 0 4 0
0 1 5 0 0 0 3 0 1 5 1 12 0 0 0 0
0 8 0 3 3 7 0 1 2 0 0 1 0 1 0 2
4 3 3 5 1 0 0 0 0 0 0 3 3 1 0 1
0 0 0 3 0 4 0 1 3 0 0 0 0 2 1 0
0 0 2 0 0 1 0 0 1 0 0 0 4 0 0 0
1 0 5 1 0 2 0 0 2 0 3 5 0 0 0 3
2 0 1 0 6 1 0 0 0 0 2 0 3 2 0 0
1 1 0 0 1 0 3 2 0 0 3 0 7 4 0 0
4 2 0 0 3 0 3 2 5 7 0 1 0 4 3 4
1 0 0 0 0 2 11 0 2 3 1 0 2 0 0 1
1 1 0 2 1 2 0 1 0 2 3 1 0 0 2 0
0 0 1 0 0 1 0 0 0 1 0 0 0 1 1 3
