0 0 0 0 0 0 14 1 0 3 0 16 8 0 33 12
0 0 24 29 0 0 5 0 5 0 0 0 0 0 45 1
0 0 18 6 0 0 0 3 5 30 33 15 0 23 0 0
0 0 0 0 5 0 10 0 0 0 5 11 0 19 0 0
6 0 0 0 0 14 25 29 0 0 30 14 0 0 0 0
0 7 0 61 6 6 0 2 0 0 0 0 0 4 0 0
0 0 10 1 23 10 38 0 11 0 10 0 0 0 5 0
35 0 0 0 20 0 0 0 0 0 42 0 5 0 0 10
0 0 0 0 0 0 0 0 0 0 0 21 7 0 32 0
0 0 9 0 0 0 0 0 6 0 0 0 0 0 35 16
7 0 29 0 1 7 0 0 0 24 0 0 5 0 0 0
0 0 0 0 0 0 5 0 0 0 8 0 0 20 32 0
10 0 0 0 0 0 21 4 0 4 0 13 22 0 0 0
10 7 0 9 0 0 0 11 0 7 2 0 0 0 0 45
0 6 17 5 0 13 0 0 9 0 2 0 0 16 12 0
21 0 0 0 0 4 0 1 0 0 25 0 0 0 0 13
