-6 -13 -8 17 -2 18 -18 9 -30 11 6 -15 22 -6 31 49
22 1 9 -2 6 17 -4 -36 -7 -16 51 7 12 -3 44 -4
-25 13 15 53 18 45 -4 -21 26 -16 -21 35 6 19 -26 5
-38 25 8 -20 19 -26 -54 -39 13 -20 -9 -46 -19 1 41 -2
-4 -52 -47 31 5 -6 1 15 -24 5 -3 1 -5 13 -8 16
3 2 62 18 -12 -20 4 -23 22 6 4 36 -32 4 -10 -32
1 -3 13 -10 -15 8 -11 -13 0 48 -22 63 3 -3 -10 14
24 -12 15 -3 28 3 -5 36 -2 -12 1 -11 -4 -7 -17 -7
10 46 -9 -3 63 1 -8 13 38 -44 -6 5 4 -4 -29 18
-1 50 -23 -31 52 -22 25 7 8 6 -63 38 -5 -18 53 -19
-39 12 -12 -14 -39 38 43 12 17 -32 25 -5 14 16 6 14
-7 16 -23 -18 -2 21 12 -16 35 62 31 1 16 29 -19 -25
24 5 5 1 -5 -1 6 44 -1 40 -12 2 -5 5 30 -17
-9 13 -6 -19 -58 11 0 0 -2 -63 -24 -49 6 6 40 -16
9 -2 2 31 2 41 1 -25 9 -3 3 70 -6 39 23 51
7 13 -11 -1 -14 -15 20 -18 61 8 -7 -4 0 -5 2 -11
