0 0 0 10 0 0 10 9 0 0 0 6 10 14 8 10
13 10 28 10 0 11 10 0 0 0 42 1 0 0 0 0
0 12 0 0 2 8 14 6 27 19 3 0 32 32 4 0
0 14 0 12 0 0 0 0 0 21 3 0 0 0 0 0
0 6 0 17 0 0 7 4 0 5 0 0 0 0 5 17
17 0 0 0 23 13 11 0 0 1 0 0 0 0 7 9
0 11 21 0 0 0 0 0 0 0 0 0 18 0 19 27
0 0 30 0 0 0 1 9 0 0 0 0 2 10 0 3
18 0 0 1 4 0 3 0 0 0 6 0 4 3 15 4
9 0 0 17 0 0 0 0 0 0 0 0 5 4 0 0
11 0 31 5 10 0 0 0 0 0 0 0 0 0 0 10
0 16 2 0 0 0 0 0 2 0 1 0 4 0 5 0
0 29 0 0 0 5 0 0 8 0 6 1 0 0 0 0
34 17 0 0 15 0 0 18 0 10 0 9 16 1 0 19
2 0 6 24 0 7 4 0 0 0 12 0 14 0 0 0
14 0 0 0 0 1 19 24 18 12 0 0 0 4 0 0
