0 0 0 0 0 0 12 0 0 3 0 0 0 0 0 0
0 0 0 0 0 0 0 0 5 0 0 0 0 0 0 0
0 0 12 0 0 0 14 0 0 0 0 0 0 0 0 0
0 0 0 0 0 18 0 0 0 0 0 0 0 0 0 0
0 0 0 0 0 0 0 0 0 0 5 0 1 0 15 0
0 0 0 0 0 0 0 0 0 0 0 0 0 0 0 0
0 0 0 0 0 0 0 0 0 0 0 0 0 5 0 0
0 16 0 12 0 17 0 0 0 0 3 0 37 0 0 1
0 0 0 0 0 0 0 0 0 0 5 0 3 0 0 0
0 0 2 0 0 0 0 7 0 0 0 0 0 0 0 0
0 0 0 0 0 0 0 0 0 0 0 0 0 0 0 0
18 0 0 3 0 0 0 1 0 10 3 0 0 0 0 0
0 0 0 0 0 0 0 3 0 0 1 0 0 0 0 0
0 0 17 0 0 0 0 0 0 0 0 0 0 0 0 0
0 0 0 19 0 0 0 0 0 0 0 0 0 2 6 0
0 0 0 3 0 4 0 0 0 1 0 0 29 0 0 5
