4 9 0 0 0 0 13 0 0 13 1 0 0 0 0 10
0 6 0 0 0 0 0 0 1 0 8 0 0 2 0 4
4 6 8 0 0 2 0 0 4 0 0 0 17 0 9 0
9 0 3 0 0 17 0 6 15 0 4 3 0 18 3 0
0 0 0 19 7 0 10 3 0 0 0 0 0 0 0 17
0 0 2 7 0 3 0 0 0 2 7 11 11 0 5 0
0 0 12 0 1 0 0 0 8 0 0 0 1 0 0 11
5 7 11 0 21 0 8 0 3 16 0 9 0 6 0 1
0 0 9 0 4 5 0 7 0 5 0 0 5 0 5 0
0 1 0 18 0 0 0 0 2 0 0 35 7 0 0 0
0 0 5 0 0 0 0 23 23 4 2 0 1 0 0 0
1 4 0 0 0 0 0 6 0 0 0 0 0 18 0 0
19 5 9 0 2 5 0 0 0 0 13 25 0 4 0 0
0 0 0 0 11 0 0 0 5 0 0 0 6 0 0 0
8 0 0 0 0 25 0 6 0 3 0 5 0 4 8 10
0 41 0 3 5 14 3 0 5 0 0 2 0 0 16 3
