0 0 17 0 0 34 0 18 5 9 35 25 16 9 32 12
17 0 0 0 0 9 0 0 0 0 0 0 11 0 0 0
7 0 6 0 11 29 0 0 5 14 14 0 5 14 10 0
31 5 8 0 11 2 0 62 2 17 0 0 6 35 0 6
11 0 17 0 11 4 0 0 0 0 25 43 7 9 29 19
0 14 7 6 0 0 10 0 0 0 24 0 0 0 0 16
0 15 3 0 6 13 24 0 0 32 0 0 0 28 1 50
5 0 0 0 1 6 0 7 27 0 19 23 0 0 0 32
0 0 13 9 7 0 3 13 0 0 6 0 36 0 2 0
27 0 21 0 0 0 29 0 27 3 0 46 0 8 25 0
0 7 30 0 0 6 0 5 0 0 2 22 0 0 17 0
16 0 9 0 0 0 0 0 0 0 10 13 4 25 11 0
4 1 0 0 24 0 1 6 6 3 23 3 47 0 13 17
0 4 43 32 0 0 17 15 0 8 27 0 41 0 0 0
0 23 0 0 0 0 0 3 5 6 0 0 0 0 0 0
0 0 0 0 0 25 0 12 4 0 0 0 26 31 2 14
