0 0 40 3 0 9 33 127 0 25 0 2 19 6 41 0
54 0 0 7 10 2 22 0 29 10 35 6 3 11 13 33
6 41 34 67 57 50 0 6 19 0 19 34 5 47 0 16
6 2 0 4 0 2 0 55 47 9 0 35 10 0 78 0
3 29 3 36 0 23 0 31 12 0 10 0 0 9 18 42
0 0 56 11 35 0 0 0 2 4 6 38 6 14 0 0
0 11 0 39 6 13 0 0 13 68 22 98 12 48 23 22
53 5 69 0 15 19 0 31 61 0 0 62 5 0 4 12
0 61 13 0 53 3 12 0 45 0 37 0 24 5 33 51
30 7 0 53 16 0 0 0 38 25 17 7 9 25 5 0
0 6 49 1 116 0 0 127 15 33 0 11 9 58 0 9
34 53 3 1 7 0 41 11 39 101 50 27 58 6 0 14
21 0 30 24 17 18 0 10 39 5 18 12 0 0 4 11
32 0 19 35 13 0 0 8 5 35 33 0 1 13 26 0
20 14 25 16 12 45 12 37 11 0 0 30 1 6 0 9
0 0 18 0 0 94 84 2 73 0 0 0 0 23 35 32
