10 0 17 26 8 30 0 0 4 0 10 25 0 17 0 9
0 3 0 0 22 7 0 20 19 15 8 0 16 15 12 1
7 17 18 0 9 0 0 23 10 10 0 31 19 38 0 5
0 24 2 23 0 24 23 13 0 11 0 0 0 9 5 0
8 0 13 0 3 0 11 23 0 6 0 1 0 10 0 0
0 3 0 8 0 11 20 0 13 6 19 12 0 3 21 0
12 16 7 0 20 10 20 0 19 23 0 0 2 0 0 21
3 11 0 0 10 0 19 9 10 14 30 32 0 13 13 16
13 0 3 14 0 26 0 0 9 6 0 16 0 24 0 2
0 0 0 0 14 0 0 22 12 19 4 0 0 15 15 0
7 20 20 0 0 0 0 0 11 0 0 29 18 34 0 0
0 33 0 23 0 28 18 9 0 6 4 10 20 4 0 0
6 0 0 0 0 0 17 25 13 8 0 0 1 1 0 0
0 7 0 7 0 10 11 0 9 9 17 3 0 0 11 0
15 10 6 0 28 0 17 0 13 13 0 0 4 0 0 33
12 16 0 0 8 0 0 11 20 6 32 31 0 20 11 16
