0 11 3 19 0 35 0 5 0 6 0 31 14 19 0 31
3 0 3 0 64 0 13 0 11 16 0 0 0 0 7 18
9 0 0 0 0 11 0 0 6 0 18 0 17 0 5 0
23 2 5 19 20 15 25 0 8 14 36 0 0 1 12 12
0 6 9 8 0 45 22 0 0 3 0 38 19 21 5 38
0 0 9 0 70 0 19 0 17 8 0 0 0 0 1 19
2 0 0 0 0 11 0 0 0 0 14 0 23 0 3 0
18 0 6 18 22 0 28 4 2 9 0 0 0 2 13 18
0 2 0 8 0 42 2 4 0 4 0 40 15 14 10 46
2 0 17 0 63 0 18 0 0 22 10 0 0 0 6 21
6 0 0 0 2 17 0 0 0 0 17 0 16 0 2 5
19 4 6 25 27 2 23 0 9 14 0 0 0 0 14 18
0 0 2 11 0 56 5 0 0 2 0 41 12 12 9 47
3 0 20 0 63 0 23 0 0 9 11 0 0 0 9 29
10 0 0 0 5 20 0 0 5 0 22 0 9 0 0 5
18 8 4 34 28 0 19 0 1 13 0 0 0 0 11 14
