3 4 1 4 9 4 19 0 14 15 4 1 3 6 0 3
16 17 2 7 15 6 4 5 17 32 0 11 11 16 0 28
3 4 9 15 20 7 12 6 8 3 1 10 1 16 13 2
5 9 2 7 16 0 3 29 0 1 5 26 8 2 6 12
21 4 2 9 15 11 17 7 13 0 13 11 5 5 2 0
1 12 9 8 21 46 29 20 28 4 5 13 31 2 13 4
6 1 2 10 11 7 1 2 11 7 4 0 0 2 2 14
1 0 31 15 22 0 0 5 1 4 15 6 9 2 12 14
1 38 3 11 4 10 26 8 1 16 2 25 1 4 11 12
7 0 33 4 12 4 5 2 4 2 3 1 4 0 8 1
3 2 0 6 12 5 4 2 2 0 0 3 2 3 2 6
0 3 4 3 10 10 0 1 6 0 8 8 3 11 0 13
8 9 6 11 4 3 3 12 4 24 0 3 4 45 26 32
11 16 14 0 16 12 18 5 1 10 6 8 18 6 17 1
40 2 10 8 0 0 2 9 14 0 1 2 6 22 4 30
11 24 19 29 0 24 10 30 1 37 11 6 3 8 11 2
