3 27 23 22 7 0 13 0 19 0 0 0 0 17 19 7
6 1 14 26 6 0 1 8 0 9 17 0 30 41 27 0
0 3 10 0 9 0 11 5 9 0 0 0 0 0 2 5
1 6 24 0 8 14 0 11 2 0 2 18 56 27 0 14
1 7 17 9 23 11 0 0 71 0 5 2 25 7 11 6
0 12 1 7 13 0 8 6 8 0 13 35 19 18 4 0
20 15 2 14 0 12 37 21 2 7 12 41 17 8 7 14
33 11 14 32 25 18 11 0 22 32 12 3 1 10 13 49
8 11 8 26 11 0 13 15 21 0 0 1 0 7 16 8
14 3 8 0 10 5 6 19 0 4 21 0 8 3 33 0
0 15 4 0 18 1 29 10 18 0 0 4 0 16 8 4
21 23 21 0 6 1 0 3 5 0 1 0 9 20 0 15
4 5 2 3 8 28 0 0 0 0 2 24 7 24 0 10
0 9 13 5 14 1 22 6 3 12 0 10 8 0 0 0
4 8 0 33 14 1 25 0 0 4 0 3 0 0 6 12
24 0 11 18 16 18 0 3 15 25 4 0 8 8 12 3
