0 13 8 14 4 8 6 12 0 19 0 0 0 0 0 10
0 4 0 0 2 19 7 0 0 0 0 0 0 14 11 0
5 10 0 18 5 0 3 0 0 0 16 0 0 0 12 2
0 0 0 0 9 0 0 0 0 0 0 0 29 18 0 0
0 27 0 0 0 0 6 0 8 9 10 0 1 0 24 0
16 2 5 0 0 5 0 0 2 0 28 0 9 0 0 11
0 0 3 0 21 0 0 9 2 0 0 0 0 16 0 10
0 4 8 0 5 0 0 0 6 0 7 9 0 0 0 16
33 1 8 0 6 0 0 21 0 0 0 0 0 0 12 0
28 51 0 0 0 2 1 19 0 8 16 10 0 0 0 1
0 0 0 0 0 0 0 0 15 0 0 6 0 0 0 16
0 3 3 0 0 0 4 0 0 0 5 0 5 0 0 0
9 0 0 0 8 5 0 0 17 0 14 5 0 0 0 4
0 10 11 10 14 0 4 10 0 11 6 0 0 11 18 0
0 19 0 0 10 13 29 17 0 0 3 14 3 8 19 0
0 24 0 0 4 16 0 0 10 0 38 0 0 9 22 7
