0 0 34 1 22 31 31 83 0 0 4 25 0 6 46 15
14 0 0 28 0 0 0 33 26 11 28 10 6 0 20 1
0 37 9 45 41 31 38 3 17 8 25 24 20 25 12 10
44 0 12 0 0 0 0 16 29 45 10 0 32 23 29 0
14 3 0 2 0 18 36 0 2 43 12 0 16 1 65 22
14 28 41 41 33 0 0 6 15 21 7 22 31 11 0 16
0 28 0 2 22 16 0 0 6 10 0 38 14 45 0 17
17 3 26 0 12 0 0 16 1 0 36 41 3 5 9 11
0 26 0 1 50 0 23 21 28 0 7 4 0 0 0 29
37 31 8 0 17 0 34 0 11 18 20 26 0 20 46 0
0 4 28 0 37 40 34 44 36 31 0 31 42 47 5 2
25 58 0 10 15 0 29 0 36 103 66 42 77 5 0 6
30 10 0 0 44 0 6 31 14 53 15 13 0 0 0 34
17 43 4 13 2 0 0 8 6 0 22 35 14 40 46 0
22 10 26 19 41 32 0 26 0 23 0 38 0 12 1 0
0 0 11 0 17 104 70 0 61 26 4 12 0 10 36 0
