0 0 0 0 32 0 9 6 0 5 8 11 0 15 18 12
0 4 18 0 0 1 0 0 0 0 0 46 3 5 32 17
8 15 20 2 0 0 0 13 6 0 0 12 0 17 33 1
0 3 10 0 4 12 0 0 4 0 0 0 14 0 12 0
2 8 0 4 30 11 0 17 4 33 4 5 0 0 8 0
1 0 0 8 0 28 0 5 10 3 0 0 0 21 33 6
0 35 0 28 0 9 7 0 26 0 11 10 22 14 22 18
1 2 12 0 0 2 29 0 3 4 36 0 0 1 0 15
0 8 3 11 0 10 22 4 15 29 7 0 13 3 0 11
2 16 2 7 0 0 0 0 0 0 0 0 8 14 0 0
0 12 0 0 0 30 0 0 0 0 0 0 1 0 33 0
0 3 6 1 5 1 4 0 0 15 0 3 9 12 5 8
0 0 0 2 6 5 0 17 5 0 16 0 15 0 0 0
2 0 0 20 0 5 0 0 0 0 17 0 0 0 1 0
0 2 11 0 6 1 0 3 0 0 14 2 5 2 11 6
0 0 10 0 7 5 6 0 0 1 0 12 10 3 0 0
