1 0 0 2 32 0 10 6 0 5 4 11 0 12 20 12
0 0 10 0 0 1 0 0 0 0 0 46 0 3 31 17
3 12 19 2 0 0 0 11 3 0 0 4 0 15 32 1
0 5 12 0 4 5 0 0 0 10 0 0 14 0 0 0
0 5 0 7 33 8 0 10 1 25 6 3 0 6 8 0
0 0 0 8 0 24 0 0 10 0 0 0 0 14 34 7
0 35 0 30 0 7 15 0 23 0 7 21 14 15 18 19
1 3 10 0 0 2 24 0 0 4 35 0 0 0 0 0
0 8 3 12 0 8 22 2 13 28 8 0 13 9 0 11
0 2 2 4 0 0 0 0 0 0 0 0 8 4 3 0
0 9 0 0 0 31 0 0 0 0 12 0 3 0 29 0
0 4 6 0 5 0 0 0 1 12 0 3 9 12 5 8
4 0 0 3 2 3 0 16 5 0 15 0 15 0 0 0
1 0 0 0 0 4 0 0 0 0 12 4 0 0 4 0
0 1 12 14 5 0 0 0 0 4 0 1 9 1 5 5
0 0 7 0 3 6 6 0 0 0 2 11 14 0 9 0
