0 0 8 13 1 0 0 0 0 0 0 0 0 0 1 4
1 1 0 0 0 2 4 2 1 0 0 0 0 0 0 0
5 0 7 5 0 7 0 0 0 0 3 0 0 3 14 4
0 0 0 0 0 2 0 0 0 1 0 12 0 0 1 0
0 0 0 0 0 12 8 3 6 0 0 0 7 0 0 0
0 1 2 1 0 0 0 3 0 0 0 0 18 0 0 22
0 8 10 0 0 8 0 12 5 6 0 0 7 11 5 0
0 0 0 0 0 0 0 9 1 0 0 1 0 4 3 0
0 0 9 0 0 0 0 4 4 14 0 17 1 34 0 2
0 0 13 0 0 3 0 0 20 0 1 0 4 9 11 11
0 5 0 12 0 0 24 2 0 0 0 0 20 0 0 0
0 1 5 11 6 0 2 0 1 15 17 0 4 0 1 0
0 1 0 9 0 0 12 0 2 0 23 11 27 0 8 8
2 0 5 0 6 0 0 0 0 0 28 0 0 3 0 6
9 0 0 0 5 0 0 0 18 0 0 1 8 0 0 16
7 0 0 38 0 5 0 0 14 0 0 6 0 0 0 0
