0 0 0 0 0 0 0 0 3 0 0 16 0 0 26 4
0 0 21 19 0 0 4 0 0 0 0 0 0 0 39 9
0 0 23 0 0 0 0 0 25 33 13 0 0 21 0 0
3 6 0 0 0 0 4 0 0 0 21 0 0 23 0 0
0 0 0 0 0 0 28 33 0 0 6 5 0 0 0 2
0 15 0 23 0 5 0 8 0 3 0 0 0 11 0 0
0 0 2 6 13 9 14 0 3 0 10 6 0 0 2 0
0 0 0 0 10 0 0 1 0 0 48 6 0 0 4 16
0 0 0 0 0 0 6 0 0 0 0 15 0 0 28 6
0 0 17 0 1 0 2 0 0 0 0 0 0 0 44 14
0 0 17 0 0 0 0 0 0 32 7 0 0 10 0 0
0 0 0 0 0 0 10 0 0 0 11 0 0 26 0 0
0 0 0 0 0 0 27 14 0 1 6 0 0 0 0 0
0 13 0 11 0 3 0 9 0 0 0 0 3 0 0 3
0 0 5 8 10 12 0 0 12 0 5 0 0 1 3 0
0 0 0 0 7 0 0 0 0 0 25 5 0 0 0 11
