5 55 0 0 31 6 37 12 2 0 9 2 0 11 0 6
0 10 8 38 0 0 0 0 3 35 0 8 17 9 9 31
0 7 6 0 1 14 18 26 12 0 0 2 0 0 0 14
9 0 2 0 3 0 53 0 0 8 15 0 0 0 0 11
13 0 0 0 9 3 0 0 15 2 6 13 9 16 0 19
7 0 0 0 0 37 0 8 0 0 0 11 0 0 5 1
12 17 0 0 0 18 0 15 23 0 0 0 0 3 13 11
0 0 20 6 0 29 5 0 0 22 0 14 0 0 26 4
0 40 23 9 31 0 28 14 0 0 4 14 2 10 5 0
0 4 9 19 5 0 15 0 1 21 0 16 13 10 10 21
2 18 12 18 0 9 11 31 8 0 9 0 8 0 0 16
0 0 0 0 31 0 26 0 0 0 5 0 14 9 0 0
0 0 0 2 6 0 0 0 0 0 6 7 10 13 1 13
0 0 0 0 0 19 0 0 0 5 0 14 0 0 0 0
0 16 0 0 0 15 0 16 32 0 0 0 6 0 6 1
0 0 25 0 4 24 0 9 0 1 0 21 0 0 27 0
