5 2 6 0 34 8 7 0 1 5 2 2 0 4 0 0
0 0 0 0 0 10 0 0 0 0 8 10 0 0 4 10
0 17 1 0 0 17 0 4 0 0 2 11 0 11 0 0
3 0 0 5 0 0 3 0 0 0 0 0 0 0 1 4
0 34 0 0 0 13 6 1 6 1 3 4 0 6 0 0
0 2 2 18 3 0 0 20 0 3 10 27 13 9 0 0
0 0 6 0 0 5 3 8 8 0 0 14 0 0 3 0
7 0 0 0 15 0 14 0 0 1 0 2 0 5 7 0
10 0 0 16 5 21 0 3 0 20 0 0 0 0 12 0
3 0 2 0 11 0 0 0 3 0 6 11 0 0 0 3
0 2 4 3 8 0 0 0 0 1 5 0 0 0 6 0
0 0 6 9 0 0 0 12 0 0 23 9 0 0 0 0
0 2 0 0 0 5 3 24 0 0 1 0 0 0 0 0
0 0 0 0 10 0 0 0 0 0 0 20 2 17 1 0
0 17 1 0 0 3 40 0 10 7 0 0 0 2 0 0
3 0 2 0 0 0 0 7 2 0 1 0 2 0 0 0
