17 9 0 24 0 11 0 26 0 0 0 0 0 0 3 0
0 12 0 0 0 0 13 0 0 37 8 0 5 16 11 0
4 0 6 0 3 0 0 11 0 0 7 25 0 30 15 0
0 11 0 5 0 0 2 22 21 0 0 0 0 6 1 0
0 0 4 0 0 8 3 7 0 0 16 4 15 0 0 14
0 0 0 0 0 0 0 0 0 11 13 0 0 0 9 0
0 4 0 10 26 7 3 0 1 0 0 0 0 6 6 0
0 10 33 0 19 25 17 0 0 14 0 12 0 0 0 26
12 0 0 5 0 17 0 23 0 0 0 0 0 0 0 12
0 13 0 0 0 0 20 0 0 11 11 0 4 10 0 0
0 0 0 0 7 0 1 6 0 13 8 12 0 29 22 0
0 0 0 7 0 0 0 18 13 0 0 0 0 0 0 0
0 0 5 0 0 5 2 0 0 6 9 2 13 0 0 9
0 0 0 0 0 0 1 0 0 6 8 0 0 0 12 7
9 10 0 3 9 0 1 0 11 0 0 0 0 15 0 0
0 9 4 0 15 14 17 0 0 0 0 10 4 1 0 5
