14 16 0 4 3 2 2 0 0 9 3 4 11 0 0 0
0 6 3 0 0 8 0 2 0 0 5 7 15 0 1 0
0 6 0 6 10 0 2 12 0 0 6 14 8 0 19 0
8 0 0 12 0 7 0 0 2 14 0 12 0 4 0 5
0 0 6 0 5 0 2 1 0 3 2 0 2 0 2 6
0 5 0 3 4 1 0 3 0 0 6 3 2 0 10 0
0 8 0 7 0 0 0 6 0 0 2 0 5 0 5 0
0 2 0 6 0 0 0 0 16 18 1 11 0 18 0 0
2 0 0 5 14 0 1 0 1 4 1 3 5 4 21 12
0 3 8 11 9 25 0 11 1 0 1 10 1 0 8 0
0 4 0 8 27 0 0 0 0 0 5 0 0 0 13 0
0 0 0 0 11 0 0 0 4 18 5 3 0 27 0 0
9 0 3 15 16 1 0 0 2 3 1 10 10 0 16 9
0 0 8 17 6 33 0 16 0 0 14 11 4 0 5 0
0 6 0 9 22 0 1 0 0 2 10 0 0 1 31 0
0 0 0 0 5 0 0 0 5 13 2 9 0 30 0 0
