3 0 0 0 1 0 1 1 8 4 0 0 0 0 0 0
0 1 4 0 0 1 0 0 0 0 0 3 1 0 0 0
1 1 0 0 2 0 0 0 0 1 0 0 10 19 3 0
1 0 0 0 1 0 0 0 1 0 0 1 2 1 0 9
3 6 0 0 2 0 2 0 6 0 0 0 0 0 0 1
2 1 0 1 0 0 2 0 0 0 1 4 1 4 0 0
0 1 0 0 1 0 0 0 0 0 0 0 9 20 2 0
1 0 0 0 0 0 0 0 0 0 1 0 2 0 0 10
3 7 0 0 2 0 0 2 5 0 0 0 0 1 1 2
2 3 2 1 0 1 3 0 0 0 0 4 0 7 0 0
2 1 0 0 3 0 0 0 0 0 0 0 9 21 0 0
0 0 0 1 1 0 0 0 0 0 3 1 2 0 0 10
4 6 0 0 2 0 0 2 6 0 0 0 0 1 1 0
1 3 1 1 0 1 3 0 0 0 0 3 2 7 1 0
2 1 1 0 2 0 0 0 0 0 0 0 9 21 1 0
1 0 0 1 2 0 1 0 0 0 0 1 3 1 0 10
