32 0 1 3 10 18 2 4 0 16 14 32 18 70 8 22
36 3 35 38 16 13 72 0 22 6 0 3 34 0 29 0
15 3 14 0 15 0 15 27 19 6 24 0 14 30 27 25
4 17 0 43 1 38 0 43 0 20 42 18 30 0 14 22
18 0 2 0 10 18 1 6 0 16 14 30 22 73 9 23
36 6 26 7 16 11 72 0 21 6 0 3 21 0 32 0
15 1 14 0 14 0 15 25 18 0 22 0 15 25 27 23
1 16 0 29 3 39 0 20 0 14 44 19 22 0 14 23
17 0 1 0 12 18 3 5 0 25 14 30 22 73 9 23
37 6 27 6 15 15 73 0 23 4 0 2 23 0 30 0
15 2 14 0 14 0 15 25 18 0 22 0 21 24 27 26
1 15 0 29 1 40 0 14 0 14 45 20 22 0 14 23
17 0 1 0 12 18 3 6 0 25 14 30 18 74 9 20
37 8 27 6 15 11 72 0 21 5 0 3 22 0 30 0
15 2 14 0 14 0 15 25 18 0 22 0 15 23 27 23
1 15 0 29 1 41 0 14 0 15 45 20 22 0 14 18
