0 6 8 15 0 49 0 2 1 16 0 42 7 23 0 32
0 0 0 2 63 0 6 0 16 14 0 0 0 3 5 13
2 0 0 0 6 23 0 0 23 0 30 0 18 0 5 1
21 8 12 21 14 12 18 0 10 14 34 0 0 0 13 14
0 1 10 12 0 47 0 0 0 15 0 46 5 20 4 40
2 0 5 0 71 0 11 0 7 11 9 0 0 0 5 13
9 0 0 0 1 23 0 0 4 0 19 0 14 0 4 0
24 11 11 29 18 4 17 0 6 15 2 0 0 0 14 14
0 1 11 13 0 47 1 0 0 13 0 41 8 19 9 40
3 0 5 0 65 0 12 0 8 12 4 0 0 1 2 20
5 0 0 0 2 19 0 0 0 0 7 0 12 0 3 0
35 9 14 33 16 0 18 16 4 9 0 0 0 3 15 18
0 2 11 16 0 37 1 0 0 16 0 44 10 19 10 44
4 0 10 0 65 0 10 0 11 14 8 0 0 1 1 19
6 0 0 0 4 18 0 0 0 0 12 0 13 0 2 0
21 8 10 24 18 4 17 0 7 12 0 0 0 6 15 16
