4 0 6 6 4 5 0 1 5 11 16 2 7 6 2 6
8 6 1 10 7 9 2 3 1 6 7 5 3 16 1 12
4 2 11 4 4 5 3 5 9 15 1 5 1 22 6 2
0 9 4 9 9 0 2 2 0 7 2 2 18 0 3 27
4 5 9 2 14 6 4 2 5 0 4 2 4 24 0 2
3 4 3 3 16 19 1 4 26 4 6 1 22 3 5 6
2 3 7 8 3 5 0 6 8 1 9 0 0 4 4 5
17 2 20 1 25 0 0 10 4 24 10 0 0 3 13 11
6 10 0 1 1 3 15 4 10 9 10 5 5 7 1 7
2 0 2 0 10 15 8 3 4 11 1 0 17 0 18 2
5 11 2 13 9 7 4 2 4 3 0 1 4 1 0 7
2 0 5 2 4 7 0 4 1 0 8 6 2 6 0 0
2 9 4 5 5 0 1 37 8 12 0 21 5 6 3 16
13 13 1 0 5 2 17 0 2 11 19 1 10 12 12 0
19 2 5 17 0 0 1 3 4 6 5 3 2 2 3 28
1 12 4 7 6 5 8 36 6 17 4 3 10 4 1 2
