0 1 16 3 0 7 0 1 15 15 8 0 0 6 3 9
0 0 1 4 16 0 6 2 0 2 1 11 3 19 0 4
3 16 0 0 0 0 0 0 2 0 12 0 6 0 5 10
0 2 2 0 0 0 0 8 7 9 0 0 12 0 2 6
0 0 17 4 0 0 13 11 0 8 4 6 4 4 2 16
0 3 0 13 0 0 3 0 0 1 15 17 0 0 0 15
23 0 5 2 0 0 2 7 0 0 18 1 2 3 6 0
0 1 3 0 0 0 6 4 1 1 0 0 2 10 9 6
5 7 13 12 4 5 13 7 2 0 0 0 0 0 1 16
0 5 0 8 2 1 0 2 0 0 0 8 0 4 0 14
9 0 7 0 1 0 4 7 7 0 17 5 2 2 2 0
0 1 0 0 0 0 13 0 0 3 0 0 11 0 15 11
0 3 10 0 6 0 1 0 0 3 0 12 0 0 2 2
0 0 0 2 2 9 8 0 0 0 2 8 0 0 0 4
3 2 4 3 0 0 5 21 2 0 18 17 10 3 3 5
0 0 0 2 0 0 17 0 0 8 0 0 17 10 10 6
