3 4 0 6 22 6 9 12 9 12 9 20 3 15 30 1
5 6 16 2 13 10 1 1 6 0 3 44 1 2 37 4
0 12 12 12 0 9 0 13 5 6 10 0 5 16 42 29
0 13 11 2 6 1 8 13 1 8 2 0 8 0 8 4
1 15 1 17 17 8 6 20 8 19 0 0 12 2 15 11
6 10 4 6 1 52 0 11 22 0 21 0 3 19 19 8
2 0 8 10 8 9 7 0 34 0 0 5 13 3 18 22
1 8 0 16 2 1 13 5 17 0 22 0 0 4 8 2
3 4 0 2 0 8 24 16 16 31 4 1 3 7 0 5
0 4 2 0 16 19 4 2 0 5 2 1 3 3 11 5
16 6 1 2 1 42 8 14 0 2 7 0 8 6 7 1
0 17 0 9 4 0 0 0 0 7 0 9 12 16 9 5
11 0 11 24 10 3 0 6 5 5 5 6 16 6 0 0
11 0 10 0 0 9 3 1 7 0 21 3 0 0 14 7
0 2 7 6 0 0 0 3 9 11 0 9 12 4 22 20
4 6 4 0 1 13 10 2 1 0 7 9 11 1 16 9
