12 0 9 0 0 12 0 0 19 3 27 2 0 18 0 22
0 2 0 4 4 7 0 7 28 14 6 0 5 26 10 7
4 6 12 3 3 1 0 5 13 8 4 12 26 16 0 7
0 14 14 13 0 19 9 14 18 4 0 0 0 14 10 1
27 2 6 0 21 0 7 11 6 10 14 19 0 14 0 0
14 14 0 0 24 7 12 0 0 3 7 19 0 4 5 17
10 11 0 0 0 4 11 10 2 0 0 8 16 0 0 10
5 11 4 11 14 18 26 0 22 16 1 17 0 0 12 11
2 0 10 2 0 6 7 0 14 9 0 11 0 22 0 14
0 0 0 9 25 9 0 11 32 5 20 0 17 32 8 8
2 1 8 3 7 0 0 0 27 7 5 9 14 24 0 0
6 0 0 5 0 10 5 11 13 2 25 0 17 31 14 3
27 0 0 0 0 0 3 3 29 1 0 0 8 26 0 0
11 0 4 0 0 11 18 0 20 11 5 19 0 3 5 9
19 1 5 0 15 21 18 4 4 0 10 0 28 0 0 21
17 21 4 13 9 0 7 0 36 0 1 23 0 2 29 7
