0 30 10 0 0 0 12 15 1 2 0 0 0 15 5 6
0 5 1 0 0 20 6 19 0 0 0 0 3 0 0 0
3 0 0 0 0 0 0 0 0 0 4 11 11 12 4 0
11 13 0 15 0 0 0 0 32 0 0 0 15 25 0 11
0 0 0 17 0 0 54 0 0 0 0 0 0 9 0 1
0 0 0 12 0 3 0 0 0 0 28 0 28 0 0 0
0 0 9 0 0 8 26 0 11 0 0 0 1 0 0 7
0 0 13 0 51 0 10 0 0 5 16 0 0 0 0 20
0 18 0 4 0 0 0 7 3 0 0 0 0 0 0 23
0 9 0 0 1 0 0 0 21 0 6 3 0 0 0 0
6 2 0 0 0 0 13 47 10 0 0 13 28 0 0 35
0 0 0 0 0 0 0 2 0 0 1 0 0 22 0 0
19 2 20 0 0 0 0 0 0 11 0 18 0 7 0 0
0 0 5 7 36 5 0 0 0 10 0 0 13 0 26 0
0 0 4 0 0 0 0 8 0 0 0 19 0 0 28 22
3 44 0 0 0 3 0 0 0 0 0 3 2 2 11 0
