2 0 0 8 0 3 13 0 1 0 0 3 40 5 5 43
9 5 0 0 14 0 1 0 0 0 0 3 22 0 0 0
1 0 0 9 0 0 0 0 4 0 9 0 15 0 0 0
0 0 0 0 0 0 0 3 11 0 9 0 0 0 3 0
0 0 0 0 9 14 0 2 0 24 0 0 0 7 12 4
0 0 0 9 30 0 16 0 0 0 12 0 0 7 7 9
0 3 0 0 0 0 0 0 8 3 0 8 0 0 0 10
19 0 0 4 0 0 0 7 1 19 0 0 0 2 0 0
9 0 0 6 10 8 6 2 0 0 0 15 21 9 0 31
16 16 7 0 0 6 6 0 0 2 0 4 0 0 0 0
0 14 0 16 4 12 0 0 8 0 5 0 12 0 0 0
24 0 0 9 1 0 0 33 7 0 0 0 0 0 5 0
0 4 0 0 9 0 0 12 0 25 0 0 0 16 0 1
0 0 0 4 25 0 10 2 0 0 0 2 0 4 12 0
0 0 0 0 0 4 0 0 4 4 5 10 0 0 0 8
16 10 18 0 3 2 0 7 1 7 0 0 0 7 0 1
