0 14 2 0 19 27 31 25 2 23 0 0 54 4 0 27
15 12 0 0 0 4 18 10 19 0 8 25 15 18 7 19
14 30 0 0 26 0 18 17 8 2 0 0 15 10 56 20
0 15 11 0 29 13 0 50 33 0 7 55 0 0 11 0
0 14 5 0 2 31 27 18 0 20 0 0 19 0 0 23
22 8 0 0 0 7 0 14 13 0 0 19 21 12 10 12
5 22 0 0 26 0 20 9 4 0 11 0 5 0 35 31
0 9 8 0 32 13 0 42 43 0 5 0 0 0 9 0
0 12 10 0 0 29 23 24 0 21 0 0 29 0 0 22
33 5 0 0 0 8 0 9 10 0 0 16 18 12 13 18
9 15 0 0 22 0 20 11 6 0 17 0 1 0 29 38
0 10 5 0 36 12 0 38 41 0 8 0 0 0 1 1
0 14 12 0 0 27 23 21 0 19 0 2 31 0 0 21
30 3 0 0 0 7 0 8 10 0 0 18 20 11 13 20
7 13 0 0 20 0 14 13 12 0 18 0 1 0 33 40
0 12 0 0 31 13 0 39 44 0 2 0 0 0 0 4
