3 0 11 0 3 1 0 3 15 2 5 2 3 0 3 16
0 0 6 6 0 1 11 3 5 0 5 0 0 0 4 3
1 0 9 0 0 8 14 3 0 26 13 0 0 4 1 10
9 7 0 0 13 18 8 17 21 7 20 0 1 5 5 0
5 7 16 0 0 4 0 8 0 9 13 12 11 10 0 7
11 3 4 6 0 0 10 8 0 0 13 0 9 0 17 6
0 0 8 0 7 1 2 0 0 22 11 0 0 15 15 29
6 6 1 0 0 18 0 0 18 6 17 13 14 2 0 0
0 0 20 0 9 6 5 5 0 1 27 4 2 0 5 3
5 0 26 0 12 13 4 0 19 8 0 15 2 16 7 10
14 0 3 2 0 2 0 1 8 0 0 4 0 12 7 3
21 13 23 0 0 0 0 0 0 15 3 4 1 17 17 2
22 0 0 0 7 12 10 0 9 0 40 17 20 0 0 10
2 13 2 3 0 0 1 7 0 13 2 13 7 0 0 0
0 7 0 0 0 16 0 8 24 0 18 7 9 7 11 0
25 0 1 2 0 11 5 4 0 1 3 6 4 1 0 1
