5 27 3 21 18 0 9 0 13 0 0 0 0 14 19 3
31 0 6 26 31 7 0 13 0 25 23 0 3 9 13 0
16 7 4 0 0 0 5 13 12 12 0 9 0 0 2 14
41 15 8 0 2 19 0 18 4 0 25 0 41 9 0 7
17 3 10 9 9 27 0 0 12 0 17 22 5 0 11 6
0 9 5 17 7 0 5 12 2 0 0 31 20 2 4 0
23 14 0 1 16 0 39 55 2 7 5 75 17 24 16 4
33 8 4 20 16 20 3 0 24 12 8 3 19 16 13 40
7 11 1 26 48 0 15 0 12 7 9 0 0 7 16 16
14 3 1 0 10 45 19 8 0 0 20 3 2 4 13 14
0 11 10 0 1 0 15 11 18 0 0 17 0 0 8 7
43 23 10 8 2 19 0 6 3 0 20 8 12 8 0 15
18 17 29 5 0 30 18 0 0 0 16 24 19 3 20 10
0 3 3 30 1 17 17 33 5 28 0 10 12 0 0 0
3 8 0 8 12 29 25 0 0 3 0 53 0 0 15 12
24 29 51 31 24 20 1 0 7 17 3 0 6 13 12 3
