27 0 0 13 6 0 0 19 3 17 0 17 5 4 0 0
0 13 28 14 0 12 0 0 0 0 0 1 34 0 0 0
0 12 0 25 0 0 22 0 0 0 20 22 22 0 17 0
21 0 35 40 0 15 0 0 15 15 0 33 0 0 0 0
0 20 0 0 0 17 0 0 5 22 12 14 11 0 0 0
0 27 0 10 0 25 0 0 0 0 3 3 0 0 22 0
0 7 0 3 0 0 0 7 9 0 0 0 0 0 0 0
21 0 0 0 13 0 0 0 15 9 9 10 0 0 0 0
0 11 0 0 0 0 13 0 0 25 0 30 18 0 2 0
0 0 0 11 3 10 0 1 0 0 0 21 21 0 14 0
0 0 0 10 0 0 0 0 0 0 2 6 0 0 4 0
0 0 0 0 2 0 0 0 10 11 0 18 0 0 0 0
9 25 0 2 0 0 0 0 5 28 0 8 13 0 0 0
0 0 19 22 0 8 0 16 0 3 13 30 7 0 14 0
0 17 0 0 0 0 0 0 2 27 0 0 0 0 17 0
10 0 0 0 19 0 0 0 1 4 6 6 4 9 0 0
