-15 19 -16 -6 -5 -9 -14 -1 -16 -4 -9 -5 -12 -17 -12 -18
-20 -6 4 -20 -9 -3 -6 -3 1 -5 -9 0 7 -2 -22 -26
-15 22 -22 2 -17 7 -11 -7 -7 -2 -30 -8 1 -4 -34 -11
-12 -13 -11 -13 -18 -17 -1 13 4 8 -17 -6 -2 -17 -20 -12
9 0 -39 -7 0 -14 -2 -8 -6 -12 9 -4 3 -11 0 -1
-29 -11 11 -1 6 -21 -4 -12 -13 -25 -8 -21 -11 -16 -9 -9
-5 -14 0 8 -18 -2 -5 -30 12 -9 -17 -1 7 -10 4 5
6 -7 -5 24 -10 9 -6 -14 -48 -6 -10 -12 8 -10 -1 -13
-15 -20 -2 6 18 -2 -1 -24 -9 -1 11 -17 0 -7 -16 -13
-9 -29 2 -21 5 -5 -9 7 -9 -26 -10 14 -4 -13 -17 2
9 -16 -24 1 -4 -13 -18 -10 -11 -23 -2 0 -12 -13 -11 10
-5 9 -12 -7 -14 -7 4 -10 2 15 7 7 3 2 -10 -16
-9 4 -20 -1 4 -19 -27 21 -5 -22 -6 6 -11 -10 16 -11
-16 -10 -5 -23 16 -12 -6 0 8 3 -1 -29 -21 -21 -17 -16
-5 3 -11 1 -25 -14 27 -16 -12 -10 -20 -11 -24 14 1 -11
-12 0 -5 -11 -5 -13 -11 -15 -4 -5 -18 -6 -9 -9 -5 11
