0 0 0 0 20 0 0 0 0 0 11 0 0 0 0 0
1 0 0 0 2 1 0 0 0 2 2 16 0 5 0 0
3 0 7 6 6 3 0 0 0 7 0 0 0 0 0 0
0 0 0 0 1 0 4 0 0 6 0 0 0 1 0 2
0 1 1 3 0 0 0 0 0 0 0 3 0 6 0 0
0 8 0 4 0 3 4 2 0 0 0 6 5 4 0 2
0 0 3 3 0 0 0 0 1 0 0 0 0 7 0 2
0 6 0 4 0 0 0 1 0 0 1 2 0 3 0 3
0 6 0 0 0 3 1 0 0 0 1 10 0 0 3 0
13 0 0 0 1 3 0 1 1 4 0 4 0 7 0 0
1 2 5 6 6 1 0 0 4 0 0 0 0 1 0 11
5 0 0 0 7 0 2 3 0 1 0 0 0 0 0 4
0 2 1 0 7 0 0 0 0 0 0 2 0 7 0 0
9 3 0 8 0 6 0 9 0 0 0 5 10 3 0 0
8 0 0 0 10 0 0 0 0 0 0 0 0 14 0 1
0 6 8 0 0 0 0 0 0 0 0 2 0 2 0 1
