11 9 11 0 19 6 5 1 17 16 13 3 3 8 1 16
16 17 0 4 20 6 4 5 0 3 21 6 9 8 1 5
0 11 5 0 5 6 10 6 12 18 2 6 1 25 5 9
23 11 3 28 11 0 0 9 0 11 1 9 12 1 5 5
11 7 6 2 7 5 6 3 2 0 10 1 11 17 0 2
14 12 5 3 1 32 2 4 15 2 2 2 6 3 17 7
2 22 26 8 9 13 1 5 6 5 16 0 0 6 7 10
7 4 5 9 10 0 0 11 3 6 10 2 15 1 9 4
4 2 7 1 34 9 18 2 9 4 5 3 9 5 4 3
16 0 2 4 3 21 7 3 6 10 0 0 4 0 4 2
2 6 9 13 0 9 7 4 6 6 2 1 8 4 1 25
4 3 7 4 0 12 0 1 13 0 15 12 4 5 8 31
1 13 14 18 3 2 2 4 3 27 0 2 8 43 5 22
6 0 12 0 1 17 13 5 1 21 11 2 6 7 30 0
18 9 7 6 1 0 4 6 9 5 9 18 4 6 3 30
13 14 5 13 1 13 3 48 9 13 11 7 1 4 2 1
