0 6 6 0 15 4 2 1 2 3 0 0 10 3 0 4
0 5 0 0 0 10 4 1 4 0 7 8 6 8 5 1
6 4 0 0 6 0 4 4 1 3 0 0 15 10 6 5
0 11 3 0 6 9 0 11 7 0 7 13 0 2 3 0
0 7 1 0 0 2 4 6 0 3 0 0 2 0 0 4
2 2 0 0 0 3 0 5 1 0 0 1 4 1 2 2
2 10 0 0 7 0 4 9 1 0 6 0 5 0 7 0
0 14 8 0 5 8 0 0 8 0 2 0 0 0 0 0
0 6 1 0 0 1 1 6 0 3 0 0 10 5 0 2
2 3 0 0 0 4 0 5 3 0 0 6 2 2 2 8
3 7 0 0 10 0 2 7 1 0 6 0 1 0 1 13
0 14 5 0 0 6 0 7 1 0 3 0 0 0 0 1
0 1 1 0 0 3 3 8 0 2 0 4 8 5 0 3
3 2 0 0 0 0 0 3 0 0 0 1 5 3 2 9
3 3 0 0 3 0 5 5 5 0 6 0 1 0 1 5
0 9 0 0 1 4 0 3 4 0 5 0 0 0 0 2
