3 0 6 2 0 0 0 5 0 0 2 0 0 1 0 0
2 0 4 9 7 1 0 13 11 0 0 4 7 0 5 9
0 1 0 0 1 0 1 1 0 19 6 0 0 0 6 7
2 1 0 0 2 0 4 0 4 0 3 9 0 11 1 0
9 0 0 0 0 0 0 0 0 0 5 0 8 3 0 0
2 6 0 0 0 0 9 0 0 0 0 0 5 1 0 0
0 9 2 0 1 0 1 10 0 6 0 0 5 0 0 4
12 0 14 7 18 0 6 6 0 0 7 0 0 3 8 4
0 6 0 0 15 6 0 5 2 0 0 6 1 0 2 0
4 0 0 0 0 0 7 14 0 0 0 0 5 1 0 0
0 4 6 0 0 0 4 6 12 0 0 0 0 0 0 0
0 0 0 13 0 2 0 0 0 9 0 0 0 4 9 0
5 0 3 0 0 0 5 4 0 0 0 11 0 9 7 2
16 0 0 0 0 7 0 3 6 0 5 0 2 6 1 7
0 3 2 0 5 21 1 0 11 3 0 3 0 3 0 12
3 10 11 0 0 3 0 13 6 0 2 0 9 0 0 1
