0 0 0 16 26 0 3 13 0 8 0 11 0 24 0 0
4 7 4 4 1 14 21 0 0 0 37 10 0 0 0 0
1 0 0 3 0 0 11 16 3 2 8 10 10 8 7 0
12 2 0 16 0 0 0 4 2 6 0 10 0 0 5 6
0 6 7 3 0 0 4 5 1 14 11 0 0 0 0 0
18 0 10 6 6 19 1 9 0 12 12 0 0 0 0 2
13 6 1 0 0 0 4 0 0 19 8 0 8 0 2 9
0 7 27 4 0 2 0 2 2 0 1 0 17 6 0 6
9 5 7 20 0 0 3 5 9 0 1 1 0 1 27 0
7 0 0 18 0 0 0 0 0 0 5 6 5 0 0 0
8 14 14 29 0 0 0 7 0 0 0 0 1 11 0 0
0 23 2 9 0 0 3 0 7 0 1 26 5 0 1 5
0 5 0 15 39 0 0 26 7 0 2 11 2 0 0 0
21 12 0 0 2 10 0 9 2 13 0 9 5 38 0 31
0 0 0 19 25 2 0 0 0 0 8 11 18 9 0 0
2 0 0 0 19 0 12 7 17 0 0 11 10 4 17 7
