7 -18 -8 6 -3 14 -11 14 -23 7 -27 -14 -43 20 5 -9
-1 31 -1 -1 4 19 -2 -58 -7 -17 37 4 -1 -4 28 -4
-11 14 16 56 15 50 -17 -22 21 -48 -13 41 22 -6 -14 4
-15 0 4 -18 22 -37 -54 -45 -3 -16 -21 -61 -24 -25 45 0
-12 -13 -61 34 11 -13 0 18 -23 -1 -9 -1 2 17 -4 18
13 0 51 34 -32 -17 -7 -36 41 2 5 31 -7 10 -19 -44
6 2 15 -8 9 5 -15 11 4 55 -25 35 2 -10 -9 35
18 -26 33 -7 28 -11 -9 25 21 -23 1 -10 -5 -24 -28 -6
13 57 -15 -6 63 3 -15 15 42 -49 -9 10 -44 -9 -11 4
16 35 -28 -27 12 -31 30 13 -10 8 -68 31 -4 -16 54 -22
-32 28 -20 1 -44 57 37 0 20 -11 17 -5 8 16 6 21
-13 8 -3 40 -5 -5 18 -17 33 112 21 -1 7 1 -16 -30
25 1 4 -12 0 3 11 42 5 49 -5 4 -5 -13 53 -14
3 29 -8 -4 2 13 26 4 -5 -27 12 -26 29 -9 53 -22
2 -4 -3 32 -7 47 4 -1 -9 -6 3 46 -23 4 -4 10
-6 18 -10 2 -3 -15 20 -21 63 -2 -6 -2 0 -10 -1 -6
