1 0 0 0 2 5 0 14 0 0 0 0 0 0 5 0
0 0 2 5 0 2 0 3 0 0 4 8 6 0 2 3
2 7 9 0 0 0 19 4 0 1 0 0 0 7 0 0
0 6 0 2 0 4 0 0 4 0 7 3 0 1 0 0
3 6 0 0 0 5 0 11 4 0 2 0 0 0 0 0
0 0 0 0 0 0 0 5 0 1 0 0 0 0 0 1
0 0 0 0 6 0 0 0 0 0 4 7 0 11 0 0
13 0 0 0 4 0 0 0 0 3 0 1 0 0 0 0
0 1 0 0 0 1 0 11 0 0 11 0 0 0 6 0
0 5 5 0 0 0 0 0 0 3 0 0 0 1 0 2
0 0 0 11 0 0 3 0 0 0 0 0 0 4 1 0
6 6 0 0 0 3 3 15 0 2 1 0 0 0 6 9
10 0 2 0 2 0 0 0 3 0 0 13 1 1 0 1
0 0 0 0 0 0 2 4 1 0 0 0 0 1 7 3
0 0 0 2 7 0 3 0 0 2 0 10 1 1 0 7
2 0 0 0 0 0 2 6 0 9 0 0 0 0 2 0
