0 0 1 0 0 1 0 0 0 0 11 6 0 0 0 0
0 0 0 0 0 3 0 0 0 6 3 6 0 4 0 0
4 0 6 6 8 0 0 5 0 7 0 0 0 0 0 0
0 0 0 0 2 2 7 0 0 9 0 0 0 0 0 6
0 4 13 0 2 0 0 0 0 0 0 8 0 3 0 0
0 1 0 2 1 6 4 0 0 0 0 7 3 5 0 5
0 0 0 0 0 0 0 0 0 0 0 0 0 5 0 3
0 9 0 6 0 0 0 0 0 0 5 2 0 6 0 5
6 0 0 0 0 4 4 0 0 0 6 8 0 0 0 0
4 0 0 0 0 0 0 5 9 1 0 2 0 4 0 0
2 9 6 7 9 0 0 0 1 2 0 0 0 1 0 4
0 0 0 0 1 0 6 5 0 9 0 2 0 0 0 5
0 4 13 0 2 0 0 0 0 0 0 5 0 2 0 0
9 2 0 3 0 8 3 2 0 0 0 6 4 2 0 2
0 0 0 0 0 0 0 0 2 0 0 0 0 4 0 1
0 7 0 4 0 0 0 0 0 0 3 0 0 6 0 8
