0 2 31 0 0 0 0 0 1 0 0 0 0 27 0 0
0 0 0 0 0 10 0 0 0 0 38 10 0 0 0 0
0 35 0 0 0 0 0 7 0 0 9 0 0 0 0 0
0 0 0 11 0 0 8 0 0 0 0 0 0 0 1 1
0 0 0 0 0 17 6 0 0 14 0 16 3 0 0 0
0 7 2 0 3 0 0 0 0 3 0 32 0 9 0 0
0 0 0 0 0 0 0 6 0 0 0 23 0 0 0 0
14 0 0 0 0 0 29 0 0 0 0 0 0 1 8 0
10 0 0 0 24 23 0 0 0 0 0 0 0 0 2 0
4 0 0 0 0 0 0 0 1 0 0 1 0 16 0 19
0 14 0 7 3 24 0 0 0 1 5 0 0 0 12 0
0 0 0 1 0 0 0 1 0 0 7 23 0 0 0 0
0 2 0 0 0 5 0 0 0 0 1 0 0 0 0 0
0 0 0 0 4 0 0 0 0 0 0 0 0 0 3 0
0 4 1 0 0 29 12 0 0 0 0 0 0 0 0 0
6 0 8 0 0 0 0 0 2 0 1 0 2 0 0 0
