0 0 6 1 3 6 4 1 0 0 0 14 0 16 22 8
1 2 0 16 0 0 0 31 5 0 17 9 1 0 27 0
0 1 15 7 0 1 9 0 1 17 1 8 40 5 5 6
1 0 7 3 4 13 0 14 3 0 5 36 7 14 11 13
15 7 0 2 0 5 5 0 11 9 3 0 13 3 7 2
2 0 3 9 1 6 0 4 6 0 7 12 18 7 0 21
0 9 0 13 19 6 7 0 24 37 0 28 9 5 0 3
0 14 1 0 20 0 0 5 1 0 23 35 4 1 19 1
0 1 0 1 6 0 0 6 16 0 0 28 4 0 14 4
9 17 0 0 11 0 27 0 4 18 1 21 0 1 12 2
0 0 18 12 45 19 25 15 8 8 0 4 7 8 1 15
8 14 3 12 16 0 1 0 0 44 19 1 8 0 0 14
10 6 12 18 9 0 0 3 2 28 20 8 0 0 3 17
7 2 12 1 0 0 0 1 17 0 9 27 3 5 6 0
6 4 18 7 0 10 0 23 0 36 0 1 0 15 0 3
0 0 0 0 4 1 4 0 16 4 7 12 2 11 9 5
