16 13 7 8 32 14 0 6 1 5 8 4 4 4 2 16
1 9 6 17 0 10 2 0 1 2 4 8 5 10 1 11
3 24 10 6 1 3 3 9 2 16 8 1 9 2 5 2
4 1 4 5 5 6 5 1 4 11 2 3 7 3 6 9
9 4 4 0 11 2 26 12 19 2 2 8 3 5 7 7
1 10 18 4 2 3 12 8 8 2 3 2 11 16 13 1
4 8 6 8 2 8 13 8 9 6 7 13 6 14 5 6
25 25 8 1 13 5 7 2 1 4 5 2 2 3 10 9
1 3 12 8 8 16 0 9 15 2 11 2 5 1 15 9
18 6 5 13 8 1 11 16 29 3 3 8 3 1 16 9
13 9 6 7 1 14 12 6 15 6 8 7 7 0 7 12
4 5 3 10 4 1 3 11 1 16 2 4 11 16 11 4
3 1 2 13 10 12 13 1 12 15 6 3 4 4 7 3
6 22 0 0 19 6 2 12 6 4 20 2 9 0 2 12
3 3 3 5 17 7 7 4 3 5 25 1 3 13 10 5
0 18 9 21 4 1 4 24 2 16 1 2 16 4 0 2
