27 0 0 27 0 31 26 0 0 0 0 3 11 6 0 43
7 7 0 0 14 0 7 0 0 0 0 9 0 0 0 0
1 0 0 0 0 0 0 0 5 0 6 0 33 0 0 0
0 0 0 0 0 0 0 3 0 0 0 0 0 0 0 0
0 0 0 0 0 0 0 28 0 19 0 0 0 11 12 2
0 0 0 6 12 0 28 0 0 0 25 0 0 7 7 0
0 9 0 0 0 0 0 0 0 10 0 33 0 0 0 24
20 0 0 0 0 0 0 0 24 0 0 0 0 11 0 0
20 0 0 19 10 0 18 2 0 0 0 15 0 25 0 31
0 11 16 0 0 9 20 0 0 0 0 1 0 0 0 0
0 14 0 0 0 12 0 0 12 0 14 0 24 0 0 0
40 0 0 9 2 0 0 35 0 0 0 0 0 0 0 0
0 4 0 0 0 0 0 12 0 8 0 0 0 38 0 1
0 0 0 6 0 0 23 0 0 0 0 0 0 17 21 0
0 0 0 0 0 4 0 0 0 9 0 27 0 0 0 8
16 10 18 0 3 5 0 0 39 0 0 0 0 2 0 0
