4 8 0 0 1 5 1 0 2 8 2 7 26 0 0 4
2 5 0 0 2 0 0 2 9 0 8 0 0 4 1 1
0 7 2 1 4 13 5 0 5 4 0 1 5 0 12 0
7 1 2 1 3 10 3 1 5 0 0 4 0 3 3 0
0 1 0 18 2 0 4 0 0 0 0 0 7 0 4 8
0 0 0 0 0 0 2 0 0 4 7 13 11 0 30 0
0 1 3 0 2 23 2 1 6 2 0 0 1 4 0 9
4 1 4 9 12 7 3 0 3 13 6 9 2 0 0 3
0 3 3 5 8 1 3 10 0 0 0 0 0 1 2 0
3 4 3 12 2 3 16 1 0 0 0 32 6 0 0 0
0 0 12 6 0 0 0 14 21 8 7 0 9 0 7 0
0 4 0 0 0 1 0 6 16 0 2 3 2 15 3 13
7 1 11 2 0 0 4 2 0 9 10 12 11 4 1 0
0 0 0 0 5 1 4 0 6 0 3 0 5 1 1 3
4 0 1 2 0 32 0 1 3 1 0 3 0 5 4 6
1 10 0 2 1 6 2 2 0 1 0 11 0 0 8 12
