37 35 0 0 2 2 3 0 0 15 1 4 0 10 20 0
0 4 9 31 0 38 0 9 0 17 5 21 4 0 4 0
0 3 31 15 49 1 0 12 8 50 1 4 0 0 33 0
12 0 0 32 18 0 0 0 9 30 10 26 3 31 0 5
0 0 0 0 31 0 4 35 0 13 2 1 19 0 0 7
0 18 0 17 5 14 0 5 20 0 5 2 9 0 12 0
0 10 0 10 0 21 14 0 0 0 47 35 0 0 5 0
29 8 0 1 0 0 0 0 23 10 3 0 0 28 0 0
0 33 2 0 14 0 12 0 1 46 59 15 20 51 0 12
0 4 8 3 2 10 0 34 0 19 9 17 15 0 26 0
0 4 6 15 0 28 0 48 12 30 6 0 0 0 0 0
3 0 0 0 39 0 0 0 9 18 0 27 16 26 19 0
40 0 3 27 3 8 0 0 20 21 1 17 16 0 5 9
0 0 0 19 6 35 0 20 0 0 3 1 35 0 15 0
0 4 0 7 0 16 25 0 0 7 28 20 0 1 31 0
7 0 24 9 0 0 0 0 5 13 3 17 0 31 0 0
