0 28 25 0 0 7 21 9 0 6 0 7 2 8 21 7
23 47 0 36 80 1 6 32 15 1 3 13 5 9 15 16
30 9 2 39 16 14 21 2 10 2 3 1 29 1 5 1
49 0 32 21 57 3 1 17 91 44 32 0 40 7 66 0
24 19 0 71 1 18 0 3 2 11 6 7 12 24 43 24
7 0 50 11 3 11 47 7 9 25 26 7 61 80 0 37
0 105 0 46 4 17 19 4 5 36 25 53 6 4 10 1
0 3 9 0 20 5 0 0 8 0 48 7 32 3 35 9
0 25 0 0 11 14 0 23 3 0 9 0 42 9 14 47
10 4 0 1 53 0 42 0 27 21 6 18 31 24 35 0
0 5 7 11 23 43 37 7 48 24 0 22 1 22 3 5
35 19 25 16 11 0 3 1 16 56 41 27 36 4 0 7
84 2 0 0 29 40 7 39 0 38 4 14 0 0 14 10
33 19 7 27 1 27 0 10 36 0 0 2 19 29 5 0
3 8 41 0 29 24 1 35 28 35 0 15 0 46 1 9
0 0 1 7 27 55 14 3 54 1 26 2 53 90 43 8
