0 -1 2 -1 14 2 9 0 -3 3 5 4 9 6 3 -6
-5 6 4 -8 -2 7 12 3 -4 2 -6 5 6 -1 5 10
2 12 -14 11 -17 8 -1 3 -3 -16 3 9 0 18 13 -3
-3 -5 -1 -28 2 2 5 -5 3 -8 2 -13 4 0 2 -5
13 -14 -10 -1 14 -13 -23 2 -3 5 2 -11 -4 -4 7 -9
6 -31 -4 3 -16 17 -14 -6 16 9 -4 -1 13 -3 0 -4
-5 4 -4 -15 -20 -8 3 1 2 -9 -6 9 7 5 2 2
-7 2 2 5 0 -1 8 2 6 -8 16 -3 2 -2 2 4
11 5 -6 -2 -4 1 6 0 4 6 6 -27 -2 -5 -2 -4
-1 6 -4 1 4 -2 -3 -10 4 -6 -7 0 -4 4 -11 -2
-4 11 -4 -5 3 11 -2 -3 2 -2 -1 -7 -8 -10 8 -18
-6 -1 -6 0 1 -6 8 -13 -1 5 -8 5 0 -3 -3 0
-1 9 7 10 -4 -1 -3 26 6 1 2 -10 -3 -14 -5 -16
-1 8 -10 7 -7 15 4 4 -1 -1 1 -5 -10 -3 -7 3
6 -8 -1 -4 4 2 -7 -9 -11 -7 16 7 -5 -11 6 -7
-12 -9 -1 1 3 1 -2 -9 -4 13 -4 4 3 1 5 0
