5 4 6 0 2 8 25 20 0 0 0 13 6 7 0 0
0 7 0 0 3 2 4 0 25 11 0 14 0 6 0 0
0 0 13 3 5 0 0 0 0 7 0 14 0 2 11 3
0 3 2 0 8 20 0 9 9 0 1 5 3 0 3 11
6 6 3 0 2 8 13 18 0 3 0 2 8 6 3 14
5 1 0 0 2 3 8 0 9 1 6 14 0 5 5 0
0 4 9 3 2 0 15 0 0 0 0 5 1 1 8 9
0 10 3 1 6 13 0 9 9 7 1 1 6 0 2 0
5 6 3 6 3 5 11 24 0 5 0 5 10 4 6 14
0 4 0 0 3 1 3 0 9 10 7 10 0 6 8 0
0 0 6 7 2 0 12 0 0 4 0 11 5 0 4 7
0 5 3 0 2 26 0 4 7 5 12 2 8 0 9 0
3 7 0 6 5 0 11 21 0 5 0 3 13 4 9 13
1 3 0 0 1 0 4 0 10 7 8 6 0 4 4 0
0 0 6 5 1 0 11 0 0 5 0 9 3 4 5 8
1 7 2 0 8 18 0 7 11 8 2 2 6 0 3 0
