4 0 0 1 5 0 1 0 0 0 0 0 0 0 0 0
2 0 0 0 0 0 0 0 3 0 0 0 0 3 2 5
0 10 0 0 14 0 0 4 0 0 0 1 0 0 0 11
2 0 0 11 0 0 0 0 0 0 0 1 4 8 0 1
0 0 0 2 0 2 0 0 0 4 22 12 2 3 0 0
11 13 0 0 0 3 0 0 0 0 0 0 0 0 0 6
5 3 0 0 3 0 0 4 0 0 0 0 0 0 0 0
0 0 0 8 18 0 0 0 0 0 14 0 2 0 0 6
0 2 0 0 0 0 0 2 0 0 0 0 0 0 2 0
1 6 0 3 0 0 0 2 3 1 0 0 0 0 0 0
0 0 0 0 1 0 0 6 6 0 0 11 0 1 5 0
5 10 2 6 9 0 0 0 7 6 1 0 0 0 0 0
0 0 0 0 0 0 9 0 2 0 2 0 3 5 0 0
0 8 3 0 7 8 0 4 0 2 0 3 0 0 9 0
0 14 5 0 0 0 0 0 0 0 0 0 0 0 0 0
0 0 9 0 0 0 3 5 1 2 0 0 0 0 5 0
