14 0 3 1 0 0 0 4 0 9 1 20 0 4 0 0
5 0 4 17 8 1 0 13 17 0 10 12 9 3 5 2
0 1 2 0 10 0 1 11 0 19 9 0 0 0 6 0
51 0 0 0 9 1 5 0 14 0 3 9 10 26 7 0
10 0 0 4 0 0 7 0 0 0 9 2 9 1 0 0
6 14 0 0 0 11 5 0 0 4 5 3 15 5 1 0
0 2 0 0 10 0 5 10 16 3 0 6 5 0 0 18
25 0 29 6 1 0 4 0 0 0 8 16 0 2 8 16
0 6 0 0 13 0 19 5 10 10 6 11 7 0 0 0
6 0 0 16 7 0 25 14 0 7 0 0 5 0 0 0
0 5 8 11 0 0 0 0 2 23 0 0 0 7 0 0
0 0 0 2 0 2 0 7 0 1 0 0 4 5 1 3
5 0 11 0 0 6 7 15 0 0 0 15 0 20 0 13
13 0 1 0 0 7 0 3 6 0 7 0 9 3 0 30
45 6 2 0 18 31 10 0 0 9 0 4 15 3 3 1
0 3 2 0 0 3 0 11 5 0 12 0 9 2 0 6
