0 0 10 0 1 0 1 17 0 5 1 2 4 2 6 11
0 20 0 0 6 23 3 0 0 0 0 1 0 10 10 14
8 5 11 8 0 0 0 0 3 0 0 20 3 0 11 10
0 0 1 0 0 2 0 0 13 6 0 2 4 0 10 0
1 6 4 2 1 0 0 12 4 29 9 1 0 0 5 1
0 0 0 1 0 36 0 1 5 2 5 0 0 0 17 4
0 0 0 4 0 4 16 7 7 0 11 2 8 7 5 5
2 2 10 0 11 0 5 4 7 0 26 0 0 5 4 4
0 1 4 0 0 4 14 4 3 13 0 0 3 1 0 3
0 2 0 0 3 22 0 0 0 6 0 0 9 12 0 0
15 11 0 0 0 3 0 2 0 0 0 0 3 5 3 0
0 3 1 2 1 1 1 0 0 14 0 18 5 3 8 0
0 0 3 14 4 13 0 21 1 0 1 0 5 0 0 0
1 2 0 10 0 4 0 6 0 0 16 0 0 0 0 2
0 7 2 0 2 2 0 3 0 0 11 1 2 0 1 5
0 0 1 6 1 0 1 8 0 7 0 12 7 0 0 0
