0 0 0 0 9 0 11 0 0 2 0 2 5 0 0 0
0 4 0 0 0 3 13 4 0 1 34 0 0 0 0 13
1 10 0 0 0 19 0 0 8 0 0 0 14 0 18 1
0 0 2 0 0 41 4 0 14 0 0 2 0 4 0 5
6 0 2 13 0 0 28 0 0 10 0 1 0 0 9 16
0 0 0 0 0 5 0 0 0 4 21 1 8 0 14 0
18 4 6 17 2 11 0 0 5 0 0 0 0 0 5 2
6 0 9 9 24 1 4 0 6 10 6 0 0 0 3 15
0 0 0 18 0 2 1 17 0 7 0 0 0 0 0 20
5 0 0 7 1 1 0 0 6 11 0 21 0 0 0 6
0 2 0 0 0 14 4 27 15 0 6 10 7 0 14 3
0 7 0 0 0 0 0 2 0 2 0 0 0 11 1 17
19 0 3 0 0 0 0 0 0 6 21 17 5 12 0 0
0 0 1 0 14 0 2 0 0 17 0 0 0 0 24 0
12 6 5 0 30 17 0 14 0 0 0 43 4 20 9 24
0 62 0 0 4 0 0 0 4 0 0 20 0 13 4 2
