0 12 2 0 13 2 3 0 4 15 0 0 8 14 0 1
21 4 0 0 0 8 6 1 8 0 5 9 3 5 1 2
7 13 0 0 8 0 6 8 0 1 0 0 15 10 20 17
15 26 11 6 8 4 0 14 8 0 7 26 0 0 3 1
0 15 32 0 2 4 27 10 0 11 0 0 19 0 0 2
0 7 0 0 0 13 0 1 4 0 0 19 4 11 3 12
5 19 0 0 8 0 14 9 16 0 11 0 5 0 0 2
0 45 8 0 12 12 0 8 1 0 5 1 0 0 1 0
0 3 2 0 11 10 2 3 0 5 0 0 7 18 0 4
3 21 0 0 0 8 0 2 14 0 0 24 2 6 13 3
3 9 0 0 1 0 10 10 7 0 17 0 1 0 4 4
0 26 5 0 16 1 0 5 7 0 8 0 0 0 1 2
0 24 8 0 0 9 15 8 0 10 0 2 31 0 0 5
3 3 0 0 0 27 0 18 0 0 2 13 6 3 7 15
7 6 0 0 2 0 11 1 1 0 18 0 1 0 11 3
0 28 0 0 7 16 0 15 14 0 2 5 0 0 0 3
