0 0 0 13 9 6 8 9 0 0 30 0 0 6 0 0
1 0 4 7 1 0 0 4 0 14 0 10 4 1 13 4
3 0 0 1 12 3 0 0 0 0 7 0 11 16 4 12
16 0 0 0 0 4 0 0 2 5 16 15 15 2 2 1
0 3 2 12 0 2 0 15 21 4 0 2 17 8 6 17
17 1 2 11 2 1 0 0 0 3 2 0 7 0 3 8
6 0 13 2 0 2 0 1 0 10 8 5 8 3 6 0
1 4 8 2 0 9 0 3 0 0 2 1 0 0 4 12
0 3 5 3 2 14 7 0 12 4 0 3 0 0 0 17
0 6 5 0 0 0 13 0 0 3 0 0 2 9 1 0
4 5 10 3 0 0 5 9 0 0 13 0 14 1 0 0
0 32 5 0 0 7 6 10 3 12 0 9 5 5 0 22
15 2 4 6 9 8 7 0 19 1 0 0 3 0 7 1
9 2 0 0 0 6 1 3 0 5 7 6 15 18 0 9
3 0 0 1 4 2 23 0 3 0 0 2 0 6 0 5
0 9 0 10 0 8 7 2 3 0 0 0 0 0 7 4
