3 17 8 0 7 23 2 1 1 0 15 2 0 16 1 12
0 10 5 7 8 0 4 5 10 4 0 4 7 3 8 0
0 4 10 0 6 1 10 1 13 0 0 6 3 11 0 5
13 2 1 0 3 0 6 0 0 4 18 5 1 2 6 0
0 0 0 0 1 2 0 3 10 0 0 2 4 1 3 13
0 0 9 0 0 15 0 0 0 0 0 23 0 0 1 0
1 15 2 0 15 2 10 6 4 0 0 0 0 0 6 19
0 4 3 1 0 6 10 2 0 10 0 5 0 0 8 9
0 12 1 13 3 16 2 1 0 0 16 3 0 18 7 6
0 12 2 1 6 0 11 0 4 1 0 7 16 2 5 2
6 16 4 1 0 16 3 1 14 0 3 2 0 3 0 7
19 0 0 0 14 0 22 0 0 0 14 0 6 10 0 8
0 0 0 0 0 5 0 0 26 0 5 0 0 1 1 17
0 0 5 0 19 14 0 2 0 8 0 12 0 0 2 0
12 11 0 0 21 2 5 3 3 0 0 0 0 0 0 14
0 0 5 5 3 3 5 0 0 10 0 19 0 0 17 0
