0 0 3 0 0 0 1 0 4 5 5 0 0 3 21 0
6 7 0 3 18 19 0 9 0 3 0 15 0 22 0 0
0 10 0 0 0 0 2 0 1 0 2 16 3 1 2 0
5 0 0 6 4 17 19 5 0 0 0 2 20 2 0 14
4 0 0 0 0 0 0 0 0 0 11 0 0 0 0 2
0 12 0 0 0 0 0 2 0 11 0 0 0 0 3 0
16 5 0 0 0 5 4 0 4 0 0 0 3 14 0 0
11 0 0 0 0 0 0 1 0 4 1 0 2 0 0 8
10 0 0 19 4 0 28 19 0 3 5 17 0 0 0 0
9 0 8 0 5 9 0 0 12 0 0 7 0 4 0 0
7 0 5 0 4 6 4 0 0 7 1 9 3 2 0 0
0 0 0 0 0 8 0 0 11 0 17 0 0 8 0 7
0 0 3 0 2 19 7 0 9 0 0 0 16 0 0 0
7 0 0 0 0 0 0 9 0 0 0 0 0 0 0 0
0 0 0 19 0 2 12 0 17 14 0 0 0 6 0 12
28 0 0 0 0 1 4 0 7 8 17 0 0 0 0 8
