0 13 0 0 0 0 0 0 0 0 0 0 0 0 0 0
0 0 0 0 0 1 0 7 0 0 8 0 4 6 0 4
0 0 18 0 0 8 0 0 0 0 2 0 4 0 1 1
0 0 0 10 0 0 8 0 0 4 0 0 0 8 0 0
0 0 0 2 0 0 0 0 0 1 0 9 0 0 0 0
0 0 4 0 0 0 0 0 0 0 0 0 0 0 0 0
2 0 0 0 5 0 0 0 0 0 0 0 0 0 0 8
0 21 0 1 0 1 2 0 0 0 10 0 7 0 0 0
0 0 0 0 28 0 0 0 0 0 18 0 8 0 0 0
0 0 1 6 5 0 0 13 0 0 0 0 0 0 0 0
0 0 0 0 6 4 1 0 0 0 0 0 11 0 0 0
23 0 0 3 0 0 0 7 3 1 7 0 0 0 0 0
0 0 0 0 2 0 0 8 0 2 0 0 0 0 0 0
6 0 2 0 0 0 0 1 0 0 3 0 0 0 0 0
0 0 0 0 0 3 0 0 0 15 2 0 0 13 13 0
0 0 1 33 0 0 2 0 0 8 0 0 28 0 0 6
