0 0 0 0 21 0 9 11 0 12 0 17 0 22 24 1
0 3 21 2 6 11 0 0 0 0 0 43 6 0 35 7
1 11 5 7 0 0 0 9 9 0 0 4 0 14 46 16
0 7 8 1 5 7 11 0 7 0 0 0 1 0 7 0
0 0 0 0 14 18 0 21 0 31 2 13 0 0 14 0
0 0 0 5 0 54 0 0 15 3 21 0 0 25 21 4
0 4 0 15 0 8 8 0 37 0 7 7 22 2 24 18
0 7 1 0 0 2 17 0 21 0 20 1 0 0 0 13
0 4 3 8 0 5 24 11 20 31 2 0 0 3 0 5
10 17 0 0 11 21 3 0 0 0 0 0 0 10 1 0
13 12 0 5 0 27 0 3 0 0 0 0 0 2 14 0
0 17 0 3 3 0 1 0 0 13 0 10 7 17 9 0
0 0 10 19 18 9 0 2 4 0 6 0 14 0 0 0
16 0 0 18 0 3 0 0 0 0 25 0 0 0 3 0
0 0 10 0 2 1 0 7 0 0 4 10 1 0 20 2
0 1 0 0 0 3 9 0 0 0 0 10 6 0 0 4
