3 0 0 0 1 0 1 1 9 4 3 0 4 0 0 0
0 2 1 3 0 1 1 0 0 0 0 2 1 0 0 0
0 4 1 0 7 0 0 0 0 1 0 0 0 0 1 0
0 0 0 0 0 0 0 0 1 0 0 1 0 1 0 0
3 6 0 0 1 0 2 1 5 0 3 0 3 4 2 0
1 2 6 3 0 0 3 0 0 0 0 4 2 3 0 0
1 4 0 0 7 0 0 0 0 0 0 0 0 0 0 0
0 0 0 0 0 0 0 0 0 0 0 0 0 0 0 0
4 10 0 0 4 0 1 2 8 0 4 0 3 5 5 7
2 5 7 2 0 3 6 0 0 5 1 5 2 9 3 0
1 5 2 0 14 0 0 0 0 7 0 0 0 2 3 0
0 0 0 1 1 0 2 0 0 0 4 5 0 8 0 0
4 10 0 0 4 0 1 2 8 0 4 0 4 5 5 6
2 5 6 2 0 2 6 0 0 5 1 4 1 8 3 0
1 5 1 0 13 0 0 0 0 6 0 0 1 2 3 0
1 0 0 2 1 0 2 0 0 0 4 5 1 8 0 0
