8 0 1 3 11 5 7 1 5 3 2 4 1 8 1 10
1 9 0 5 12 4 0 1 1 14 8 5 5 9 1 8
0 12 13 6 5 0 8 2 3 10 9 3 1 11 9 4
6 9 1 12 7 0 0 2 0 4 3 3 6 2 2 14
26 2 1 3 2 1 3 3 1 0 3 5 3 3 1 4
4 10 1 3 9 34 4 0 7 4 2 3 12 0 5 3
4 2 1 4 9 2 0 1 7 1 7 0 0 0 2 4
9 1 17 4 17 0 0 2 4 8 3 1 2 0 9 8
4 1 1 0 15 5 8 2 6 9 1 18 2 4 5 2
4 0 8 1 3 21 6 2 9 13 2 1 8 0 9 1
10 11 5 5 14 8 0 1 3 1 1 3 3 1 4 10
3 2 3 2 5 5 0 3 3 0 6 5 1 1 1 4
2 3 9 9 11 1 1 16 2 14 0 5 4 25 6 13
4 10 0 0 5 5 5 3 5 6 3 2 4 0 3 0
22 2 3 1 0 0 1 0 7 1 18 11 6 13 0 14
0 1 1 7 2 4 5 28 4 3 3 4 0 1 2 0
