10 0 2 6 3 25 0 0 16 5 3 13 6 0 4 19
0 0 0 0 12 0 0 11 24 4 17 0 15 0 11 2
12 15 33 0 4 7 0 0 20 2 9 28 13 39 0 2
0 25 8 13 0 27 7 15 0 7 6 0 0 16 11 0
1 0 0 0 2 0 9 40 0 9 0 4 0 0 0 0
2 24 0 1 1 0 20 0 0 1 29 0 0 0 23 0
8 6 8 0 25 0 12 0 9 3 0 0 0 13 0 22
11 0 0 0 1 4 0 3 2 19 21 38 0 20 9 9
11 0 0 7 0 21 4 0 16 3 0 15 0 4 0 2
0 0 3 2 15 16 5 17 22 3 0 0 0 3 3 3
7 16 33 0 0 0 0 0 21 0 0 24 9 43 0 3
0 31 4 12 0 29 0 4 0 4 14 2 0 20 0 0
0 16 5 0 0 0 11 41 3 24 0 0 0 7 2 0
9 21 0 0 0 7 25 0 0 0 24 0 0 0 25 0
14 9 0 0 27 0 10 0 15 0 0 0 0 4 0 22
21 0 6 0 0 0 0 3 9 0 29 32 0 24 12 1
