14 0 0 0 29 0 34 10 11 7 4 0 1 0 19 0
0 14 10 16 0 4 11 0 0 0 0 13 0 0 78 0
18 68 5 0 8 0 0 0 0 25 0 0 22 39 20 0
40 0 0 14 10 0 10 0 12 0 0 2 75 16 0 15
20 1 0 0 28 0 13 9 15 0 6 0 1 1 12 7
9 21 25 14 0 4 2 0 0 13 4 18 22 3 83 0
16 74 14 0 15 0 0 0 0 17 0 0 29 40 29 0
40 0 0 11 9 0 18 0 12 0 8 2 76 7 0 8
19 3 0 0 25 0 12 9 16 0 6 0 0 3 12 7
9 16 25 7 2 7 3 0 0 21 6 18 23 0 83 0
19 74 14 0 13 0 0 0 0 16 0 0 30 40 27 0
35 0 0 4 9 0 16 0 11 0 9 4 78 8 0 7
20 4 0 0 27 0 10 8 19 0 6 0 2 6 10 7
12 17 26 13 0 5 1 0 0 21 4 18 25 5 85 0
17 76 14 0 16 0 0 0 0 14 0 0 28 39 27 0
43 0 0 17 12 0 19 0 11 0 11 6 77 7 0 8
