1 13 2 0 39 0 3 13 0 1 0 0 0 0 11 0
4 0 13 0 26 0 0 0 0 0 0 5 0 7 23 12
23 0 0 7 0 2 0 0 10 0 0 9 0 28 43 6
0 4 8 0 13 8 0 0 0 15 0 0 21 0 0 1
0 4 0 7 9 10 0 0 0 34 1 3 0 10 7 0
0 0 0 1 2 13 0 0 10 41 0 0 0 0 35 6
0 42 3 17 0 19 0 10 25 0 24 7 21 1 0 0
3 3 13 3 0 6 22 0 13 0 28 0 0 0 0 0
13 16 2 1 23 5 6 3 0 27 34 0 21 7 0 4
13 0 0 0 0 0 0 2 0 0 1 9 2 3 3 0
2 0 11 0 0 29 0 3 0 0 21 0 9 0 24 0
0 1 5 0 4 0 5 0 4 17 0 29 13 8 15 13
13 0 9 37 0 7 0 7 7 0 0 2 12 0 0 0
27 0 0 22 3 34 0 5 0 2 4 0 0 0 25 0
0 6 1 29 12 7 8 9 0 1 0 27 7 0 0 9
0 4 23 0 5 34 0 11 0 6 20 12 34 0 2 8
