1 0 18 0 0 2 0 0 6 3 26 17 1 18 12 7
0 0 0 3 0 23 0 6 6 5 6 0 11 18 10 0
9 5 8 3 5 6 0 10 15 5 0 12 1 7 0 4
0 7 0 5 0 5 0 4 18 0 0 0 0 15 9 8
25 0 0 0 7 0 10 8 6 5 0 7 8 2 0 0
2 6 2 5 26 13 17 0 0 3 2 12 0 6 8 0
2 10 5 0 7 9 27 3 11 9 0 6 9 2 0 6
1 5 3 17 2 20 5 0 9 2 9 1 0 1 6 7
6 0 10 3 0 4 2 0 1 1 0 9 0 21 0 0
0 0 5 1 6 3 0 5 7 2 1 5 0 20 2 2
9 1 8 0 7 4 0 4 12 6 2 7 6 12 0 4
0 10 0 2 0 5 2 3 13 1 8 0 21 14 0 3
27 0 5 0 0 0 7 4 11 2 0 0 8 0 0 0
4 10 4 0 0 2 11 0 20 11 2 12 0 2 7 2
2 3 7 0 9 2 15 3 6 0 0 0 2 0 0 0
1 1 7 0 4 0 7 0 12 0 6 3 0 5 5 8
