20 0 0 2 0 0 10 5 18 0 0 1 9 0 7 15
0 0 5 23 0 0 2 0 3 0 0 0 0 0 2 12
0 0 3 1 0 0 0 19 6 8 5 3 0 0 0 0
11 1 0 0 0 0 3 0 0 0 19 0 0 2 0 0
2 6 0 0 0 0 6 8 0 0 7 6 0 0 0 0
1 5 6 20 5 17 0 12 0 1 0 0 0 2 0 0
0 3 6 11 4 5 2 0 8 7 17 5 0 6 5 0
0 19 0 8 4 6 0 4 5 0 1 1 31 0 0 6
7 3 0 0 9 0 12 0 4 0 0 1 0 0 7 10
0 0 4 21 0 0 0 0 4 0 0 0 0 0 2 12
3 2 2 10 3 0 0 11 6 10 5 0 0 0 0 2
0 3 0 0 0 0 3 0 0 0 18 0 0 3 3 0
0 6 0 0 0 0 6 6 0 0 7 5 0 0 0 0
1 7 3 24 0 13 0 13 0 0 1 0 0 0 0 4
0 2 6 7 3 7 5 0 11 2 7 0 0 4 5 0
7 0 0 0 1 0 0 3 9 0 3 0 22 0 0 8
