3 17 3 3 7 0 5 0 4 0 0 0 0 12 8 5
13 0 7 26 0 0 9 2 0 19 6 0 4 19 4 0
0 12 2 0 0 1 4 9 10 0 0 5 0 0 2 7
16 2 4 0 6 4 0 12 0 0 7 0 0 11 0 7
1 3 9 8 21 2 0 0 0 0 1 15 4 0 4 6
0 11 25 2 4 0 4 4 7 0 0 20 7 21 4 0
19 6 0 13 0 16 6 18 2 7 29 25 2 0 3 1
33 1 21 6 0 2 2 0 1 9 8 3 1 2 13 7
8 3 1 17 0 0 1 4 9 0 0 0 0 7 4 7
14 3 6 0 6 0 1 3 0 11 3 8 6 7 3 0
0 7 5 0 0 12 9 5 3 0 0 4 0 0 8 0
30 12 5 0 13 11 0 12 0 0 4 0 0 6 0 9
1 4 13 3 19 7 0 0 0 0 11 12 16 2 5 10
0 15 27 5 4 5 3 8 14 0 0 2 2 0 0 0
21 2 0 19 9 9 24 18 0 0 0 23 9 0 7 5
24 0 2 0 10 4 0 0 7 20 4 0 2 4 12 3
