0 0 0 16 0 0 5 2 0 13 0 0 3 11 6 7
3 8 8 8 0 8 5 0 0 0 2 0 0 0 0 0
0 15 0 3 0 6 8 10 14 9 1 8 11 2 1 0
0 16 0 0 0 0 0 0 4 3 0 0 0 0 0 4
0 0 0 12 0 0 7 5 0 0 2 0 0 0 17 9
27 0 3 6 1 2 6 9 0 1 7 0 0 0 9 1
0 4 3 0 0 0 0 0 0 0 0 0 9 0 12 23
0 0 2 4 0 2 0 4 2 0 1 0 1 1 0 6
8 3 7 0 6 0 7 0 0 0 1 7 0 14 6 2
3 6 3 5 4 0 0 0 0 0 4 5 2 0 0 0
3 2 1 15 8 0 0 0 0 0 0 0 0 9 0 0
0 7 1 15 0 0 6 0 4 0 1 0 0 0 1 5
0 3 6 15 0 1 1 9 3 0 5 6 2 0 0 3
5 5 0 0 9 0 0 6 2 4 0 5 5 3 0 5
0 0 0 9 0 2 0 0 0 0 6 6 13 9 0 0
2 0 0 0 0 0 14 4 6 1 0 1 0 1 16 0
