0 0 0 0 0 0 0 0 0 0 0 0 0 0 0 0
0 0 0 0 0 16 0 0 0 0 0 0 4 6 0 4
0 0 12 0 0 0 0 0 0 9 2 0 0 0 0 0
0 0 0 4 0 0 10 0 0 0 0 0 0 0 0 0
0 0 0 0 0 0 0 0 0 0 0 0 0 0 6 0
0 0 0 0 0 0 0 0 0 0 0 0 0 0 0 0
2 0 0 0 0 0 0 0 0 0 0 0 0 0 0 3
6 21 6 1 0 0 2 0 3 0 17 0 12 0 0 1
0 0 0 0 23 0 0 0 0 0 18 0 9 0 0 0
0 0 0 7 12 0 0 2 0 0 3 0 0 0 0 0
0 0 0 0 1 4 1 9 0 0 0 0 11 0 0 0
1 0 0 0 3 0 0 2 0 5 0 0 0 0 0 0
0 0 0 0 3 0 5 12 0 2 0 0 0 0 0 0
0 0 26 0 0 0 10 0 0 0 3 0 0 0 0 0
0 0 0 0 0 2 0 0 0 3 2 0 0 21 13 0
0 0 0 26 0 0 2 0 2 8 0 0 29 0 0 3
