14 0 2 23 10 0 0 0 6 0 9 10 0 24 0 4
0 0 0 10 0 0 0 10 0 0 18 0 8 0 9 0
13 0 0 1 0 30 8 0 0 0 0 4 0 0 1 0
9 10 6 0 8 9 5 0 0 9 14 0 1 12 0 0
0 3 0 0 10 18 2 0 2 0 0 0 5 3 1 7
0 0 0 4 26 6 0 0 0 0 0 13 0 0 0 0
0 2 0 17 5 0 5 0 6 2 8 0 0 0 17 0
0 0 0 0 0 0 0 6 0 0 1 0 11 5 0 0
22 5 0 5 0 6 29 0 4 0 0 0 1 2 3 1
0 0 0 0 2 3 0 0 13 7 0 7 0 0 4 8
0 17 7 0 0 2 0 9 5 0 0 4 7 0 7 6
12 8 0 0 0 0 0 0 0 0 31 0 0 0 0 5
0 0 0 8 1 7 0 4 0 0 8 1 0 0 0 0
7 0 4 0 3 5 16 0 5 0 1 7 0 0 0 0
0 0 1 3 5 15 0 0 0 18 6 7 5 7 7 2
1 15 0 0 0 0 10 0 0 0 6 5 0 0 19 0
