9 40 0 35 9 0 13 40 0 0 0 0 0 11 0 0
0 0 0 0 0 0 12 0 8 53 4 0 19 28 36 0
3 0 5 12 15 0 0 8 0 0 0 58 0 8 2 0
0 18 0 0 8 0 2 18 8 0 0 19 0 4 0 40
0 0 0 0 6 12 20 15 1 0 16 18 7 0 0 33
0 0 26 0 0 15 0 0 10 14 25 0 0 0 3 0
0 17 0 13 19 0 0 14 0 0 0 0 0 0 15 0
7 0 35 0 8 26 18 0 14 19 0 16 0 0 15 31
16 0 0 10 0 17 0 31 0 0 0 0 0 0 0 0
0 0 0 0 0 0 8 0 0 0 0 0 0 13 0 0
0 0 0 0 5 0 2 0 0 13 6 0 0 31 28 0
0 0 0 0 0 19 0 8 6 0 0 7 0 32 5 0
0 0 4 0 0 0 1 0 0 8 11 0 9 0 0 13
0 0 0 0 0 0 6 0 0 7 0 0 0 0 1 17
21 0 0 1 15 0 0 0 0 0 0 0 0 23 0 0
0 0 0 0 1 5 23 0 1 10 0 0 11 0 0 6
