-13 9 -10 -3 22 -2 2 15 -11 -6 -21 -7 -11 -13 -15 11
-21 -2 11 -10 -5 -27 23 -12 -7 10 -11 -14 -15 -10 -9 -15
2 3 -24 -2 5 32 -30 0 22 -11 -1 -2 -6 7 -1 -24
-14 1 -1 5 -10 -2 19 -26 4 7 -14 -19 -12 -16 -4 8
5 -12 -6 -20 14 2 4 2 33 -2 -12 -9 -34 -10 1 5
-11 5 14 -17 -6 20 1 -22 -14 23 45 1 0 4 -7 -8
37 -9 7 -26 4 -1 -2 1 13 -5 -16 4 -8 -5 3 9
-10 8 36 -4 12 -8 -8 -7 8 22 8 6 1 6 -16 27
-14 3 -30 5 -9 -10 -13 -12 0 -18 12 -18 -1 -13 -26 5
3 14 23 -3 -10 -4 -2 -7 21 7 -8 7 -26 16 -23 5
-14 -20 -2 -4 -16 -7 -7 33 28 0 -13 18 2 -14 -24 -7
-19 3 -3 -7 -16 -2 -3 1 -1 -15 -17 -2 46 3 -12 -29
-28 -28 -18 -14 1 7 -12 -1 7 6 1 19 -10 -2 -16 -4
-1 -14 -19 2 24 -1 -17 -13 -8 28 0 3 -4 -4 25 -26
37 -6 -4 11 0 -1 -26 0 -13 -3 12 66 27 10 11 -3
-10 74 -15 -26 5 -18 -16 -3 11 -4 -21 0 0 0 -3 -6
