0 0 15 30 0 0 0 0 0 0 0 0 0 0 0 6
13 0 0 0 0 0 0 0 0 0 0 0 0 0 0 0
12 0 2 13 0 6 0 0 0 0 0 0 0 4 38 0
0 0 0 0 0 0 0 0 0 0 0 18 0 0 0 0
0 0 0 0 0 24 6 11 3 0 0 0 11 0 0 0
0 20 0 0 0 0 0 0 0 0 3 0 0 0 0 0
0 5 7 0 0 12 0 0 0 0 16 0 0 20 12 0
0 0 0 7 0 0 0 0 4 0 0 0 0 0 0 5
0 0 0 0 7 0 0 0 9 2 0 0 0 20 0 3
0 0 16 0 0 6 0 0 3 6 0 2 5 11 0 12
0 0 0 0 0 0 5 0 0 0 0 0 0 0 7 0
0 0 14 1 0 10 0 0 0 8 0 0 0 0 0 0
0 6 0 0 0 0 0 0 0 0 28 0 5 0 0 0
0 0 0 0 0 0 9 0 0 0 4 7 0 0 0 0
0 0 0 0 0 0 0 0 0 0 0 0 5 0 0 0
0 0 0 27 0 0 0 0 2 0 0 0 0 0 0 0
