4 0 0 4 4 0 1 0 0 0 0 0 0 0 0 0
0 2 0 2 0 0 0 0 3 0 0 0 0 3 3 5
0 10 0 1 9 0 0 9 9 0 0 1 0 0 0 14
2 0 0 10 0 0 0 0 0 0 0 1 4 6 0 0
0 0 0 2 0 2 0 0 0 4 18 12 4 1 0 0
0 13 0 0 0 3 0 0 0 0 0 0 0 0 0 6
0 9 0 0 3 0 0 4 0 0 0 0 0 0 0 0
0 0 0 4 7 0 1 3 0 0 14 0 3 0 0 6
2 2 0 0 0 0 0 2 0 0 7 0 0 0 2 0
1 3 0 3 0 2 2 2 3 1 0 0 0 0 0 0
0 0 0 0 1 0 0 6 4 0 0 5 0 1 5 0
5 8 3 0 10 0 0 0 3 2 1 0 0 0 0 0
0 0 0 0 0 0 8 0 2 0 2 0 3 2 0 0
0 8 3 0 7 8 0 1 0 2 0 3 0 0 9 0
0 7 0 0 0 0 0 0 0 0 0 11 0 0 0 0
0 0 7 0 0 0 0 0 1 2 0 0 0 0 4 0
