0 0 12 17 2 0 0 0 0 0 0 0 0 0 0 0
2 0 0 0 0 0 11 0 7 0 0 0 0 4 0 0
10 0 8 16 0 19 3 0 0 0 6 0 0 2 40 0
0 0 0 0 0 0 0 0 0 0 0 7 0 0 3 0
0 0 0 0 0 17 14 6 3 0 0 0 9 0 0 0
0 7 0 0 0 0 0 0 0 0 0 0 9 0 0 3
0 3 11 0 0 9 0 0 7 8 14 0 1 18 6 0
0 0 0 0 0 0 0 0 8 0 0 0 0 0 0 3
0 0 0 0 5 0 0 9 3 3 6 0 1 5 0 0
0 0 21 0 0 0 0 0 9 5 0 0 0 0 0 12
0 0 0 0 0 0 24 8 0 11 0 0 0 0 0 0
0 0 8 1 0 7 10 0 0 0 2 0 0 0 0 0
0 3 0 0 0 0 0 0 0 0 8 1 1 0 1 10
4 0 0 0 0 0 0 0 0 0 8 0 2 2 1 0
0 0 0 0 0 0 0 0 0 0 3 0 14 0 0 0
0 0 0 20 0 2 0 1 0 0 0 0 0 0 0 0
