0 0 0 0 0 0 5 3 0 0 0 24 0 0 30 6
0 0 21 2 0 0 3 0 0 0 0 0 0 0 37 14
0 0 22 1 0 0 0 6 28 27 5 3 0 9 0 0
0 9 0 0 0 0 2 0 0 0 19 0 0 18 0 0
0 0 0 0 0 0 24 32 0 0 8 8 0 0 0 0
2 10 0 31 0 11 0 1 0 2 0 0 0 11 0 0
0 0 10 0 6 9 22 0 8 0 2 0 0 0 6 0
0 0 0 0 2 0 0 4 0 0 40 1 8 0 0 11
0 3 0 0 0 0 2 0 0 0 0 25 0 0 29 0
0 0 12 0 0 0 0 0 1 0 0 0 0 0 39 21
3 2 23 10 3 0 0 0 6 29 5 0 0 8 0 0
0 0 0 0 0 0 1 0 0 0 18 0 0 18 3 0
0 0 0 0 0 0 24 21 0 0 10 5 0 0 0 0
2 12 0 33 0 0 0 1 0 0 0 0 0 0 0 4
0 2 8 0 6 8 24 0 11 0 0 0 0 2 6 0
7 0 0 0 3 0 0 5 0 0 40 0 0 0 0 15
