0 0 10 0 17 0 1 1 0 6 2 11 0 10 15 1
0 0 18 0 7 2 4 0 0 0 0 45 0 5 36 6
11 5 16 8 0 0 0 9 1 0 0 5 0 17 24 4
0 11 5 0 1 10 0 0 1 6 0 0 21 0 4 0
1 0 4 0 25 0 0 13 8 26 9 14 0 0 14 0
0 0 0 5 0 41 0 1 21 10 9 0 0 19 34 0
0 11 0 29 0 29 0 9 27 0 12 9 20 6 29 19
2 2 10 0 0 2 25 0 7 0 35 0 0 5 4 9
0 12 0 4 0 0 14 1 11 24 3 0 4 2 0 11
0 17 0 0 0 0 0 0 0 6 0 0 9 17 0 0
1 11 0 0 0 32 0 2 0 0 0 0 1 6 32 0
0 3 3 3 4 7 4 0 0 22 0 0 3 5 2 0
0 0 5 16 10 2 0 25 4 0 24 2 18 0 0 0
9 3 0 24 0 0 0 0 0 0 23 0 0 0 0 9
0 7 14 0 2 3 0 4 0 0 0 17 6 0 12 8
0 0 0 6 1 1 7 0 0 12 0 11 12 0 0 0
