4 43 12 0 0 0 0 26 0 4 0 0 0 0 0 36
0 24 5 0 0 11 8 21 2 0 0 4 0 6 10 0
0 0 0 0 0 7 0 5 23 0 0 30 4 17 0 1
24 0 0 10 24 0 0 0 18 0 0 0 0 13 0 22
0 0 11 17 13 0 26 0 7 0 0 0 0 5 0 4
1 19 0 14 0 10 0 0 0 0 15 0 5 0 0 0
12 0 27 0 0 0 6 0 0 0 0 0 0 0 0 15
0 0 25 0 7 0 4 4 0 5 3 0 0 0 0 0
0 1 12 0 0 0 8 8 6 0 0 0 3 0 0 15
0 8 0 0 0 0 0 0 18 0 25 16 0 0 16 0
0 0 0 0 2 0 7 36 27 5 0 14 2 0 12 0
0 0 0 0 5 0 1 0 1 0 0 0 37 10 6 0
13 6 13 0 2 0 0 0 0 0 0 26 0 11 0 3
0 5 4 0 17 23 0 5 6 16 0 0 0 0 10 0
2 6 1 11 0 13 0 12 0 0 0 6 0 0 11 9
1 38 0 0 0 5 3 0 6 0 0 1 20 0 0 7
