12 0 0 0 0 0 14 0 0 0 0 0 0 0 0 2
0 0 0 3 0 0 0 0 2 1 0 0 0 0 12 0
0 0 0 0 3 0 0 5 13 0 0 0 0 0 0 8
0 2 14 9 0 0 0 0 0 0 0 0 0 1 0 1
0 0 0 0 0 0 0 0 0 0 13 0 8 13 0 2
0 5 1 0 0 0 0 0 0 0 3 0 0 0 0 0
0 7 0 0 0 0 0 0 0 14 0 0 0 0 0 0
0 0 0 0 0 0 0 0 0 0 7 0 0 0 0 0
12 8 0 0 0 0 0 0 0 0 13 3 0 0 0 0
4 12 0 0 0 2 0 0 0 0 0 0 0 0 0 0
0 0 0 0 0 0 0 3 0 0 0 0 0 14 0 0
0 0 0 0 23 1 0 0 0 10 7 0 0 0 0 0
0 0 0 0 0 0 0 0 0 0 0 0 0 0 0 0
0 0 0 1 0 0 0 7 0 8 0 5 0 0 20 0
0 15 7 0 0 0 0 0 0 0 0 0 0 0 0 0
0 0 0 0 0 3 0 0 0 0 0 0 0 0 5 0
