1 0 0 0 0 14 0 0 0 0 16 29 0 0 0 1
0 0 0 0 0 0 0 0 0 0 0 0 17 0 0 0
0 10 0 0 0 0 20 0 0 0 0 0 0 0 0 0
0 0 0 0 13 0 9 0 0 13 0 4 0 0 0 0
0 12 0 10 0 0 0 0 0 9 28 0 0 0 0 0
0 0 0 5 0 0 0 0 0 0 0 0 0 0 0 0
0 1 2 0 0 26 12 0 54 0 12 0 0 0 0 0
0 1 0 0 0 0 0 0 0 0 0 0 0 13 6 0
0 21 0 2 1 0 19 0 8 0 0 0 14 2 0 0
0 8 0 0 0 0 0 4 0 0 0 0 8 0 6 0
0 0 0 0 0 0 0 0 0 0 0 0 12 9 0 13
0 0 0 0 0 0 0 0 6 0 0 0 0 0 0 0
0 0 2 0 0 0 0 10 0 0 0 0 0 0 8 17
2 0 5 0 0 0 0 0 0 0 0 6 0 0 0 0
0 0 0 0 0 0 0 0 0 0 0 10 21 0 0 0
0 0 0 0 16 0 0 0 0 0 8 0 0 0 5 3
