-8 -1 1 2 3 -3 2 -1 2 6 7 0 8 -2 2 4
-6 15 4 -3 -14 11 12 2 -3 -12 2 10 11 8 4 18
2 0 -1 5 -12 8 -9 5 -6 -26 -6 6 -1 7 22 1
-9 -14 -2 -40 -5 2 5 -7 3 -12 -1 -10 -2 -2 4 -19
-13 -12 -9 2 12 -12 -20 -1 -2 5 -1 -6 -7 -7 6 -13
10 -21 -5 6 -7 51 -10 -6 23 13 -6 -4 1 -3 -5 -7
-1 6 -5 -19 -11 -10 3 0 -5 -8 -13 9 7 5 4 -2
-16 1 -15 1 17 -1 8 0 2 0 13 -2 4 -2 -7 -4
7 6 -7 -2 -19 -4 14 2 10 15 7 -45 -4 -1 -7 -2
-5 6 4 0 1 19 -9 -8 -5 7 -5 -1 -12 4 -2 -3
6 0 -9 -10 -11 3 -2 -4 -1 -3 -2 -4 -5 -9 12 -8
-3 -3 -9 -2 -4 -11 8 -10 -4 5 -14 10 -1 -2 -2 -4
-3 6 -2 1 7 0 -4 10 8 15 2 -5 1 -39 1 -3
-5 -2 -10 7 -2 10 -1 7 4 -7 -2 -3 -14 -3 -10 3
-16 -10 2 -5 4 2 -6 -9 -18 -6 -2 18 1 2 6 -21
-12 -10 -2 -6 5 -3 -7 19 -8 16 -7 8 3 2 7 0
