5 3 1 0 34 6 7 0 2 5 2 2 0 16 0 0
1 0 0 0 0 9 0 0 0 0 12 1 0 13 4 10
0 18 1 0 0 17 0 0 0 0 7 11 0 11 0 0
3 0 0 7 0 0 4 0 0 0 0 0 0 0 2 4
0 34 0 0 1 20 2 1 6 13 3 11 3 6 0 0
0 6 0 18 0 0 0 20 0 11 10 5 13 18 0 1
0 0 6 0 3 30 3 14 8 0 0 2 0 0 3 0
9 0 0 8 10 0 2 0 0 1 0 2 0 5 3 0
0 0 0 16 6 5 0 3 0 12 0 0 0 0 5 0
9 0 2 0 11 1 0 0 2 0 6 6 0 16 0 0
0 3 4 1 11 4 0 0 0 3 0 0 0 4 0 0
0 0 6 10 0 0 0 13 0 0 30 1 0 0 0 0
27 0 0 0 0 0 3 24 0 0 13 0 9 0 0 0
0 0 16 0 13 10 4 0 0 0 0 20 7 17 2 0
0 21 2 0 0 17 49 0 10 7 0 0 0 6 0 0
3 2 11 0 0 0 0 7 0 0 5 0 0 0 0 0
