0 0 14 0 0 7 0 0 1 0 15 0 0 0 0 0
0 0 0 0 3 0 4 0 0 0 0 0 0 0 0 0
0 0 0 1 0 8 4 0 9 0 0 0 0 0 0 0
0 0 0 0 3 0 0 0 4 7 5 0 2 0 0 0
0 0 0 0 10 1 0 0 0 0 0 0 0 0 0 3
0 7 0 0 6 0 0 0 0 0 0 0 0 0 0 0
0 0 0 0 5 0 0 3 3 0 0 0 0 8 0 0
0 0 0 0 0 0 0 0 0 1 0 0 0 0 5 0
0 0 0 0 0 0 0 0 4 0 0 0 2 0 0 0
0 0 5 0 0 0 0 0 0 0 0 6 3 0 0 0
0 0 0 0 0 0 0 4 0 0 0 0 0 0 0 0
1 12 0 0 0 0 0 2 0 0 1 0 0 4 0 1
0 0 0 8 0 0 0 0 0 0 0 0 0 0 0 0
2 1 0 0 0 4 4 0 0 1 0 0 0 0 0 0
0 0 0 0 0 0 0 0 0 0 0 0 2 0 0 0
0 0 0 0 0 0 0 0 3 2 17 0 0 0 8 0
