16 0 3 0 0 0 0 4 0 0 0 0 0 3 0 0
7 0 4 1 0 1 0 10 2 0 7 4 7 3 5 0
0 13 0 0 0 0 1 0 0 17 2 0 5 0 4 0
9 3 0 0 1 0 3 0 0 0 3 1 0 13 5 0
10 0 0 0 0 0 0 0 0 0 5 0 6 2 0 0
4 14 0 0 0 0 3 0 0 1 0 3 0 0 1 0
0 7 0 0 1 0 1 1 0 3 2 0 2 0 0 3
15 0 23 1 4 0 4 0 0 2 0 1 0 4 2 2
0 4 0 5 14 0 0 3 5 0 0 11 2 3 5 0
8 0 0 0 0 0 9 13 0 0 0 0 1 0 0 0
0 4 0 0 0 5 2 0 11 0 0 0 9 0 0 0
0 0 0 11 0 0 0 1 0 8 0 0 0 2 12 1
5 0 11 2 0 0 3 10 0 0 0 3 0 12 5 10
2 0 0 0 0 1 0 3 6 0 4 0 1 4 0 0
7 1 2 0 3 23 4 0 14 2 0 4 4 1 0 4
0 11 5 1 0 0 3 6 2 0 10 0 4 0 0 4
