0 0 0 0 0 0 4 1 0 15 0 17 23 15 0 0
0 14 33 0 0 37 0 1 0 0 0 6 22 0 29 0
0 12 0 23 3 0 0 0 0 0 2 15 11 0 6 0
18 0 0 33 0 0 0 0 18 16 2 40 0 28 0 0
0 0 0 0 13 0 7 0 2 19 0 15 21 0 0 10
0 0 3 0 6 38 0 10 0 0 8 4 20 0 24 0
0 11 0 11 0 0 0 0 0 0 4 0 0 0 0 0
0 0 0 0 1 0 0 0 19 14 0 23 0 17 0 0
0 0 0 0 4 0 5 0 3 18 0 13 29 0 0 3
0 2 7 0 10 32 0 15 0 0 12 8 15 0 31 0
0 6 0 10 0 0 0 4 0 0 0 0 0 0 0 0
0 0 0 0 7 0 0 0 13 3 0 24 0 24 0 0
0 0 0 2 7 5 0 0 6 16 0 15 24 0 3 6
0 17 0 0 6 27 0 0 0 0 14 4 18 0 19 0
0 6 0 16 0 0 0 0 0 0 17 0 7 0 0 0
0 0 0 0 0 0 0 0 14 1 0 24 0 9 0 0
