18 19 0 0 12 2 10 15 0 4 3 2 0 14 0 1
0 3 2 0 0 4 0 1 0 0 5 2 17 0 11 0
0 3 0 5 0 2 0 12 0 0 1 13 0 0 1 0
1 0 0 19 0 0 0 0 4 0 2 10 0 1 0 5
0 0 0 0 8 0 1 3 0 5 2 6 19 0 3 3
0 13 3 6 2 8 0 5 0 0 1 1 6 0 3 0
0 5 0 6 0 0 0 7 0 0 10 0 0 0 5 0
8 0 0 5 0 0 0 0 19 14 5 1 0 28 0 0
7 0 2 0 12 0 3 0 1 16 9 0 2 0 0 4
0 13 4 6 9 9 0 1 0 0 12 1 0 0 6 0
0 5 0 0 0 0 0 0 0 0 4 0 0 0 2 0
0 0 0 16 8 0 0 0 7 8 10 12 0 18 0 0
0 0 1 0 10 8 0 0 0 10 0 2 7 0 4 11
0 12 0 0 6 6 0 9 0 0 1 4 4 0 4 0
0 5 0 1 0 0 1 4 0 0 2 2 5 1 0 0
0 1 0 6 0 0 0 0 15 2 3 4 0 16 0 0
