6 1 0 0 11 16 6 8 54 0 0 0 0 0 0 0
0 17 2 0 16 0 0 0 0 0 10 0 4 15 0 0
12 0 0 0 0 0 0 3 0 0 0 0 0 10 0 12
0 0 0 0 0 3 0 8 0 0 3 0 0 0 24 0
1 0 0 0 1 7 0 0 0 0 0 50 0 0 21 0
0 0 0 0 0 0 11 33 0 24 19 14 11 0 0 0
0 0 0 12 0 1 0 0 1 0 0 0 12 0 7 5
0 0 6 0 0 0 0 9 0 15 0 40 0 0 0 0
24 0 0 0 2 0 0 21 0 0 0 11 0 0 0 27
0 7 0 6 0 0 16 22 0 6 0 5 8 5 0 6
15 0 0 0 0 14 0 6 0 0 12 0 0 0 1 0
0 0 4 0 0 0 8 20 4 0 0 0 13 24 13 0
3 0 8 5 26 0 0 0 0 0 0 11 0 0 0 0
0 16 0 0 0 7 11 0 0 0 0 23 0 0 0 15
4 0 0 0 18 13 5 0 19 0 27 0 0 0 0 13
0 0 0 9 0 0 0 16 16 0 0 0 16 20 0 0
