7 26 33 14 2 25 17 0 0 8 0 5 21 18 27 6
0 0 26 0 13 0 0 0 0 0 0 12 0 54 9 3
0 0 0 0 0 0 0 0 0 0 7 0 6 37 21 21
0 17 6 0 0 0 0 0 0 0 0 0 34 0 0 0
9 26 31 0 3 0 0 22 4 4 0 0 0 0 31 9
0 0 0 3 6 0 0 43 0 0 18 18 4 0 1 0
60 15 0 0 0 0 0 11 0 0 3 0 0 24 14 0
0 24 0 7 0 1 0 4 0 33 6 0 7 3 3 0
0 33 50 0 0 23 0 0 0 0 0 0 0 9 25 1
0 0 1 8 3 11 0 0 0 0 2 8 24 42 0 44
0 0 0 0 0 0 0 0 9 1 0 2 0 21 33 0
0 36 3 0 0 0 0 9 0 28 0 0 22 0 16 20
0 38 35 9 0 0 0 4 0 0 0 13 35 4 11 0
0 4 14 0 4 0 66 0 0 0 22 1 0 0 0 9
0 7 8 0 1 0 8 11 0 13 0 0 0 28 20 30
0 15 0 0 0 7 0 0 0 23 6 0 43 11 0 0
