0 0 0 0 0 2 0 0 0 0 0 0 4 0 12 0
0 0 0 9 7 0 0 0 0 0 0 0 0 0 0 0
0 0 0 1 11 0 0 0 0 0 0 0 0 0 0 0
0 0 0 0 6 0 2 0 0 0 0 0 0 0 0 0
0 0 0 0 0 2 0 0 5 0 0 0 0 0 0 0
0 0 0 0 0 0 0 0 0 0 0 0 0 0 0 0
0 0 0 0 0 0 0 0 0 0 0 0 0 0 0 0
0 0 0 0 0 0 0 0 0 0 1 0 0 0 0 0
0 0 5 0 2 0 0 0 0 4 0 0 0 0 0 0
0 0 0 0 0 0 0 0 0 0 0 0 0 0 0 0
0 0 0 0 0 0 0 0 0 0 0 0 0 0 0 0
0 0 0 0 0 0 4 5 0 0 0 0 0 0 0 0
0 0 3 0 0 0 0 0 0 0 0 4 8 0 0 0
0 0 0 0 0 0 0 0 0 0 0 0 0 0 0 0
0 1 0 0 0 0 7 0 0 10 0 0 14 0 1 3
0 0 0 0 0 0 0 0 2 0 0 0 0 0 12 0
