0 0 0 0 5 0 14 16 0 4 1 2 4 9 4 11
0 20 4 0 8 25 10 0 0 0 0 13 1 10 8 9
3 10 17 18 0 0 0 1 4 0 0 17 3 5 5 14
0 4 2 0 0 1 0 0 13 1 0 2 6 0 6 0
10 1 0 2 2 9 0 10 4 21 7 13 0 0 1 1
0 0 0 0 0 53 0 5 7 1 13 0 3 1 22 4
0 3 0 4 0 12 10 1 1 4 11 0 5 4 12 5
0 3 18 0 11 0 10 4 3 0 22 0 0 0 14 7
0 7 1 1 0 5 12 3 4 16 3 0 5 0 0 2
1 3 0 1 2 22 0 0 0 0 0 0 8 12 0 0
16 12 0 2 0 3 0 0 0 0 0 0 0 0 13 0
0 0 4 0 4 1 2 0 0 13 0 15 1 0 4 0
5 10 0 17 14 7 0 20 2 0 10 2 10 0 0 0
1 3 0 13 0 4 0 1 0 0 2 0 0 0 0 11
9 0 6 0 15 1 0 7 0 0 10 3 1 0 1 5
0 0 1 3 13 1 2 8 0 8 0 9 7 2 0 0
