9 2 22 48 31 23 1 38 2 19 2 19 17 23 4 32
10 1 28 7 18 5 16 17 7 2 4 31 10 26 3 22
19 19 6 13 22 59 6 25 16 3 5 26 2 0 0 40
0 9 29 7 21 30 6 37 14 31 23 22 2 11 3 15
22 8 6 13 11 6 7 15 37 32 13 28 10 12 12 3
15 35 14 1 8 4 2 30 1 15 10 13 5 5 24 11
29 12 29 5 19 34 4 2 8 49 20 31 3 2 2 5
10 34 9 1 6 49 1 17 8 8 8 5 33 9 2 27
9 17 17 2 1 17 0 2 5 2 26 22 8 4 4 0
12 5 19 3 7 6 3 2 45 18 1 2 6 4 22 25
8 15 67 12 7 8 5 3 21 9 17 24 19 34 2 22
15 10 15 5 13 21 15 11 28 15 30 9 12 34 2 8
16 49 8 16 27 38 11 6 13 2 25 3 11 2 26 5
35 18 0 29 13 2 4 6 49 17 9 3 16 5 21 10
41 11 10 8 5 11 11 11 2 0 26 29 31 13 0 6
16 58 4 19 2 1 11 34 28 4 5 20 23 15 8 9
