5 0 0 7 0 0 2 0 0 0 3 0 0 3 0 7
0 6 0 0 2 0 0 0 4 1 0 0 0 0 0 13
11 0 3 7 0 4 0 0 3 5 1 0 0 0 15 6
0 0 0 3 0 5 0 7 0 0 0 1 0 5 4 3
2 8 0 0 0 0 4 0 0 0 0 4 0 0 0 0
0 0 12 0 4 0 6 0 0 0 0 0 12 0 0 0
0 3 0 0 0 3 3 0 0 21 5 6 4 0 0 0
1 0 7 7 0 0 0 0 0 3 5 0 1 6 1 0
0 13 0 10 0 20 0 0 0 6 4 0 1 11 0 0
0 0 0 1 7 0 11 0 7 0 0 1 4 0 3 5
0 3 0 0 0 0 9 0 0 0 0 0 0 0 0 0
3 0 7 0 0 6 0 0 0 0 0 3 0 6 4 1
3 0 0 7 9 0 5 4 8 0 0 0 0 0 0 0
1 0 0 0 5 0 0 3 0 0 7 0 3 10 19 0
5 0 2 0 4 20 0 0 0 12 0 0 10 0 0 0
5 0 0 7 0 10 0 0 0 6 4 2 0 7 0 3
