-1 -5 10 -2 7 21 3 0 7 0 0 3 7 4 2 -17
0 -7 -20 8 -11 8 -13 -1 -18 5 5 1 4 -6 -4 3
-1 6 1 -9 12 22 8 -5 -5 -3 -16 -8 -5 5 -14 -4
-10 -5 -3 -4 12 2 -3 -7 -5 -10 5 -9 -5 -4 9 7
2 0 -3 -4 -6 10 14 33 1 24 12 13 8 2 25 32
3 -6 1 -5 -4 -2 9 -5 2 -5 -11 -8 -10 -8 -14 -21
6 -18 -10 -7 -4 -21 -10 9 -7 -11 -13 21 29 1 18 14
-6 25 -5 6 15 17 1 2 2 -9 10 12 13 6 39 -10
-9 -8 9 -18 -13 -5 -24 -13 -14 -8 3 -11 -6 -10 -17 -2
3 -11 -17 -10 -21 -2 14 6 -10 15 0 8 -3 6 -12 -7
3 -6 -12 2 -6 -7 -11 -17 -13 7 1 3 2 -15 -8 0
-4 -1 -3 -7 -19 -12 -7 -2 -22 0 -5 7 -4 -4 1 4
5 -11 7 -3 -2 -6 -11 8 6 2 3 13 7 -8 -1 -5
12 -5 4 -5 -6 -7 -2 -12 7 1 2 4 -5 -6 1 -1
-12 -15 8 9 9 21 -8 2 -9 4 5 -4 -1 -7 -13 -19
-3 -20 0 1 -5 7 -7 -7 0 -5 -11 -5 2 -2 24 -16
