-14 3 -30 -24 22 -10 1 15 -13 -14 9 -1 2 -16 -21 15
-26 -5 -5 -13 8 -16 4 -11 -11 1 -16 -2 -5 -27 -66 -6
-8 5 -16 -15 -4 29 -44 -19 27 -11 -3 -6 -3 -1 -4 4
-15 -1 21 -3 -3 -11 11 -21 6 4 -6 -8 -15 -11 -1 -15
6 -9 -1 -17 14 4 1 -12 12 1 -21 -12 -19 -5 1 3
-11 -12 30 -12 -8 6 -9 -32 -14 43 28 2 -13 3 1 -9
27 -12 -8 -32 9 2 1 2 20 -5 -9 15 -6 -4 3 6
-9 4 28 -2 19 4 -2 4 19 19 4 5 20 6 2 23
-10 -1 -17 9 -14 -8 -9 -6 -4 -16 1 -17 -4 -2 -34 -2
4 11 11 0 9 -10 4 -7 8 12 -2 25 -26 1 -30 2
-27 -6 34 -5 -4 -10 -7 26 14 -5 3 20 -11 -7 -20 -5
-10 7 3 -5 -10 -1 -1 -7 -23 -22 -10 -8 15 20 -12 -21
-10 -28 -17 -12 -2 19 -23 -8 -5 3 8 17 -10 -7 -24 -3
-3 -27 -11 -5 16 -7 -18 -7 -27 19 3 0 -4 -5 -3 -19
25 1 -4 14 -7 3 -15 -4 -12 7 18 32 22 25 9 -11
-8 92 -21 -30 2 -3 -9 -23 -2 -3 -14 -9 -10 8 -19 -8
