0 1 6 0 0 22 9 2 0 12 0 4 2 15 1 1
12 0 0 6 9 0 2 9 3 1 15 6 0 0 27 16
1 3 17 13 6 13 5 0 7 27 23 19 29 0 0 2
28 2 8 5 0 18 2 15 23 22 32 50 13 36 11 10
8 16 0 16 11 26 0 1 10 1 6 3 20 1 5 0
8 0 12 8 4 11 0 2 7 6 1 10 0 4 0 3
0 5 0 16 6 1 0 0 4 5 10 28 9 18 1 0
0 12 2 0 13 2 0 1 4 0 0 35 6 8 25 19
0 31 5 0 7 0 0 9 1 0 23 30 22 14 7 3
7 15 0 0 19 0 2 22 3 19 34 3 1 31 8 0
0 0 15 13 3 1 13 10 13 5 0 19 7 0 4 3
1 7 8 5 12 0 1 10 1 4 2 8 0 0 0 20
0 1 0 7 10 0 1 2 21 16 9 1 0 5 24 20
9 17 1 5 1 0 0 16 25 12 8 14 15 17 7 0
5 8 18 31 16 28 0 17 9 19 0 1 0 5 0 1
0 0 2 13 13 3 10 0 16 1 9 3 0 0 0 7
