2 0 0 21 9 0 24 18 0 11 1 4 4 1 0 11
13 13 8 0 3 25 1 2 0 30 0 29 4 4 8 10
1 0 17 39 0 0 0 2 4 0 0 18 3 2 9 13
0 13 23 0 0 7 0 0 3 0 5 2 1 1 2 1
0 3 0 2 9 8 0 1 4 6 5 13 17 0 1 1
10 0 0 6 2 67 2 1 23 9 14 20 25 10 8 2
0 8 13 7 0 4 3 2 10 7 16 3 2 13 14 8
0 26 32 3 11 0 7 4 28 0 46 0 0 4 19 5
1 9 5 4 0 16 17 3 14 2 25 1 3 1 0 8
0 1 0 0 0 22 0 0 0 0 0 0 7 6 0 2
16 12 1 0 7 22 27 0 0 0 0 0 5 1 2 0
0 3 4 0 11 2 1 0 3 5 0 3 5 4 16 0
20 0 1 26 14 9 0 2 2 0 17 1 6 0 0 0
8 17 0 10 0 33 0 12 0 0 7 0 0 0 7 11
0 2 16 0 0 0 17 7 0 0 5 18 1 0 1 19
0 10 53 0 0 33 6 8 0 16 0 10 3 4 0 0
