11 0 6 4 0 0 0 1 8 2 2 0 0 0 0 0
2 0 4 4 6 1 0 13 2 0 0 3 6 0 5 13
0 0 0 0 2 0 1 11 0 19 9 0 7 0 4 22
25 0 0 0 1 0 9 0 0 0 3 4 0 9 3 0
10 0 0 0 0 0 0 0 0 0 3 0 19 0 0 0
2 12 0 0 0 0 0 0 0 0 0 3 1 0 3 0
0 13 0 7 2 0 2 10 0 4 3 0 2 0 0 0
4 0 27 4 18 0 2 12 0 1 0 3 0 16 8 4
0 6 0 0 6 0 0 5 1 0 0 11 2 0 3 0
8 0 0 0 0 0 10 4 0 0 0 3 0 3 0 0
0 4 0 0 0 0 2 0 9 0 0 0 0 0 0 0
0 0 0 6 0 7 0 0 0 4 5 0 0 11 9 0
5 0 11 1 0 0 1 7 0 0 0 8 0 6 0 4
6 1 0 0 0 6 0 3 6 0 5 0 2 5 9 10
0 6 2 0 4 14 2 0 6 2 0 4 2 3 1 9
1 0 1 0 0 3 12 3 3 0 11 0 9 0 0 3
