0 0 0 0 0 0 0 0 0 0 0 0 0 0 0 0
0 0 0 0 0 16 0 0 0 0 5 0 0 0 0 0
0 0 0 0 0 0 0 0 0 6 0 0 0 0 0 0
0 0 0 0 0 0 4 0 0 0 0 0 0 9 0 0
0 0 0 0 0 0 0 0 0 0 0 0 0 0 0 0
0 0 0 0 0 0 0 0 0 0 0 0 0 0 0 0
0 0 0 0 0 0 0 0 0 0 0 0 0 0 0 0
1 2 0 0 0 0 0 0 0 0 18 0 0 0 0 0
0 0 0 0 9 0 0 0 0 0 0 0 0 0 0 0
0 0 0 1 4 0 0 2 0 0 0 0 0 0 0 0
0 0 0 0 0 2 0 0 0 1 0 0 0 0 0 0
0 0 0 0 0 0 0 0 0 0 1 0 0 0 0 0
0 0 0 0 0 0 0 0 0 0 0 0 0 0 0 0
1 0 1 0 0 0 0 0 0 0 0 0 0 0 0 0
0 0 0 0 0 0 0 0 0 5 0 0 0 10 0 0
0 0 0 10 0 0 0 0 0 0 0 0 1 0 0 0
