17 2 4 0 0 0 6 0 1 4 1 3 0 0 0 5
3 16 3 0 2 0 1 0 5 3 7 0 0 0 0 0
0 2 4 3 0 2 0 19 0 4 0 12 1 0 1 2
17 4 6 2 5 8 6 0 17 0 7 3 12 10 12 0
0 4 9 0 10 5 3 0 0 0 0 0 9 2 0 6
0 6 0 0 0 6 6 0 0 10 1 6 5 0 4 3
7 3 6 5 8 0 0 0 1 0 0 0 0 3 0 23
2 10 18 25 3 9 0 0 15 3 1 5 2 0 0 7
4 10 5 3 4 8 0 6 0 2 4 2 8 0 0 0
8 0 1 17 0 10 0 0 3 7 0 7 13 0 0 0
0 0 8 0 0 0 0 2 22 0 0 0 0 0 0 0
3 6 8 0 0 0 0 6 0 1 0 0 0 4 4 0
15 0 9 4 9 0 7 5 5 0 1 18 1 0 2 0
1 0 0 1 13 0 0 0 2 0 0 0 0 10 0 4
7 0 0 12 2 55 0 19 6 0 1 0 0 4 0 31
0 30 0 4 0 10 0 5 1 0 0 28 0 1 14 19
