3 0 8 3 2 3 6 1 0 3 0 13 25 0 0 10
0 17 0 13 3 0 3 8 10 0 4 0 1 0 0 11
0 0 3 0 0 8 0 9 0 6 9 14 19 2 6 0
12 0 0 1 3 7 0 2 2 3 0 1 7 7 2 0
0 9 10 3 9 0 11 2 3 2 2 0 6 0 5 18
3 8 0 1 1 9 5 0 0 13 9 3 5 0 39 3
14 1 7 3 7 22 10 13 14 0 0 0 0 0 0 19
6 5 13 8 2 0 4 7 5 4 3 6 0 6 10 6
0 0 1 0 0 1 12 14 0 0 1 0 8 0 7 0
3 4 0 1 3 6 0 8 5 1 0 7 1 0 0 0
0 1 17 0 4 0 0 9 14 10 6 0 0 3 13 0
6 0 6 0 0 0 0 2 21 0 7 0 0 35 0 23
5 0 15 0 8 12 0 0 7 10 0 2 17 19 1 0
0 1 0 4 8 1 1 0 6 0 0 0 14 7 2 0
2 9 0 3 6 43 0 13 0 0 0 17 0 2 3 16
4 12 0 1 6 3 0 1 2 0 0 1 0 0 10 4
