0 37 0 0 49 36 32 11 12 0 0 0 0 18 0 2
0 1 19 26 0 0 0 14 0 20 1 14 0 13 0 36
0 21 16 1 0 1 35 27 20 0 0 0 10 14 0 4
0 0 0 0 3 0 21 0 28 15 29 0 0 6 12 16
0 20 0 0 7 0 0 15 0 3 0 20 0 0 13 54
0 0 0 0 0 14 0 11 0 0 0 9 0 0 0 51
7 20 11 0 0 10 17 8 51 0 0 0 0 8 9 0
0 0 13 22 6 14 15 0 5 0 0 26 0 0 45 0
0 26 25 0 23 7 28 21 9 0 0 8 0 15 0 0
0 0 27 23 0 0 13 4 0 19 0 23 6 11 0 48
0 26 10 10 0 14 32 31 22 0 17 1 0 10 0 15
0 0 0 5 27 0 0 0 0 4 13 0 0 0 0 0
0 14 0 0 6 17 0 0 0 16 0 9 0 21 2 43
0 0 0 0 0 0 0 21 0 0 0 11 0 0 0 4
24 27 0 0 0 30 1 11 39 0 0 0 0 10 24 6
0 0 5 34 0 10 8 11 3 0 20 39 0 0 19 0
