0 0 0 0 12 0 10 1 0 3 0 11 5 15 19 11
0 19 20 0 7 0 0 0 0 0 0 33 17 3 38 15
5 4 11 16 0 0 0 0 4 0 0 8 0 25 27 3
0 8 6 0 3 9 11 0 1 0 0 0 2 0 3 0
0 9 0 0 16 21 0 22 0 37 12 1 0 0 11 0
3 0 0 2 0 29 0 4 15 15 7 0 0 13 21 5
0 31 4 16 0 0 7 0 29 0 1 5 21 14 19 11
0 12 0 0 5 2 22 0 8 0 21 2 0 0 0 12
3 11 4 8 0 15 19 3 22 23 11 0 11 3 0 9
2 16 0 0 3 4 0 0 0 0 1 0 0 13 0 16
0 1 0 0 0 32 0 0 0 0 0 0 1 0 31 0
0 8 0 4 3 0 1 0 0 17 0 12 9 0 5 0
0 0 0 3 0 3 0 0 2 0 9 0 15 0 0 0
15 0 0 19 0 9 0 12 0 0 24 0 0 0 1 0
0 2 11 0 9 1 0 2 0 0 0 11 4 9 16 5
0 3 0 0 0 0 6 0 0 6 1 17 10 3 3 0
