1 0 2 1 2 0 0 11 1 0 1 0 0 0 6 0
4 0 1 4 0 2 0 3 0 0 4 8 6 0 8 0
1 6 10 8 0 0 15 2 0 2 2 0 0 8 0 0
0 10 0 5 0 8 1 0 4 0 7 2 0 0 3 0
1 7 0 0 0 9 0 6 0 0 6 0 0 0 2 0
0 0 0 0 0 0 0 2 0 3 0 0 0 0 0 13
0 0 0 0 12 0 0 0 0 0 5 1 0 12 2 0
13 0 0 0 5 0 0 0 0 1 0 2 0 0 0 0
1 1 0 0 0 3 3 1 1 0 3 0 3 0 18 0
0 6 12 0 0 0 0 1 2 8 0 0 0 0 0 2
0 0 0 9 4 0 3 3 2 0 0 0 0 7 9 0
6 4 0 0 0 5 3 11 0 0 1 0 0 0 4 11
11 0 2 0 4 0 0 0 3 0 0 17 0 7 0 2
0 0 0 1 0 0 0 2 2 0 0 0 0 3 0 4
0 1 0 0 5 0 5 0 0 1 0 4 1 1 0 0
1 0 5 0 0 0 3 5 0 7 0 0 0 0 1 0
