2 0 9 29 0 0 16 0 0 8 0 29 0 15 0 0
28 0 12 0 0 0 8 0 0 2 0 0 0 6 0 0
0 0 0 0 0 0 0 0 20 0 0 0 0 14 8 14
0 0 9 0 0 0 18 0 0 0 0 7 0 14 0 34
0 0 0 0 22 0 7 21 4 15 1 5 9 0 7 0
8 21 0 6 4 0 0 20 0 0 0 6 0 0 0 0
0 9 29 6 0 0 2 7 0 4 0 0 0 0 0 0
10 0 11 0 0 0 0 0 28 0 0 9 0 0 0 16
0 0 10 15 0 0 6 0 2 11 15 28 0 12 0 0
26 0 13 0 0 0 4 0 0 0 0 0 0 0 0 0
0 5 1 0 0 0 0 3 0 0 0 0 0 9 11 0
0 0 0 0 22 0 23 16 0 0 1 7 0 0 0 0
0 0 6 15 0 0 6 21 11 11 0 5 0 9 7 0
3 25 0 0 0 11 0 13 0 0 0 6 6 4 0 0
0 0 12 0 0 0 2 0 0 0 0 0 0 2 0 0
46 0 2 0 0 0 0 13 35 0 0 5 0 0 0 22
