20 0 0 2 0 0 10 6 17 0 0 5 5 0 11 8
0 6 4 23 0 0 3 0 3 0 0 0 4 0 7 10
0 0 0 5 0 0 0 24 8 17 19 0 0 13 0 0
11 1 0 0 0 0 0 0 0 0 18 0 0 7 0 0
2 6 0 0 0 0 12 11 0 3 10 2 0 0 0 0
1 14 6 30 5 20 0 3 0 3 0 0 0 5 0 0
0 3 13 11 3 7 2 0 19 7 15 4 0 6 9 0
2 19 0 8 9 6 0 0 4 0 1 8 38 0 6 10
7 8 0 0 9 0 13 0 4 0 0 9 0 0 17 10
0 3 7 21 0 0 3 0 5 0 0 0 0 0 6 11
9 0 3 10 2 0 1 11 6 20 12 0 1 14 0 2
0 3 0 0 0 0 2 0 0 0 25 0 0 12 0 0
0 4 0 0 0 0 16 13 0 5 10 0 0 0 0 0
0 13 3 35 0 13 0 13 0 0 1 0 0 1 0 0
0 4 14 7 9 12 1 0 23 2 7 0 0 6 8 0
16 0 0 0 5 0 0 2 9 0 5 8 22 0 10 13
