2 1 4 1 17 2 3 0 2 6 3 2 1 6 0 1
2 0 1 6 12 4 4 2 3 10 7 6 3 9 1 4
0 14 5 0 9 3 2 4 3 9 8 3 1 7 7 5
6 8 2 16 6 0 0 2 0 4 2 6 0 2 2 12
22 1 2 1 4 0 1 2 3 0 3 4 1 8 2 5
1 6 2 4 9 28 4 2 14 5 6 3 2 4 2 6
2 6 0 3 2 2 0 2 5 0 4 0 0 2 1 8
8 1 14 0 17 0 0 1 1 7 4 4 3 3 5 5
3 5 2 4 13 0 5 3 3 5 2 16 0 3 2 8
4 0 3 0 1 22 5 5 6 8 1 1 2 0 7 1
6 10 5 5 9 2 5 3 1 0 1 2 5 3 2 1
0 1 1 1 2 3 0 2 1 0 4 4 2 1 1 23
5 2 6 1 2 1 2 10 1 11 0 0 1 28 6 19
3 5 6 0 4 2 10 3 2 0 4 5 1 6 2 0
10 1 5 3 0 0 1 1 5 1 10 14 1 9 0 13
2 1 0 9 2 6 1 21 3 16 2 5 0 1 2 0
