0 0 2 23 1 0 0 0 6 0 4 27 0 24 0 20
0 0 0 10 0 0 0 7 2 0 11 0 3 9 3 0
0 0 0 0 0 16 3 0 7 0 0 0 0 0 0 0
15 0 1 12 8 4 4 0 0 4 2 0 5 12 0 0
0 6 0 0 10 18 2 0 2 0 0 0 0 4 1 8
0 0 0 4 9 6 0 0 0 0 0 13 5 0 0 0
0 0 0 13 5 0 5 0 5 4 8 0 0 0 7 0
0 0 0 0 0 0 0 6 0 0 3 0 14 7 0 0
9 5 0 5 0 6 33 0 7 0 0 0 3 2 0 0
0 0 0 0 3 2 0 0 15 3 0 7 0 0 1 0
0 17 10 0 0 1 0 8 0 0 0 4 7 0 7 0
25 8 0 0 0 0 0 0 0 0 23 0 0 0 0 5
0 0 0 3 0 0 0 4 0 0 8 1 0 0 0 0
7 0 9 0 3 9 13 0 5 0 0 10 0 0 0 0
0 0 1 16 5 8 0 0 0 9 6 0 5 1 14 2
11 15 0 0 0 0 10 0 0 0 3 0 0 0 19 0
