0 0 10 2 0 0 12 20 0 0 11 0 0 0 9 0
1 0 0 0 0 6 3 26 6 8 0 28 1 0 0 0
4 0 3 0 5 1 0 12 0 0 3 5 0 5 10 0
8 0 0 12 6 11 26 20 0 0 0 6 4 11 0 17
3 0 0 0 0 0 12 4 15 0 1 14 0 0 0 23
0 14 0 0 8 4 0 2 0 0 0 0 0 0 16 0
19 0 0 0 0 19 3 6 0 0 0 0 0 13 0 0
9 17 0 0 2 0 0 3 0 27 0 3 20 0 0 15
0 0 0 0 21 0 7 0 0 21 15 22 0 2 0 0
0 0 3 5 0 0 0 0 0 0 4 0 5 3 11 0
18 4 2 0 0 9 3 0 0 4 0 0 5 8 0 0
18 0 0 0 10 9 10 0 18 0 26 8 0 11 6 2
0 0 4 0 0 0 1 0 0 0 0 5 2 0 0 0
3 0 0 0 0 2 0 8 0 0 0 0 0 0 0 8
0 0 0 25 4 33 14 0 0 11 0 0 0 0 0 19
18 0 0 0 0 15 19 0 0 21 10 12 0 0 0 0
