0 0 16 0 11 0 0 12 0 0 0 0 0 0 0 0
0 11 0 4 0 0 0 0 9 0 0 0 0 0 13 0
0 19 0 4 0 0 0 0 0 5 0 3 0 0 3 0
0 0 0 0 0 4 0 0 0 0 0 0 8 0 0 0
0 16 0 0 0 3 2 0 16 10 2 0 0 0 0 0
1 0 0 0 0 33 0 3 38 0 0 0 0 0 0 0
0 0 8 26 0 0 0 7 2 0 0 6 0 0 0 0
0 0 5 6 0 0 0 0 0 0 0 0 0 0 0 13
5 0 0 0 0 0 0 3 0 0 0 0 0 0 0 0
8 0 0 34 0 0 0 1 0 15 21 8 0 0 6 0
0 0 0 0 0 0 6 0 0 0 40 3 0 0 0 14
0 0 0 0 0 0 0 0 0 0 5 0 0 0 0 3
0 0 0 3 15 0 0 0 0 0 3 0 0 0 0 4
0 19 0 21 14 0 21 16 0 6 0 1 0 0 10 0
0 6 0 0 6 0 19 8 0 0 2 0 0 3 12 0
0 0 0 0 7 39 0 3 24 0 42 0 0 5 25 0
