0 34 6 0 0 5 11 20 0 7 0 0 0 25 8 14
0 4 1 0 0 18 0 20 0 0 0 5 0 0 0 0
0 5 0 0 0 1 0 0 1 0 0 16 19 8 3 0
10 15 0 16 0 6 0 0 27 0 0 0 8 24 0 16
0 0 5 18 1 0 51 0 3 0 0 0 0 9 6 0
0 0 0 10 0 4 0 0 0 0 23 0 31 0 0 0
1 0 11 0 0 10 29 0 5 0 0 0 0 0 0 5
1 4 10 0 56 0 2 0 0 16 1 0 0 0 0 25
0 21 0 5 0 0 2 5 12 0 0 0 0 0 1 25
0 0 0 0 0 0 0 0 21 0 6 3 1 0 6 0
0 4 0 0 0 0 20 45 10 1 0 29 33 0 3 34
0 0 0 0 0 0 1 0 0 0 0 0 3 22 0 0
19 0 19 0 0 0 0 0 0 7 0 17 0 8 0 0
0 5 9 0 37 15 0 0 0 18 0 0 6 0 29 0
2 0 6 4 9 0 0 10 0 0 0 18 0 4 22 24
11 34 0 2 0 6 0 0 0 4 0 5 0 0 6 0
