0 19 0 0 1 3 3 6 0 4 0 11 25 0 0 10
0 7 0 13 0 0 3 0 11 7 2 0 0 0 0 2
0 12 0 0 0 14 0 0 3 0 0 0 10 1 13 1
6 0 1 7 0 22 0 0 6 1 0 2 0 1 0 0
4 3 8 6 4 0 3 3 10 7 0 0 4 0 5 3
0 0 5 1 6 4 4 0 0 9 7 12 9 0 39 0
7 3 11 5 0 21 21 17 6 0 0 5 0 0 0 20
4 1 1 11 22 3 3 12 4 7 6 0 0 0 16 9
0 10 3 6 0 5 7 13 0 0 5 1 0 0 0 2
1 0 0 4 1 0 0 0 8 3 8 14 0 1 0 0
0 0 15 0 0 0 0 10 11 8 13 3 0 0 16 0
3 4 0 0 0 0 0 0 32 0 7 0 2 13 9 25
11 0 17 11 14 0 1 0 0 6 14 6 35 10 0 0
0 0 9 0 6 0 0 0 0 3 0 0 0 3 3 0
3 8 1 7 6 33 0 3 0 5 11 9 0 2 1 6
17 3 0 0 2 7 0 0 0 0 0 14 0 1 3 9
