5 4 12 0 32 2 7 0 2 5 2 2 0 4 0 0
2 0 0 2 0 0 0 0 0 0 11 0 0 0 15 10
0 18 1 0 0 17 0 3 0 0 7 11 0 11 0 0
3 0 0 16 0 0 5 0 0 0 0 0 0 0 2 4
0 34 0 2 0 30 0 1 6 13 0 20 3 6 0 0
0 9 0 18 0 0 0 3 0 0 10 5 13 18 0 0
0 0 6 0 0 5 3 11 8 0 0 9 0 0 3 0
2 0 0 11 13 5 16 0 0 1 0 2 0 6 15 0
0 2 0 16 11 6 0 3 0 14 9 0 0 0 4 0
5 0 3 0 11 0 0 0 4 0 5 11 0 16 0 0
0 16 4 8 11 9 0 0 0 0 15 0 0 0 8 0
0 0 6 1 0 0 6 13 0 0 18 1 7 0 0 0
8 0 0 12 0 8 3 24 0 0 31 0 0 0 0 0
0 0 0 20 3 0 20 0 0 0 0 20 2 17 2 4
0 21 2 0 0 17 52 0 10 7 0 0 0 6 0 0
3 8 5 0 0 0 0 7 0 0 11 0 0 0 0 0
