0 0 3 0 0 4 7 28 0 4 0 1 1 23 0 21
0 22 11 2 0 3 0 6 0 0 0 6 0 6 0 4
0 4 0 0 0 0 0 17 0 0 5 7 0 10 0 0
6 2 0 6 0 0 1 0 0 0 0 0 9 0 0 16
0 16 15 20 12 0 25 0 5 0 0 0 3 10 23 1
0 0 0 7 0 0 24 0 1 8 30 0 11 4 2 5
1 2 13 0 0 0 23 0 0 1 0 0 0 0 0 0
0 0 21 9 33 0 2 0 0 9 1 6 0 0 6 0
0 0 1 0 0 2 4 0 17 0 0 0 0 0 1 4
0 11 13 0 2 0 0 0 11 0 28 15 0 0 0 0
0 4 0 0 2 17 22 26 10 0 0 37 40 0 0 3
0 0 1 2 0 0 18 0 0 0 0 0 28 0 0 0
16 25 5 0 0 0 6 0 0 12 0 25 0 14 0 4
0 0 22 0 0 15 1 0 13 0 0 0 0 3 2 0
0 9 5 1 0 0 0 7 0 0 32 20 0 6 17 24
0 26 0 0 0 0 0 0 0 4 0 21 0 7 14 0
