2 16 0 14 9 5 1 1 2 13 6 26 20 9 1 4
15 2 3 17 3 12 3 9 4 5 8 10 8 19 2 20
7 24 31 16 20 1 3 11 12 2 10 13 14 2 13 0
2 17 14 2 5 6 18 8 0 27 2 6 0 2 1 14
4 5 2 9 14 15 11 11 23 8 8 11 14 2 15 20
12 6 26 5 17 12 4 5 11 10 2 7 14 10 11 3
4 8 16 6 2 4 5 1 14 11 10 18 1 20 5 6
27 28 16 11 20 27 12 15 25 0 6 6 16 1 6 27
4 6 5 2 8 1 5 11 24 3 3 12 7 9 7 10
15 11 7 29 0 1 8 38 27 8 13 17 7 14 10 29
0 5 15 3 2 12 24 7 6 12 7 10 4 2 6 5
5 20 10 10 4 6 2 11 19 23 11 19 0 5 17 14
0 9 3 17 7 16 7 6 8 18 14 7 2 16 1 14
7 9 2 0 5 18 7 5 13 23 24 1 18 7 12 3
1 3 17 21 1 18 0 10 8 8 18 27 7 4 10 2
17 2 0 21 8 23 7 10 10 12 6 4 24 4 10 17
