11 1 5 33 11 8 0 6 3 0 0 0 0 1 0 16
0 3 0 0 0 0 4 0 0 23 5 0 6 5 9 0
3 0 23 0 12 0 6 7 0 0 6 9 0 7 22 0
0 31 0 10 0 0 23 1 4 0 0 7 0 6 0 14
0 0 7 0 5 6 11 1 0 0 0 3 10 0 0 9
0 0 0 0 0 0 1 0 0 15 7 4 0 1 7 18
6 12 0 20 55 21 6 0 1 0 0 0 1 5 2 0
0 2 53 1 8 9 1 0 0 21 0 5 6 1 0 14
4 3 0 4 0 2 0 15 0 0 0 0 0 0 5 14
0 16 0 0 0 0 8 0 0 15 3 0 4 1 6 6
0 0 2 0 29 2 3 8 0 9 28 3 0 29 13 0
0 27 0 23 0 13 0 5 2 0 0 0 0 0 0 6
0 3 11 0 12 4 9 12 2 0 0 3 16 0 0 16
0 0 0 1 0 0 0 0 4 18 9 5 0 0 5 20
7 4 0 6 47 11 6 1 4 0 0 0 0 0 0 0
0 3 28 0 3 14 4 2 0 2 0 8 18 7 0 27
