2 11 8 0 10 4 15 12 2 0 13 5 0 10 1 3
0 4 2 13 0 0 0 0 1 18 0 13 7 4 5 3
0 2 6 0 2 4 9 10 9 0 0 2 0 0 0 3
26 3 1 0 6 0 16 0 0 3 22 4 1 10 0 0
13 0 0 0 7 2 0 3 20 2 6 8 3 8 5 7
7 0 16 0 0 14 0 8 0 0 0 7 0 0 5 1
2 10 4 0 15 5 0 8 2 0 0 0 0 3 1 17
0 1 6 0 0 2 0 0 0 11 0 4 0 0 8 7
0 13 12 6 4 0 2 7 0 0 12 0 2 15 5 0
0 8 4 8 1 0 2 0 3 14 0 5 16 10 5 8
7 10 0 3 0 9 3 4 8 0 5 0 1 0 0 6
23 0 0 0 17 0 21 0 0 0 29 3 10 2 0 11
0 0 0 2 5 5 0 0 26 0 5 10 4 4 13 6
0 0 5 0 0 2 0 0 0 11 0 8 0 0 2 0
16 9 0 0 21 4 0 5 3 0 0 0 6 0 16 14
0 0 19 0 2 3 4 5 0 12 0 6 0 0 7 0
