0 0 11 0 0 3 0 0 0 0 4 2 1 0 0 1
2 0 0 0 0 4 0 0 0 1 1 2 0 0 0 0
3 0 2 5 9 3 0 0 0 4 0 0 0 0 0 0
0 0 0 0 1 0 11 0 0 2 0 0 0 3 0 2
0 2 10 3 5 0 0 0 0 0 0 2 0 1 0 0
0 1 0 0 0 1 4 0 0 0 0 8 2 1 0 9
0 0 0 0 0 0 0 0 1 0 0 0 0 7 0 5
0 2 0 2 0 0 0 0 0 0 2 2 0 3 0 3
3 0 0 0 0 2 6 0 0 0 10 0 0 0 0 0
2 0 0 0 5 3 0 3 0 1 0 5 0 8 0 0
1 4 7 3 9 1 0 0 1 8 0 0 0 3 0 2
0 0 0 0 0 0 8 1 0 3 0 4 0 0 0 7
0 1 13 0 3 0 0 0 0 0 0 3 2 7 0 0
1 0 0 6 0 1 1 3 0 0 0 9 3 1 0 0
0 0 0 0 1 0 0 0 1 0 0 0 0 3 0 2
0 3 1 3 0 0 0 0 0 0 0 2 0 4 0 4
