0 20 1 0 0 17 1 3 1 0 0 14 31 0 5 4
0 22 2 10 1 0 1 3 10 0 14 0 6 0 0 11
0 21 3 0 0 13 0 0 3 0 1 0 3 2 33 0
11 14 0 5 1 5 0 0 5 0 0 0 2 5 0 17
1 1 11 0 13 0 4 0 11 7 0 0 7 4 1 12
5 0 1 5 0 8 8 0 0 4 12 22 4 3 55 0
7 3 4 6 0 22 19 14 18 0 0 0 0 0 0 13
3 17 1 12 14 0 2 0 0 5 4 1 0 4 12 5
0 3 10 9 0 1 15 11 0 2 0 2 2 0 7 14
0 1 1 11 1 6 0 0 23 0 1 13 0 0 0 0
1 0 15 0 0 0 0 19 32 7 10 9 6 0 11 1
3 1 0 0 6 0 0 0 26 0 5 0 5 20 1 24
5 9 21 0 4 2 0 0 0 3 4 1 24 18 1 2
0 1 4 3 11 0 3 4 0 15 0 0 8 0 20 4
6 12 2 0 8 25 0 3 0 0 3 14 25 6 2 26
3 12 0 0 0 6 0 3 6 2 2 19 4 0 1 2
