7 0 6 9 3 3 0 9 21 6 13 17 1 13 8 4
0 0 16 6 0 15 4 3 10 0 9 0 0 0 2 6
8 0 7 5 8 6 4 4 3 19 15 0 0 3 2 6
0 7 5 0 3 15 2 13 18 5 31 0 0 6 4 0
3 7 9 0 0 5 0 11 0 8 21 3 14 10 7 28
8 3 6 14 0 0 6 3 0 10 3 0 9 0 14 17
0 2 0 0 6 7 7 0 0 3 9 0 0 3 15 8
5 3 1 0 0 14 0 0 21 9 12 1 0 3 0 0
0 0 26 0 8 0 5 1 0 1 26 4 5 0 3 3
5 0 26 0 1 13 2 0 6 0 0 15 27 10 9 12
11 0 6 2 0 8 0 1 4 0 0 18 6 3 19 2
17 13 7 0 0 0 1 0 2 0 1 5 21 6 2 6
11 0 0 0 1 9 9 0 16 0 39 17 4 0 7 10
3 3 29 9 0 0 6 3 0 0 4 13 9 0 3 0
0 7 0 0 0 16 0 12 12 0 18 3 11 7 11 0
1 0 3 0 0 0 18 4 0 1 2 0 0 8 0 10
