0 0 0 0 36 6 17 0 1 0 8 0 0 10 0 0
15 7 6 0 0 1 0 0 3 2 3 13 2 0 0 0
7 0 0 0 0 0 0 0 5 5 0 4 0 0 0 0
12 0 0 0 2 0 0 1 0 0 0 13 16 0 2 0
0 10 0 0 0 0 0 4 15 0 0 7 0 16 0 12
0 0 0 6 18 12 0 0 0 2 0 0 32 0 8 10
0 4 0 0 0 0 0 0 0 0 12 19 7 15 6 0
0 41 0 0 0 0 0 4 0 4 6 2 0 2 9 7
2 0 19 0 0 3 0 0 0 0 5 6 15 0 0 0
0 12 0 0 14 0 13 0 0 4 0 0 0 13 0 0
0 0 0 0 14 39 0 18 4 0 17 0 0 0 0 3
0 18 0 2 0 0 0 0 29 1 11 0 0 1 0 0
0 11 0 7 0 1 0 16 10 1 0 9 5 9 0 0
0 8 0 0 0 0 5 29 44 1 0 8 0 0 0 0
0 0 11 16 0 2 0 11 5 0 0 0 5 0 0 0
0 0 8 4 0 0 0 5 4 9 0 0 0 0 0 0
