0 20 0 1 0 0 3 0 1 0 2 14 31 0 3 8
0 8 0 11 1 0 9 1 10 0 2 0 0 0 0 2
1 10 5 0 0 14 0 3 11 0 8 0 3 2 13 2
5 0 0 5 2 14 0 2 1 0 0 0 1 3 0 3
1 13 5 12 0 0 3 0 0 7 0 0 2 0 3 8
5 0 3 1 0 1 8 0 0 3 9 16 10 0 35 2
3 0 10 6 0 22 19 14 6 0 0 0 0 0 0 14
3 0 1 12 21 0 5 4 4 17 4 0 0 0 12 5
0 5 3 0 0 2 15 11 0 1 0 0 1 0 4 0
4 1 1 5 1 0 0 0 10 0 1 25 0 0 0 0
1 0 15 0 0 0 0 12 15 5 10 0 2 0 11 1
3 8 0 0 0 0 0 1 26 0 8 0 0 16 1 24
12 0 14 2 11 4 0 0 0 4 22 5 24 12 0 2
0 0 4 0 2 0 2 0 0 0 0 0 2 3 0 0
0 12 1 0 0 34 0 1 0 2 2 10 0 2 2 6
11 1 0 0 0 7 3 1 1 0 1 12 4 0 2 10
