3 10 9 15 24 2 16 5 10 18 3 10 14 11 8 19
16 1 19 8 16 11 4 1 13 20 10 14 11 9 31 2
14 37 31 14 11 6 24 33 4 23 24 26 37 13 28 21
35 60 48 1 23 20 45 14 35 35 52 25 32 20 29 16
20 64 38 35 39 2 18 7 14 25 13 13 6 4 6 8
14 0 6 5 8 12 10 2 4 10 0 3 8 0 5 4
10 8 16 9 18 10 7 14 18 7 6 6 24 5 1 12
17 0 23 8 12 5 4 16 11 8 3 7 5 22 32 4
8 7 4 35 20 18 19 11 8 2 7 28 14 19 19 14
9 5 12 21 18 3 26 3 1 5 8 1 1 4 3 13
6 14 8 10 16 8 6 1 15 3 17 11 19 20 4 1
20 24 5 16 23 20 9 3 21 1 2 2 4 19 1 9
8 16 4 8 10 8 17 4 3 6 8 0 6 1 7 4
20 20 5 5 9 7 3 11 15 1 8 8 12 16 11 7
17 15 4 10 6 0 16 8 18 12 5 12 5 12 16 18
4 15 10 6 4 5 18 9 6 8 20 7 10 7 20 5
