0 0 13 10 0 0 0 0 0 0 0 0 0 0 0 1
5 0 0 0 0 0 0 0 3 0 0 0 0 0 0 0
12 0 4 10 0 9 0 0 0 0 0 0 0 0 48 0
0 0 6 0 0 0 0 0 0 7 0 14 0 0 4 0
0 0 0 0 0 8 20 5 0 0 0 0 18 0 0 0
1 9 0 0 0 0 0 0 0 0 0 0 0 0 0 9
0 13 15 0 0 8 0 0 9 0 11 0 5 14 3 0
0 0 0 0 0 0 0 0 9 0 0 1 0 0 0 0
0 0 4 0 7 0 0 6 2 0 0 0 0 9 0 5
0 0 22 0 0 4 0 0 5 13 11 0 0 0 0 13
0 0 0 0 0 0 26 5 0 3 0 0 0 0 0 0
0 0 10 0 0 5 10 0 0 0 8 0 0 0 0 0
0 0 0 0 0 0 0 0 0 0 6 0 9 2 2 0
4 0 6 0 0 0 0 0 0 0 10 0 4 0 0 3
2 0 0 0 5 0 0 0 1 0 0 0 13 0 0 0
0 0 0 28 0 0 0 1 0 0 0 0 0 0 0 0
