26 0 0 23 0 34 18 0 0 0 0 3 10 1 12 29
5 9 0 0 0 0 20 0 14 0 0 5 6 0 0 0
10 0 0 3 0 0 0 0 0 0 11 0 26 0 0 0
9 6 0 0 1 0 0 2 0 0 0 6 0 0 0 0
0 8 0 0 0 0 0 23 0 22 0 0 0 0 0 19
0 0 0 0 8 0 20 0 0 0 16 0 0 12 0 0
0 7 20 0 0 0 0 0 8 17 0 42 0 11 0 24
16 22 0 0 2 0 0 0 5 3 0 0 0 10 0 0
0 0 0 4 0 0 19 0 0 0 0 0 0 20 0 18
0 16 0 0 16 7 25 0 0 0 0 0 0 0 0 0
0 2 0 13 0 2 0 0 17 0 13 6 7 0 0 2
45 0 0 15 0 0 21 26 0 0 0 0 0 0 0 1
0 5 0 0 0 0 0 3 0 18 0 0 29 10 0 24
0 0 10 0 0 0 9 0 0 0 0 0 0 32 0 0
9 0 0 0 0 13 7 0 9 0 0 52 0 4 0 0
8 0 0 0 11 0 0 0 0 0 0 0 0 22 0 0
