3 0 11 9 0 25 0 25 6 2 10 2 21 14 19 20
0 0 22 7 0 0 0 0 15 0 17 0 0 0 16 12
0 0 0 0 0 27 17 10 0 26 0 0 0 6 1 26
13 0 0 0 0 18 0 7 0 4 22 0 1 10 16 0
13 8 23 0 0 4 0 13 0 13 21 29 26 20 0 7
7 0 15 15 0 0 16 0 0 0 16 0 0 0 17 24
0 0 8 0 7 0 5 0 0 12 11 0 0 2 0 0
6 6 0 0 0 21 0 0 26 15 0 21 14 4 0 0
0 0 27 0 8 6 0 6 0 0 0 0 9 0 10 0
0 0 0 0 14 0 24 0 12 8 0 19 25 0 8 10
0 0 19 2 0 8 0 0 8 0 0 15 12 0 17 5
30 0 28 0 0 0 0 0 0 15 8 5 38 31 19 11
0 0 0 0 20 12 0 0 1 0 51 17 3 0 0 11
0 0 12 21 0 0 16 20 0 13 20 0 7 0 0 0
0 24 0 0 0 16 0 18 37 0 12 7 9 0 0 0
4 0 4 2 0 11 23 29 0 10 3 10 4 22 0 43
