0 0 14 0 2 7 0 0 3 0 8 0 0 0 0 0
5 0 0 0 0 0 0 0 0 0 0 0 0 0 7 0
0 0 0 1 0 6 0 3 0 0 0 0 0 0 4 0
0 1 0 0 2 0 0 0 0 0 0 0 2 0 0 0
0 0 0 0 10 1 0 0 0 0 0 0 0 0 0 0
0 0 0 0 0 0 0 0 0 0 0 0 0 0 0 5
0 3 0 0 9 0 0 0 0 0 0 0 0 0 0 0
0 0 0 0 0 0 0 0 0 0 0 0 0 7 1 0
0 0 12 0 0 0 0 0 0 0 0 0 0 0 0 0
0 0 5 0 0 0 0 0 0 0 1 1 4 0 0 0
0 0 0 0 0 0 0 0 0 0 0 0 0 0 0 0
1 12 1 0 0 0 0 1 0 0 3 0 0 0 0 0
6 0 0 0 0 0 1 2 0 0 6 0 0 0 0 0
1 0 0 1 0 4 4 5 0 1 0 0 0 0 9 0
0 0 0 0 0 0 5 0 0 0 3 0 7 5 0 10
0 0 0 0 2 0 0 0 3 2 5 0 0 0 0 0
