15 2 0 19 4 12 10 3 1 0 0 0 0 3 0 16
0 2 0 0 0 0 26 0 0 27 6 0 4 3 13 2
5 0 0 0 12 0 4 3 0 0 8 29 0 11 2 0
0 31 0 6 0 0 14 2 13 0 0 7 0 17 0 14
0 0 8 0 5 15 0 0 0 0 0 13 19 0 0 1
0 0 0 0 0 0 0 0 0 14 2 0 0 1 14 0
0 0 0 0 17 6 6 0 2 0 0 0 1 0 2 0
0 8 25 1 2 4 3 0 0 1 0 8 11 1 0 10
7 0 0 26 0 13 0 3 0 4 0 0 0 0 18 14
0 14 0 0 0 0 21 0 0 24 3 0 0 2 6 19
0 0 0 0 17 0 12 6 0 21 13 25 0 16 11 0
0 27 0 13 0 16 0 12 7 0 0 0 0 0 21 6
0 0 10 0 12 8 15 9 3 0 0 9 26 0 0 6
0 0 0 1 0 0 0 0 5 9 10 5 0 0 5 19
0 8 0 6 47 11 6 1 1 0 0 0 0 0 0 0
7 7 28 0 6 13 6 1 9 22 0 3 12 5 0 19
