8 10 4 2 10 0 0 0 10 0 0 14 0 0 0 0
7 1 4 0 5 0 0 0 3 0 12 0 1 11 0 0
11 1 2 10 0 0 0 3 0 10 0 2 0 0 2 2
0 0 0 11 0 4 0 10 5 0 0 1 6 0 4 9
1 26 1 0 0 4 0 5 0 8 8 3 11 6 0 0
0 3 8 6 5 0 2 0 0 4 0 0 3 5 0 2
3 14 2 0 18 0 4 0 9 9 5 3 5 4 0 2
8 4 10 7 0 0 0 0 3 6 2 9 0 3 0 1
8 18 0 29 0 1 9 0 0 2 9 0 0 0 0 1
1 0 0 23 0 4 8 0 1 0 0 2 1 0 0 2
3 8 10 3 0 0 10 1 0 11 4 0 0 0 4 0
0 0 16 10 0 3 0 0 0 0 0 0 0 7 8 0
11 2 1 6 1 0 13 0 1 1 3 0 0 0 0 5
0 0 5 0 5 0 1 6 0 1 0 0 8 1 11 1
0 4 10 0 0 15 0 0 4 4 0 0 7 0 0 0
0 0 0 4 0 13 11 0 0 4 6 9 16 0 2 12
