0 3 0 0 4 0 8 5 19 1 0 6 3 2 6 4
14 10 11 4 0 16 0 6 13 2 0 0 0 2 26 0
10 2 7 1 21 25 0 4 4 0 6 32 0 13 6 0
4 17 12 0 11 15 12 0 4 0 1 24 9 1 0 10
21 0 0 0 4 4 0 21 0 2 0 4 9 13 6 17
6 22 7 0 0 14 0 5 0 0 2 31 8 0 0 3
1 0 5 8 0 0 0 7 0 1 9 0 0 3 5 0
0 12 4 0 0 0 0 0 6 1 2 5 1 0 17 0
12 0 0 0 8 0 0 0 0 1 2 15 1 0 0 1
25 22 2 8 0 6 22 0 0 23 1 8 0 7 0 2
2 6 11 5 10 0 20 0 0 25 2 8 41 3 10 9
11 0 13 9 0 0 0 12 0 0 0 0 15 2 18 0
3 6 0 1 17 12 14 0 0 0 0 0 19 11 5 0
6 0 0 2 21 0 0 50 21 0 5 9 24 0 15 5
0 24 0 0 2 6 16 0 3 6 22 0 28 6 27 0
33 10 0 9 4 0 0 4 0 0 8 0 23 18 25 0
