3 5 1 0 2 4 25 6 0 17 0 6 1 5 0 0
2 1 0 0 3 6 7 0 12 8 0 9 0 3 0 0
0 2 11 5 1 0 0 0 0 5 0 10 0 0 11 3
0 3 9 0 8 5 0 17 8 0 0 12 3 0 9 2
5 10 6 8 2 1 13 1 0 7 0 12 1 9 13 9
10 4 0 0 3 6 5 0 9 9 1 3 0 8 4 0
0 7 1 3 1 0 18 0 0 6 0 3 1 5 8 3
9 9 8 6 4 14 0 7 16 6 7 8 6 0 1 0
7 11 13 10 10 14 11 6 0 1 0 3 1 5 6 16
0 5 0 0 4 8 11 0 2 2 14 14 0 7 2 0
0 0 14 8 11 0 22 0 0 1 0 3 5 8 3 10
0 1 4 0 0 7 0 16 5 10 11 18 8 0 6 1
1 9 3 7 3 2 11 4 0 7 0 7 3 6 8 10
0 2 0 0 1 6 3 0 3 8 7 3 0 5 0 0
0 0 6 8 0 0 3 0 0 2 0 7 3 8 5 3
11 4 2 0 1 4 0 13 3 1 9 15 6 0 3 0
