0 3 0 0 0 0 0 0 0 0 0 0 0 0 0 0
0 5 0 3 0 0 0 0 0 0 0 0 1 6 0 4
0 0 25 0 0 2 2 0 0 0 2 0 0 3 0 0
0 0 0 0 1 0 0 0 0 1 2 0 0 12 0 0
3 0 0 0 0 0 0 0 0 0 0 13 0 0 8 0
0 0 0 0 0 0 0 1 0 0 0 0 0 0 0 0
2 20 0 0 0 0 0 0 1 1 0 0 0 0 0 0
2 21 0 10 3 15 2 0 0 0 10 0 28 0 0 2
0 0 0 0 17 0 0 0 0 0 18 0 12 0 0 0
0 0 0 7 3 0 0 0 0 0 0 0 0 0 0 3
0 0 0 0 6 4 1 0 0 0 0 0 0 0 0 0
23 0 0 13 6 0 0 7 0 1 0 0 12 0 0 0
5 0 0 0 14 0 0 5 0 2 0 0 11 0 0 0
0 0 0 0 0 0 0 0 0 0 3 0 0 0 0 0
0 0 0 0 6 9 0 0 0 0 2 2 0 0 11 0
0 0 0 1 0 0 2 0 3 8 0 0 33 0 0 24
