11 0 0 5 0 0 7 0 10 0 0 0 0 1 0 1
7 4 0 0 3 0 0 0 3 5 0 0 3 0 0 12
3 0 2 0 0 3 0 0 0 0 0 2 0 4 3 1
0 0 0 0 0 4 0 5 5 0 0 1 0 5 6 10
1 18 13 0 0 4 7 4 0 8 0 0 0 6 0 0
0 0 2 0 7 0 10 0 0 3 0 0 6 0 0 0
0 0 0 0 0 0 1 0 0 6 9 6 3 2 0 1
8 4 5 3 0 0 0 0 7 7 7 0 0 3 0 0
8 2 0 25 0 12 1 0 0 0 0 0 3 8 0 0
0 0 0 0 0 4 12 0 1 0 0 1 1 0 6 1
6 0 0 0 0 0 10 0 0 14 8 0 0 0 6 0
1 0 2 8 0 16 0 0 0 0 0 1 0 7 6 0
0 0 0 1 12 0 5 2 1 0 5 0 0 0 0 2
4 3 8 0 5 0 0 1 0 1 10 0 1 2 1 0
1 0 6 0 0 1 0 0 0 6 0 0 11 0 0 0
0 0 0 2 0 4 3 0 0 3 0 0 0 0 0 10
