0 0 29 10 0 0 18 14 7 10 18 0 0 0 10 0
17 0 0 0 0 8 9 31 0 9 0 23 11 0 0 0
0 0 3 1 1 23 8 12 6 0 0 0 0 21 12 0
0 0 13 7 2 10 24 17 0 0 0 6 8 0 0 20
21 0 0 0 0 0 4 9 0 0 0 5 0 0 0 22
0 19 1 0 16 9 0 2 0 0 0 0 0 0 9 0
16 0 0 0 0 19 0 11 0 14 0 0 3 18 0 0
13 5 0 0 0 0 0 4 0 26 0 2 23 0 0 17
3 0 0 0 19 0 0 0 0 4 4 9 0 0 0 0
0 0 15 2 0 3 2 0 0 0 11 0 10 0 15 2
20 0 1 0 0 23 3 0 0 18 0 11 0 10 5 0
2 0 9 0 0 14 4 0 28 0 28 2 0 3 1 0
0 0 2 0 0 0 5 0 18 0 0 0 0 0 0 0
5 0 0 0 0 10 5 5 0 0 0 12 0 0 0 8
8 0 0 26 5 28 19 0 0 11 0 0 0 0 0 14
16 0 2 0 0 13 17 0 0 11 16 0 0 0 0 0
