0 0 0 3 0 0 3 2 0 0 0 1 0 0 0 0
0 0 3 0 2 0 8 1 1 3 0 0 2 0 0 0
2 0 0 0 5 0 0 1 0 0 3 0 1 0 0 0
1 0 0 2 0 0 4 5 0 0 0 0 3 0 0 0
0 0 0 3 0 0 7 0 2 0 0 4 0 0 0 0
0 0 0 2 0 0 0 0 5 0 2 1 0 3 0 1
0 0 0 5 6 2 0 0 0 0 0 0 3 0 0 0
0 0 0 1 0 0 0 3 0 0 0 0 2 0 0 0
0 0 0 0 0 0 0 0 1 0 0 0 2 0 0 2
3 0 0 1 0 0 0 0 5 0 3 0 0 0 0 2
0 0 5 0 1 3 0 0 0 1 3 0 0 0 0 0
2 5 0 0 0 0 0 0 0 2 2 0 1 2 0 0
1 6 0 1 0 2 1 0 3 0 0 1 0 2 1 0
6 0 0 0 0 1 1 0 0 0 4 0 1 0 0 0
0 5 0 0 1 0 0 2 0 6 4 0 0 0 0 0
0 0 1 0 0 0 0 2 1 0 0 0 2 3 4 7
