0 0 0 9 17 1 0 0 0 0 6 13 0 1 0 9
0 0 0 0 0 3 0 2 0 0 9 0 0 4 6 0
0 2 0 3 0 9 28 0 0 0 0 0 0 0 0 0
6 27 0 0 0 8 7 0 0 0 4 0 12 0 0 0
0 4 0 0 6 6 0 0 0 0 0 0 0 0 0 8
0 1 0 0 10 0 0 0 0 0 0 0 0 0 0 0
0 0 0 4 0 0 0 0 5 0 0 0 0 0 7 0
0 0 0 0 0 0 0 2 0 0 0 0 0 1 0 0
4 0 0 0 0 0 8 0 12 0 0 0 2 0 0 0
0 0 0 0 12 11 0 0 8 0 0 2 0 0 13 3
0 0 0 0 0 0 0 0 0 0 0 0 0 2 0 5
21 0 0 0 0 0 0 0 0 0 11 0 0 0 0 0
0 0 0 1 8 6 0 7 0 4 0 8 0 0 0 0
0 0 14 0 0 0 3 0 23 0 0 10 0 0 0 0
0 0 0 7 0 0 0 0 0 24 0 14 0 12 26 7
2 0 0 0 0 0 0 0 0 0 9 7 0 0 5 0
