0 0 36 10 12 26 23 81 0 0 0 6 0 24 46 11
5 8 0 44 0 0 0 2 32 6 19 20 5 0 0 0
0 36 25 56 37 28 34 2 16 4 28 27 43 34 7 12
50 0 0 3 4 0 0 22 21 37 17 0 44 13 43 2
25 19 0 9 0 17 8 0 13 48 7 0 22 18 53 20
15 20 49 47 37 0 0 9 9 30 8 10 46 19 0 32
0 9 0 23 7 19 7 0 0 48 0 13 14 26 0 14
15 14 40 0 8 0 0 16 3 0 0 46 11 0 10 10
0 27 0 0 66 0 0 28 19 0 12 0 1 0 18 24
19 22 0 0 25 0 58 0 16 37 28 30 0 15 50 2
0 4 14 16 37 44 43 32 46 29 0 21 13 55 10 15
36 49 9 16 7 0 29 0 30 105 45 38 103 4 0 24
0 2 0 10 32 0 0 33 15 39 16 34 0 0 24 10
18 49 8 40 3 0 1 26 35 0 26 16 19 43 68 0
24 23 17 41 44 42 3 42 0 43 0 31 0 0 0 3
0 0 0 0 27 48 60 0 90 21 7 17 0 15 36 19
