0 3 0 0 4 4 25 10 0 12 0 18 5 3 0 0
2 10 0 0 1 6 3 0 5 18 0 4 0 5 0 0
0 5 16 1 3 0 0 0 0 10 0 17 0 0 11 1
0 3 2 0 16 8 0 30 3 0 2 21 3 0 5 1
1 9 6 9 8 2 13 14 0 4 0 15 1 6 7 13
0 2 0 0 3 10 3 0 8 19 6 7 0 3 4 0
0 7 21 3 2 0 15 0 0 4 0 11 1 7 8 1
8 6 0 0 11 8 0 25 6 1 2 17 6 0 9 0
1 8 5 10 8 8 11 20 0 6 0 17 3 2 2 16
0 2 0 0 2 8 6 0 5 22 14 11 0 6 4 0
0 1 19 5 0 0 16 0 0 10 0 15 5 9 6 7
6 2 0 0 12 2 0 28 7 8 6 21 8 0 7 0
1 5 3 9 3 7 11 20 0 4 0 15 2 4 7 14
0 5 0 0 4 7 4 0 3 19 16 7 0 11 1 0
0 6 16 5 1 0 7 0 0 10 0 15 3 8 4 6
4 1 2 0 8 1 0 20 7 5 11 15 6 0 8 0
