0 3 3 0 0 4 1 28 0 4 0 10 24 23 0 12
0 22 11 11 0 0 0 6 11 0 12 6 0 6 0 5
0 5 0 0 0 19 0 17 10 0 5 7 17 8 0 1
3 2 0 1 0 16 1 0 17 1 0 2 9 20 0 16
4 8 11 17 0 0 2 3 5 7 0 0 2 10 19 16
0 0 0 1 0 4 20 0 1 8 21 1 2 4 48 5
1 6 7 10 2 21 2 17 13 1 0 0 0 0 0 0
0 0 1 7 29 5 1 0 7 7 1 6 0 0 20 15
0 10 3 0 0 14 7 17 17 0 7 1 0 0 1 0
6 11 13 4 2 0 0 0 11 0 18 4 0 1 0 0
0 4 15 0 2 17 22 12 1 8 13 21 40 0 16 3
0 0 1 2 0 0 18 0 32 1 7 0 26 34 9 25
3 25 18 0 0 0 5 0 0 6 3 6 35 13 0 4
0 0 13 0 11 15 1 0 13 0 0 0 0 2 1 0
14 10 5 1 0 2 0 4 0 2 32 5 0 13 4 7
19 32 0 0 8 9 0 0 0 4 0 6 0 4 1 14
