0 45 27 0 0 31 33 114 0 17 0 40 8 5 44 7
56 8 10 35 0 0 3 32 26 12 28 4 10 9 21 12
4 38 9 45 40 31 45 5 18 7 33 26 20 26 7 9
45 2 17 31 0 10 0 18 29 46 2 15 28 9 29 0
15 3 3 8 0 26 5 5 20 42 23 15 11 1 65 25
8 17 47 32 31 28 0 6 18 19 7 21 30 7 0 13
0 20 0 8 23 14 0 0 24 30 20 42 31 75 44 13
0 23 25 0 13 19 0 44 6 0 31 42 5 14 9 11
0 25 9 0 48 2 29 15 24 0 14 7 0 14 0 15
28 33 0 0 63 0 15 29 8 0 23 27 0 14 49 0
0 6 30 0 37 40 18 46 27 31 0 32 61 51 5 0
20 57 8 11 30 0 32 25 37 99 65 42 100 6 0 4
14 0 0 8 54 0 6 0 27 56 12 13 0 0 2 39
27 24 1 0 3 0 0 7 10 13 0 11 14 39 42 0
17 14 27 23 12 29 0 24 23 15 0 37 1 2 0 1
0 0 28 6 17 102 64 0 68 10 0 27 0 17 34 0
