0 0 7 0 5 0 15 15 0 6 0 2 0 7 4 11
0 14 0 0 8 24 4 0 0 0 0 13 0 10 8 9
2 8 17 17 0 0 0 1 2 0 0 19 0 4 5 14
0 4 3 0 1 9 0 0 8 18 0 0 6 0 27 0
4 1 0 2 5 6 0 11 0 21 13 11 0 11 0 0
0 0 0 0 0 51 0 2 7 10 12 0 0 1 18 4
0 3 0 5 1 13 21 3 1 4 9 1 5 4 14 5
0 3 16 0 8 1 17 0 0 0 25 0 0 0 6 5
0 7 0 1 0 3 11 11 5 18 3 0 5 0 0 0
0 11 0 0 13 22 0 6 0 0 0 0 8 1 0 0
13 12 0 0 0 5 0 2 11 7 22 1 1 0 13 0
0 0 3 0 4 0 12 0 0 7 0 16 1 1 4 0
4 5 0 17 10 10 0 21 2 0 9 0 7 0 0 0
1 2 0 0 0 5 0 3 0 0 1 10 0 0 0 6
6 0 6 11 14 0 0 4 0 14 6 4 1 0 9 5
0 0 0 0 9 1 2 10 1 9 0 7 7 0 2 0
