2 3 19 9 11 6 18 2 11 10 6 10 18 0 9 20
17 6 16 7 10 14 6 2 19 11 12 12 5 7 27 8
11 28 38 16 6 13 12 27 3 24 25 22 35 15 24 17
39 59 54 2 21 26 57 18 40 40 52 29 47 35 40 28
19 66 49 46 48 2 18 18 13 32 23 21 3 1 21 18
14 5 4 1 8 6 11 2 6 3 2 4 6 2 6 4
12 12 16 3 15 16 8 0 15 2 9 3 24 8 3 11
21 14 31 5 7 16 1 13 8 8 2 11 0 14 30 6
3 10 8 36 24 16 22 8 7 6 4 24 17 18 25 7
3 11 18 22 16 5 4 4 3 4 4 1 2 6 1 11
3 9 11 0 14 1 9 4 13 0 16 1 11 22 7 7
16 17 2 12 23 21 11 6 22 3 0 4 5 15 3 3
2 10 10 7 11 14 18 7 3 14 4 6 3 3 7 3
13 13 0 4 8 0 0 11 15 1 1 5 13 12 2 6
17 17 6 2 11 8 16 9 16 9 3 9 8 6 13 17
1 15 6 4 3 4 19 9 11 8 20 6 12 8 26 7
