20 0 0 2 0 0 8 8 7 0 0 6 3 0 4 5
0 0 21 5 0 0 6 0 1 0 0 0 5 0 5 9
0 0 5 0 0 0 0 25 5 6 25 13 0 2 0 0
2 6 0 0 17 0 4 0 0 0 8 7 0 8 0 0
2 6 0 0 0 14 3 16 0 11 8 2 0 0 0 0
1 1 6 10 2 20 0 4 0 21 0 0 0 7 0 1
0 2 5 2 9 1 3 0 10 7 5 10 0 6 8 0
1 19 0 8 3 4 0 0 5 0 3 4 28 0 7 1
7 0 0 0 9 0 7 0 4 0 0 0 0 0 0 10
0 9 9 16 0 0 0 0 4 0 0 0 0 0 3 6
0 0 2 0 0 0 0 11 12 11 11 4 0 1 0 2
0 3 0 0 0 0 1 0 0 0 8 7 0 3 0 1
0 3 0 0 0 0 3 5 0 0 5 0 0 0 0 0
1 3 3 12 0 7 0 13 0 0 1 0 1 0 0 0
0 2 1 0 4 3 19 0 4 2 7 9 5 2 8 0
11 0 0 0 4 0 0 1 9 0 8 0 20 0 0 1
