14 0 0 0 27 0 35 11 7 4 4 0 0 0 22 0
0 15 11 12 0 9 8 0 0 0 0 8 0 0 76 0
22 68 7 0 8 0 0 0 0 26 0 0 23 40 16 0
33 0 0 1 11 0 7 0 14 0 0 0 77 13 0 15
20 4 0 0 29 0 12 10 17 0 4 0 1 4 10 8
12 19 25 13 0 6 6 0 0 20 6 14 21 9 82 0
17 75 14 0 13 0 0 0 0 18 0 0 28 39 28 0
41 0 0 16 10 0 21 0 13 0 5 1 75 9 0 8
18 0 0 0 27 0 13 7 8 0 10 0 0 4 13 3
5 22 26 15 0 0 13 0 0 5 6 4 22 7 86 0
18 72 14 0 15 0 0 0 0 19 0 0 28 39 34 0
45 0 0 17 12 0 21 0 15 0 8 0 75 0 0 6
20 5 0 0 27 0 11 8 19 0 4 0 2 5 10 8
12 20 25 13 0 6 6 0 0 20 5 14 22 8 84 0
16 77 14 0 13 0 0 0 0 18 0 0 28 39 29 0
43 0 0 17 8 0 21 0 13 0 7 2 77 9 0 8
