0 0 37 28 0 8 32 86 0 0 0 21 0 8 45 11
3 3 0 30 0 0 0 2 32 5 19 28 7 0 2 5
0 34 24 39 38 31 42 2 17 24 33 20 1 32 10 11
54 0 0 0 0 13 0 26 17 35 42 30 42 55 32 1
14 3 0 0 0 24 6 0 2 24 11 0 11 1 67 22
20 45 30 27 71 17 0 6 5 21 12 20 63 17 0 25
0 0 0 19 8 17 1 0 0 53 0 19 18 31 0 19
24 0 41 0 26 0 0 19 1 0 0 42 11 13 9 17
0 27 0 1 64 1 0 27 30 0 22 12 0 18 0 35
26 23 0 0 22 0 35 0 16 15 29 24 0 30 49 0
0 4 24 0 33 36 48 47 47 30 0 25 40 55 0 0
27 46 0 7 14 0 31 0 30 65 64 39 125 5 0 17
23 6 0 13 42 0 3 26 19 52 44 41 0 0 0 27
6 58 11 50 9 0 2 21 28 0 34 21 32 58 57 0
31 22 19 25 47 10 20 26 0 32 0 41 0 2 0 0
0 0 0 0 33 101 66 0 85 17 0 6 0 4 45 14
