1 3 5 0 14 2 25 7 0 12 0 18 1 3 0 0
8 17 0 0 3 6 3 0 18 22 0 3 0 1 0 0
0 0 16 5 1 0 0 0 0 4 0 18 0 0 11 2
8 10 0 0 17 9 0 10 9 7 2 15 3 0 2 4
4 2 1 5 8 20 13 10 0 16 0 15 0 2 10 14
0 5 0 0 3 10 6 0 7 21 3 22 0 9 2 0
0 1 21 3 0 0 17 0 0 2 0 8 1 6 8 1
6 8 10 0 10 14 0 13 12 6 5 12 6 0 9 0
1 3 6 2 15 16 11 16 0 11 0 17 2 3 11 16
0 2 0 0 1 8 4 0 6 22 12 16 0 14 6 0
0 10 19 8 1 0 17 0 0 9 0 16 5 1 6 2
12 6 7 0 22 4 0 21 13 4 8 21 8 0 13 0
7 13 5 9 1 5 11 30 0 5 0 14 5 1 9 11
0 0 0 0 1 6 4 0 16 18 16 8 0 6 5 0
0 0 16 8 5 0 7 0 0 2 0 21 3 1 5 4
17 3 11 0 13 1 0 18 5 3 6 17 3 0 1 0
