0 0 1 0 4 4 0 20 5 0 2 0 0 0 12 0
0 0 14 2 0 13 2 3 0 0 6 2 6 0 7 0
1 0 6 0 0 0 6 11 0 0 2 0 0 0 0 0
2 11 6 5 0 11 5 0 2 0 7 5 6 1 10 0
10 0 0 0 0 0 0 12 0 0 0 0 0 0 5 0
0 0 0 0 0 0 0 5 0 8 0 0 12 0 0 0
0 0 0 0 0 4 0 6 0 13 0 8 3 12 0 0
13 7 0 0 2 2 0 0 0 4 0 2 0 0 0 0
0 6 5 0 3 2 0 2 1 9 0 7 0 0 18 0
3 5 7 0 0 0 0 3 0 4 1 0 0 2 0 2
0 2 0 0 0 0 0 9 0 0 0 0 0 7 3 0
6 11 2 0 0 16 1 1 0 2 1 0 1 0 6 12
0 0 2 0 4 0 0 0 11 0 0 0 9 5 0 7
0 0 2 5 8 0 0 0 0 0 0 7 0 3 0 8
0 2 0 0 1 7 0 0 9 14 3 8 3 1 0 0
1 0 0 4 0 0 8 0 4 2 0 0 0 0 3 0
