2 0 0 0 1 11 6 14 2 4 5 8 28 6 0 5
6 19 10 0 0 10 0 2 12 6 2 0 0 13 10 0
0 0 6 1 0 13 4 3 1 0 0 7 16 0 0 3
5 3 1 0 8 3 0 1 3 1 9 9 15 15 0 13
0 14 1 13 6 0 6 0 0 0 0 0 3 9 5 26
0 0 0 0 0 0 21 13 0 0 22 6 20 0 29 0
0 3 4 3 2 23 18 1 9 0 0 0 1 7 0 4
10 0 2 1 10 15 0 0 5 7 1 0 3 0 5 8
2 1 2 7 10 0 3 15 2 2 1 4 0 0 5 5
5 1 10 27 5 5 16 1 3 0 11 25 5 7 0 0
0 0 16 6 0 0 9 20 0 8 16 0 16 0 6 4
6 0 5 1 2 0 0 14 16 0 2 5 3 33 1 13
12 0 21 6 0 6 0 3 0 12 0 4 14 4 0 2
0 2 5 1 15 3 5 0 0 0 5 0 6 18 4 1
4 6 2 15 0 2 0 2 5 0 17 7 0 1 13 9
1 14 0 4 3 7 0 4 0 5 0 11 0 0 23 14
