0 0 2 19 3 1 0 0 6 0 3 11 0 23 0 0
0 0 0 10 0 3 0 8 0 0 9 0 8 4 4 0
0 2 0 3 0 9 3 0 0 0 0 0 0 0 0 0
9 4 6 0 8 2 6 0 0 4 4 0 5 12 0 0
0 2 0 0 1 12 2 0 2 0 0 0 9 3 1 3
0 1 0 4 10 6 0 0 0 0 0 13 0 0 0 0
0 0 0 14 5 0 5 0 15 0 8 0 0 0 7 0
0 0 0 0 0 0 0 4 0 0 5 0 0 9 0 0
4 5 0 5 0 6 25 0 0 0 0 0 2 2 0 0
0 0 0 0 11 8 0 0 9 0 0 5 0 0 3 3
0 17 0 0 0 0 0 9 0 0 0 4 0 2 7 5
21 8 0 0 0 0 0 0 0 0 20 0 0 0 0 5
0 0 0 1 2 6 0 3 0 4 8 7 0 0 0 0
7 0 4 0 3 0 5 0 9 0 0 7 0 0 0 0
0 0 1 7 5 15 0 0 0 19 6 2 5 2 25 5
9 15 0 0 0 0 10 0 0 0 9 7 0 0 14 0
