3 5 0 20 4 8 25 1 2 0 0 0 0 0 0 16
0 6 0 0 0 0 14 0 0 16 11 0 1 19 2 3
2 0 0 0 11 0 0 5 0 0 2 4 0 1 10 0
0 38 0 3 0 0 11 9 14 0 0 7 0 11 1 8
0 0 8 0 5 15 7 4 8 0 2 6 10 0 0 0
0 0 0 0 0 1 0 0 0 20 5 4 0 1 15 0
0 16 0 17 55 6 6 0 0 0 6 0 1 0 11 0
3 0 45 1 17 11 7 0 0 5 0 7 0 0 0 8
2 0 0 16 0 2 6 6 0 0 0 0 0 0 3 14
0 3 0 0 0 0 8 0 0 20 8 0 6 8 3 8
0 0 0 0 17 0 0 1 0 12 1 16 0 17 26 0
0 27 0 16 0 5 0 4 6 0 0 0 0 1 9 6
0 0 11 0 12 8 12 2 3 6 5 9 5 0 0 5
0 0 0 1 0 0 4 0 0 14 2 5 0 0 4 10
0 1 0 6 47 11 6 1 1 0 4 0 0 0 0 0
0 0 28 0 10 10 4 4 2 1 0 8 4 0 0 16
