24 0 0 34 0 22 5 0 26 17 0 32 0 0 0 22
0 0 2 0 16 0 38 0 38 0 0 23 20 16 18 1
19 29 25 0 18 9 0 26 23 8 5 21 14 51 0 0
0 26 0 14 0 83 0 41 7 13 0 0 0 17 12 0
0 25 17 54 2 11 25 35 0 15 23 7 0 18 0 0
0 21 0 0 0 6 27 0 0 0 0 0 0 13 32 27
10 19 0 0 0 12 58 21 4 0 12 0 0 0 0 26
35 13 9 0 1 0 0 0 0 0 20 15 8 23 31 7
39 0 12 25 0 27 0 0 35 2 0 0 0 0 0 9
9 0 0 0 36 32 17 8 39 0 33 21 24 0 16 11
18 38 50 0 2 0 0 17 53 0 7 34 10 46 0 0
0 16 0 12 0 35 0 14 9 22 0 0 25 19 10 0
0 10 28 20 0 0 19 43 0 2 0 0 0 6 0 0
0 24 0 21 0 0 18 0 0 0 0 0 0 0 30 0
44 14 0 0 9 22 67 9 0 3 0 0 0 0 0 36
0 0 0 0 2 22 0 0 0 2 0 32 14 36 49 0
