-11 -22 -11 3 5 -13 -11 -24 0 5 -20 -9 -11 -26 -7 -14
-6 -11 -3 -21 -10 8 -5 -13 -18 -2 -6 -21 -1 -7 -14 -5
-14 -25 -9 -9 -5 -16 -4 -11 -21 -4 7 -27 5 18 -2 -12
-10 -4 -2 -8 -24 -9 3 -11 -8 -17 -7 -16 -4 4 -24 -13
-11 1 -2 -6 -29 -4 -10 -3 1 -2 -17 -8 12 -15 2 -21
-9 -16 -18 -13 -5 -9 -21 -13 -8 -5 18 -14 -7 -19 -11 -12
-12 -1 -12 -24 4 1 -6 -9 -20 -2 -15 -17 -9 -6 -8 9
10 3 4 -4 -13 -9 -6 -18 8 -8 -5 0 -5 -18 -13 20
-4 -9 -13 -8 17 -4 -26 -10 -30 -5 0 -18 8 -14 -5 -11
-20 -10 -7 1 26 -20 -9 -7 0 -8 -3 -14 -6 -9 -3 -10
-9 -3 0 -19 14 -8 -16 -1 -24 -13 4 2 10 -18 -4 -11
9 -16 -10 -13 -6 -14 -12 6 -3 -4 -2 -1 -9 -15 -15 1
-2 -14 -11 -5 0 -10 -3 1 0 0 -14 -16 -24 -21 -18 -13
-10 -7 -1 -29 -8 -21 -4 -11 -7 1 -20 -10 -18 -5 -16 -15
-11 -15 -4 -6 0 3 -22 -2 -15 1 -8 -20 -13 24 -10 -5
-11 -5 -12 19 -8 -13 -1 -14 -11 -5 -7 -9 7 -1 -10 -11
