12 0 0 18 0 0 8 0 0 0 0 0 0 31 0 24
0 32 0 0 0 0 34 3 1 10 8 0 22 13 53 0
0 14 0 0 0 0 2 21 1 0 0 9 0 0 0 23
21 0 21 0 21 24 0 9 0 4 30 0 34 3 0 8
22 0 37 19 38 22 0 0 34 0 21 38 19 1 5 0
0 0 0 0 13 0 1 21 0 0 15 16 19 0 19 0
48 0 11 18 0 0 0 0 3 6 15 49 0 33 0 22
0 0 54 19 0 18 19 0 0 0 0 0 33 23 0 1
0 0 0 0 4 0 0 19 1 5 0 6 0 0 0 26
0 0 0 0 35 0 0 17 0 0 12 0 34 22 10 0
0 10 0 0 0 0 7 21 13 0 0 2 0 0 0 6
26 0 18 0 14 26 0 10 0 0 18 15 2 27 0 0
16 18 10 10 7 4 0 0 0 0 22 12 39 26 28 0
0 0 19 38 25 0 31 4 0 10 7 0 18 2 5 0
37 0 0 21 0 14 0 14 2 6 10 41 0 0 26 24
0 13 14 26 20 17 0 0 2 0 14 0 0 30 0 0
