0 15 4 17 0 35 0 0 5 16 0 37 5 14 1 30
5 3 0 0 65 0 6 0 21 17 0 1 0 6 4 13
1 0 0 0 5 15 0 0 15 1 16 0 14 0 6 2
20 7 12 19 11 12 23 0 14 6 30 0 0 2 12 15
1 12 4 11 0 33 2 0 4 14 0 40 7 13 9 34
8 6 7 2 71 0 10 0 11 14 1 2 0 2 0 13
0 0 0 0 2 13 0 0 5 1 18 0 8 0 4 1
25 8 8 23 11 1 18 3 13 8 0 0 0 3 10 12
3 13 4 12 0 36 1 0 5 13 2 38 6 14 5 35
10 7 6 2 73 0 12 0 10 14 4 1 0 3 0 14
0 0 0 0 0 12 0 0 5 1 17 2 8 0 2 1
26 8 10 24 10 0 18 6 13 8 0 0 0 4 10 12
4 12 3 11 0 37 2 0 4 12 2 38 6 13 6 37
11 6 7 3 74 0 12 0 10 15 6 1 0 3 0 14
0 0 0 0 2 12 0 0 5 1 19 2 7 0 1 3
26 9 9 23 10 0 18 7 13 7 0 0 0 3 10 15
