3 16 0 2 2 2 0 3 0 6 3 5 2 8 0 0
0 0 6 5 0 15 0 7 0 0 3 3 12 0 13 0
0 4 0 3 7 0 5 12 0 0 11 6 0 0 20 0
10 0 0 20 0 0 0 0 4 13 4 2 0 4 0 5
2 0 0 0 8 0 2 10 2 2 2 3 11 0 0 9
0 2 2 9 5 2 0 7 0 0 13 7 4 0 3 0
0 2 0 4 0 0 2 0 0 2 5 0 0 0 3 0
1 0 0 3 2 0 0 0 7 7 0 2 0 5 0 2
0 0 2 1 1 5 3 0 9 7 1 6 11 0 0 6
0 0 0 4 5 5 0 13 0 0 11 4 5 0 6 0
0 1 0 10 0 0 2 0 0 0 11 0 0 0 0 0
9 3 0 0 0 0 0 0 13 13 10 9 0 13 0 0
0 0 3 0 5 1 0 1 2 2 1 4 12 0 1 5
0 2 0 4 3 6 0 8 0 0 7 1 1 0 3 0
0 2 0 4 0 0 1 0 0 0 3 0 0 1 0 0
0 0 0 0 1 0 0 0 11 3 4 6 0 12 0 0
