36 0 1 3 11 18 2 4 0 16 13 31 18 70 8 20
36 3 35 38 14 13 71 0 22 3 0 3 34 0 29 0
16 3 14 0 15 0 15 27 19 6 24 0 14 30 27 25
4 17 0 43 1 38 0 43 0 20 42 18 30 0 14 22
17 0 1 0 10 18 1 5 0 16 15 31 17 73 10 20
36 4 26 7 15 11 71 0 21 4 0 2 21 0 30 0
16 1 14 0 14 0 15 25 18 0 22 0 15 25 27 23
1 16 0 29 1 39 0 14 0 15 44 19 22 0 14 18
17 0 1 0 10 18 1 6 0 17 15 31 17 73 10 20
37 4 27 7 15 10 72 0 21 4 0 2 21 0 30 0
15 2 14 0 14 0 15 25 18 0 22 0 16 24 27 26
1 19 0 29 1 40 0 14 0 14 45 19 22 0 14 18
17 0 1 0 10 18 1 6 0 17 14 31 17 74 9 19
37 5 27 6 15 12 72 0 21 6 0 3 22 0 30 0
15 2 14 0 14 0 15 25 18 0 22 0 14 23 27 26
1 19 0 29 1 41 0 14 0 15 45 18 22 0 14 18
