0 1 27 11 0 2 3 1 13 12 1 0 0 0 3 18
0 0 5 4 0 11 6 2 3 4 1 7 4 14 0 19
3 1 5 0 0 0 0 0 2 0 13 9 13 9 5 0
0 9 1 0 0 0 0 0 7 15 0 0 7 0 0 13
0 3 36 7 0 14 1 5 0 23 4 0 22 16 8 14
0 6 0 8 1 0 14 0 0 3 18 23 0 12 6 15
26 0 2 30 0 0 14 5 0 0 20 0 1 14 1 0
0 2 3 18 0 0 6 5 1 7 0 0 6 6 1 3
5 12 15 4 4 21 7 0 6 13 0 10 0 0 9 10
0 0 0 3 9 3 25 0 0 1 0 7 0 15 0 20
0 19 0 0 0 0 3 14 5 0 19 21 9 7 3 0
0 0 0 0 0 10 9 2 19 1 0 0 5 0 15 14
9 12 4 0 11 0 35 4 3 5 0 12 0 0 6 6
0 0 0 8 3 8 13 1 0 0 0 16 3 20 0 9
17 0 3 3 0 0 5 33 2 0 19 22 3 14 3 0
0 4 3 2 0 0 17 12 5 7 0 0 5 10 7 3
