0 15 9 15 1 10 0 0 0 0 0 0 0 0 0 0
0 7 0 0 0 0 4 0 1 0 0 0 0 0 13 0
11 0 0 6 0 4 0 0 0 0 3 0 0 3 2 13
0 0 4 0 0 1 0 0 0 3 0 9 0 0 2 0
0 0 0 0 9 9 8 10 0 0 0 0 8 0 0 0
0 9 0 1 0 0 0 0 0 0 0 0 29 0 0 15
0 7 5 0 0 5 0 0 1 14 2 0 4 27 4 0
0 0 0 0 4 0 0 0 11 0 0 3 0 4 3 0
0 0 8 0 2 0 0 4 3 11 1 0 0 7 0 3
0 0 29 0 0 4 0 4 7 2 1 0 5 3 0 3
0 0 0 2 0 0 19 4 0 3 0 0 6 0 0 0
0 4 2 0 6 0 0 0 0 7 14 0 4 0 5 11
0 2 0 11 0 0 0 0 2 0 8 0 9 0 2 12
13 0 2 0 6 0 4 0 10 0 28 0 0 1 11 1
9 0 0 0 5 0 0 0 10 0 0 0 5 0 0 4
6 0 0 23 0 5 0 0 17 0 0 0 0 0 0 0
