0 0 7 15 1 0 0 0 0 0 0 0 0 0 0 2
7 0 0 0 0 0 4 2 1 0 0 0 0 0 1 0
0 0 11 1 0 1 0 0 0 0 3 0 0 2 2 8
0 0 1 0 0 2 0 0 0 1 0 7 0 0 1 0
0 0 0 0 0 18 7 1 0 0 0 0 3 0 5 0
0 10 0 1 0 0 0 0 0 0 0 0 16 4 0 22
0 8 7 0 0 5 0 0 5 7 4 0 4 0 0 0
0 0 0 8 9 0 0 0 1 0 0 1 0 4 3 4
0 0 8 0 5 0 0 5 3 6 0 0 0 20 0 4
0 0 22 0 0 4 0 0 5 1 1 0 0 1 0 8
0 0 0 0 0 0 25 8 0 1 0 0 0 0 2 0
0 0 8 6 6 8 1 0 0 17 17 0 4 0 0 0
0 2 0 13 0 0 0 0 2 1 24 0 12 5 8 12
2 0 5 0 6 0 2 0 0 0 14 0 0 2 3 0
9 0 0 0 5 0 0 4 3 0 0 0 10 0 0 0
1 0 0 26 0 5 0 0 12 0 0 0 0 0 0 3
