0 0 2 18 0 0 0 0 3 0 9 7 0 23 0 9
0 0 0 8 0 0 0 10 0 0 14 0 1 0 10 0
0 0 0 0 0 7 4 0 3 0 0 0 0 0 0 0
15 10 6 2 8 1 7 0 0 7 7 0 3 10 0 0
0 4 0 0 1 18 2 0 9 0 0 0 9 7 1 3
0 0 0 4 0 6 0 0 0 0 0 13 0 0 0 0
0 0 0 16 0 0 5 0 2 0 6 0 0 0 3 0
0 0 0 0 0 0 0 6 0 0 10 0 4 3 0 0
3 5 0 2 0 6 24 0 12 0 0 0 4 2 0 0
0 0 0 6 1 3 0 3 12 0 0 7 0 0 8 0
0 17 4 0 0 3 0 9 0 0 0 4 0 0 1 0
6 8 7 0 0 0 0 0 0 0 27 0 0 0 0 5
0 0 0 0 6 18 0 0 0 0 8 1 0 0 0 0
7 0 5 0 3 0 8 0 2 0 0 7 0 0 0 0
0 0 1 1 5 15 0 0 0 1 4 4 7 7 7 1
7 15 0 0 0 0 10 0 0 1 5 0 9 0 19 0
