13 0 0 29 2 14 43 0 0 0 0 0 10 0 5 32
0 0 0 0 0 0 18 0 36 0 0 6 5 0 0 0
16 0 0 0 0 0 0 0 0 0 11 0 26 0 0 0
0 10 0 0 0 0 0 18 0 0 0 0 0 0 6 0
0 2 0 0 0 5 0 29 0 1 0 0 0 1 3 18
0 0 0 0 0 0 16 0 0 0 0 0 20 16 4 0
0 17 0 0 0 3 0 0 0 8 0 35 0 13 0 7
31 50 0 0 3 0 0 0 13 8 0 0 0 20 0 0
4 0 0 20 0 0 22 0 0 0 0 13 0 15 0 43
0 0 0 0 35 0 21 0 0 11 0 0 0 0 0 0
10 5 0 0 0 10 0 0 50 0 4 0 6 0 23 0
44 0 0 18 0 0 6 43 0 0 0 0 0 0 0 0
0 13 0 0 0 0 0 9 0 6 9 0 0 20 0 6
0 0 0 0 0 0 12 0 0 0 2 0 0 28 0 0
3 0 0 0 0 8 0 0 0 3 0 39 0 0 0 7
13 0 1 0 8 0 0 0 13 0 0 0 0 10 0 0
