3 0 0 6 11 0 0 0 10 0 6 0 0 0 0 5
7 1 1 0 3 0 0 0 3 0 0 0 1 0 0 10
2 0 2 3 0 0 0 0 4 0 0 2 0 0 0 0
0 0 0 5 0 1 0 5 5 0 0 1 0 0 6 17
1 24 13 0 0 4 0 5 0 2 0 1 1 6 9 12
0 5 15 0 0 0 10 0 0 4 0 0 4 0 0 0
0 0 0 2 0 0 2 0 0 10 5 11 1 3 0 2
8 4 18 2 0 4 0 0 6 1 26 0 0 3 0 24
8 4 0 18 0 10 10 0 0 0 2 0 0 0 0 0
0 0 0 5 0 4 7 0 2 0 0 7 4 0 3 3
2 6 0 0 0 0 2 0 0 3 1 0 0 0 6 0
0 0 1 2 0 8 0 0 0 0 0 0 0 1 2 0
2 0 5 3 1 0 3 9 1 0 3 0 0 0 4 2
0 15 7 0 5 0 13 4 0 1 8 0 8 4 11 0
0 0 10 0 0 7 0 0 0 3 0 0 9 0 0 0
2 0 0 6 0 10 3 1 0 1 6 6 0 0 0 12
