3 30 30 12 0 42 0 8 16 6 1 7 0 0 26 11
0 0 0 0 9 22 0 10 8 3 0 14 36 13 0 24
0 13 0 0 6 0 0 0 7 0 5 26 7 42 19 0
0 27 0 0 0 0 7 7 2 11 4 0 6 0 0 21
0 18 37 3 0 0 0 6 0 13 0 0 45 13 9 11
0 15 1 0 0 0 14 1 0 0 30 19 0 10 14 0
0 0 0 23 3 0 0 17 0 0 0 20 11 30 28 24
0 19 3 0 0 21 1 0 0 15 0 2 26 5 0 1
7 21 36 9 0 0 11 14 22 20 2 2 0 0 25 0
0 0 0 26 0 0 0 0 0 0 3 27 0 0 0 0
64 15 7 0 0 0 0 16 0 1 0 0 18 46 29 0
0 20 0 5 0 0 13 19 0 5 6 7 0 4 21 0
0 29 33 0 0 22 8 0 0 11 4 0 0 0 10 0
0 1 40 0 29 17 6 6 7 0 0 4 22 37 12 24
0 0 4 0 0 0 0 20 0 0 1 0 14 36 43 15
0 16 26 0 0 0 7 0 0 0 0 0 49 0 0 38
