0 14 3 17 0 38 0 0 5 15 0 38 4 13 2 31
5 3 4 1 65 0 8 0 19 16 0 2 0 4 3 15
1 0 0 0 5 15 0 0 16 2 19 0 10 0 7 2
21 9 12 19 11 14 22 0 13 6 32 0 0 1 10 14
3 10 5 8 0 37 0 0 3 14 0 40 7 13 8 32
7 5 7 2 72 0 10 1 11 13 2 3 0 2 0 16
0 0 0 0 0 13 0 0 6 1 20 0 7 0 3 3
25 9 12 23 10 0 17 4 13 8 0 0 0 3 9 13
0 8 4 10 0 39 2 0 1 13 0 41 8 12 7 33
6 4 7 0 73 0 12 0 8 16 9 3 0 3 0 15
0 0 0 0 0 13 0 0 4 2 20 0 6 0 4 3
24 10 15 26 9 0 19 7 15 8 0 0 0 3 10 14
0 9 4 10 0 41 1 0 2 11 0 41 7 12 7 35
7 4 7 0 73 0 12 0 8 15 6 4 0 2 0 15
0 0 0 0 0 12 0 0 3 0 17 0 6 0 4 3
25 10 14 26 10 0 18 7 14 7 0 0 0 4 10 14
