1 0 24 0 0 27 1 77 2 4 28 0 10 0 64 0
43 15 4 23 0 0 0 24 25 15 33 20 9 3 12 0
7 37 25 38 56 34 24 5 2 47 42 2 20 90 0 20
75 0 27 26 15 5 0 29 27 0 0 1 0 3 81 4
2 2 3 62 0 7 9 0 11 0 15 23 0 4 47 32
6 0 47 0 29 13 2 3 3 0 14 28 70 5 0 0
0 0 1 8 9 10 0 0 34 47 39 29 24 50 77 8
0 28 14 0 26 21 0 26 0 0 17 39 24 16 9 15
0 28 13 0 8 2 43 6 42 0 26 7 0 2 18 18
36 98 0 1 36 0 0 13 13 0 25 12 22 34 46 0
0 6 20 6 31 1 11 66 0 1 0 31 66 59 0 0
29 25 2 1 60 0 39 10 38 51 93 45 75 9 0 9
56 0 0 4 8 0 0 3 35 45 29 15 0 0 2 24
4 26 0 36 3 24 0 7 12 51 21 2 14 46 28 0
17 2 21 30 9 44 22 84 2 1 0 18 1 21 0 12
27 0 21 0 11 97 119 0 93 35 0 20 0 5 16 4
