5 13 1 14 4 10 6 0 0 0 0 0 0 0 0 10
0 0 0 0 2 19 4 0 0 0 0 0 0 0 1 0
5 11 0 18 1 0 0 0 0 0 6 1 0 0 0 0
0 2 0 0 7 0 0 0 0 3 0 0 17 2 0 0
0 22 0 0 3 0 4 0 0 9 0 0 0 0 26 0
16 0 5 0 0 0 0 0 0 0 28 0 9 0 0 14
0 0 0 0 0 0 0 6 0 15 0 0 0 10 0 5
8 7 0 0 28 0 0 0 0 0 0 0 0 0 0 24
5 5 8 0 6 0 0 9 0 0 0 0 0 0 0 0
1 43 0 0 0 1 2 0 0 1 16 0 0 0 0 1
0 0 0 0 0 0 0 0 15 0 7 0 4 0 3 3
0 3 0 3 3 0 0 0 0 6 2 0 0 0 0 0
5 0 2 0 7 5 0 0 0 0 22 0 0 0 0 0
0 10 6 3 2 0 0 5 8 2 0 0 0 8 15 0
0 6 0 0 6 3 26 6 0 0 3 5 10 3 7 0
0 0 0 3 4 0 0 0 4 0 14 0 0 0 0 6
