-4 -1 -5 -4 7 2 2 -2 -3 -5 -9 2 1 4 4 -2
2 9 5 -13 -7 2 14 -1 -2 -6 -5 5 8 -8 5 6
-2 2 -12 9 -8 13 -6 0 3 -11 -7 1 0 29 16 3
-9 -5 2 -49 4 2 7 -9 3 -5 -3 -8 -20 -2 7 8
-9 -17 0 4 -2 -18 -16 1 -7 5 3 -8 -3 17 6 -15
7 -17 -8 3 9 32 -9 -2 -3 9 -12 -5 23 -6 0 -13
1 3 2 -11 -8 -15 3 -6 3 -7 -4 9 7 1 0 -7
-33 -1 5 0 -8 -1 8 10 6 -24 23 -2 4 1 6 7
13 -4 -7 -1 -18 -1 -1 -2 0 6 -3 -40 1 -8 -6 -9
-7 6 2 0 11 4 -1 -11 -1 -4 -6 -1 5 4 -20 -1
1 11 -7 3 -20 -4 2 -2 3 0 -2 -5 -1 -10 12 -15
-5 -3 -4 -4 0 -4 8 -14 -5 5 -6 4 1 -8 -2 -4
-5 -3 2 6 12 0 -5 -27 0 3 2 -26 -4 -33 4 13
8 11 -9 7 -7 8 -18 7 2 4 17 -4 -4 -15 2 3
3 -8 -3 12 4 2 -5 -6 -22 0 3 21 3 4 9 7
-13 2 -6 1 -1 2 1 -17 -2 -1 -3 5 -7 -2 8 2
