3 66 8 29 11 2 34 29 22 0 22 3 0 21 1 2
0 2 2 14 0 0 0 0 13 2 0 13 15 2 14 6
0 4 2 12 3 3 21 20 34 0 0 18 22 0 0 5
35 3 1 0 15 0 51 0 0 3 15 4 1 10 0 11
0 7 0 4 1 5 0 3 9 0 15 21 12 12 5 2
8 16 16 0 0 9 0 21 0 0 0 26 0 5 10 65
11 26 4 0 15 7 0 9 6 0 0 0 0 0 12 27
0 1 7 2 0 8 5 0 0 25 0 12 0 0 8 11
0 53 6 12 8 0 6 7 29 0 16 3 0 25 0 15
15 5 2 9 4 0 1 2 4 7 0 7 22 2 6 3
9 14 12 20 0 5 16 24 34 0 2 0 3 0 0 7
23 0 0 21 18 0 47 0 0 0 25 3 4 1 0 11
0 23 0 16 19 5 0 0 26 0 21 2 2 14 14 11
0 0 1 0 0 7 0 0 0 16 0 19 0 14 2 0
4 31 0 0 21 4 0 11 13 0 0 0 27 0 22 15
0 1 20 37 6 17 4 18 10 13 0 20 0 13 4 0
