15 9 0 0 4 14 0 33 2 0 0 0 0 0 0 16
0 0 0 0 0 0 1 0 0 60 5 0 4 23 22 0
6 0 0 0 0 0 0 7 0 0 6 50 0 12 0 0
0 49 0 15 0 0 23 17 11 0 0 7 0 0 0 14
0 0 8 0 5 15 0 11 0 0 0 17 0 0 0 26
0 0 0 0 0 0 0 0 0 21 19 4 0 1 7 0
0 0 0 20 74 21 6 0 0 0 0 0 1 0 0 0
0 0 73 1 8 34 22 0 0 1 0 18 0 9 0 33
7 0 0 0 0 13 0 23 0 0 0 0 0 0 0 14
0 0 0 0 0 0 8 0 0 24 3 0 8 14 6 0
0 0 0 0 0 0 0 7 0 0 1 30 0 5 0 0
0 27 0 24 0 0 0 15 17 0 0 0 0 0 0 6
0 0 11 0 12 8 0 2 2 0 0 9 2 0 0 24
0 0 0 1 0 0 0 0 0 18 13 5 0 0 5 0
0 4 0 6 47 11 6 1 1 0 0 0 0 0 0 0
0 3 28 0 8 20 18 2 0 2 0 8 0 7 0 27
