0 16 2 0 10 28 31 28 0 30 0 0 45 7 0 24
11 12 0 0 0 5 20 10 17 0 2 31 24 20 7 18
7 31 0 0 26 0 18 14 9 2 0 0 10 0 45 32
0 26 7 0 32 16 0 45 36 0 0 58 0 0 9 0
0 16 4 0 0 31 18 16 0 27 0 2 21 0 0 21
33 5 0 0 0 5 0 5 13 0 0 15 16 7 1 11
7 22 0 0 30 0 30 8 2 0 0 0 0 0 23 48
0 28 2 0 41 19 0 32 45 0 0 0 0 0 12 0
0 2 8 1 10 29 19 20 0 29 0 4 19 0 0 16
29 19 0 3 0 4 0 6 13 0 0 24 12 3 6 15
9 11 0 0 22 0 22 6 12 0 22 0 0 0 51 30
0 21 0 0 35 18 0 41 34 0 2 0 0 0 6 0
0 18 5 0 0 31 29 14 0 24 0 0 21 9 0 19
30 5 0 0 0 6 0 10 13 0 0 23 17 7 6 11
8 19 0 0 19 0 20 8 11 0 7 0 0 0 36 34
0 23 0 0 36 20 0 42 45 0 0 0 0 0 0 0
