0 13 1 14 16 0 2 0 0 0 1 0 0 0 0 10
0 0 0 8 2 15 7 12 0 0 0 0 0 0 11 5
5 6 0 18 5 0 0 0 0 4 16 0 0 0 1 0
0 5 0 0 9 0 7 0 0 0 0 0 23 14 0 0
0 22 0 0 2 1 3 0 11 3 0 0 0 0 35 0
16 0 5 0 0 0 0 0 4 0 28 0 9 0 0 4
0 0 2 6 0 0 0 0 3 0 0 0 0 16 0 10
0 4 0 0 28 0 0 0 0 0 0 0 0 0 1 24
26 0 8 0 6 0 0 13 0 0 0 0 0 0 0 0
12 51 0 0 0 2 2 0 0 0 4 0 0 0 0 1
0 0 0 0 0 0 0 0 15 0 10 0 0 0 0 15
0 13 0 0 0 0 2 0 0 0 3 0 0 0 0 0
0 0 1 0 11 5 0 0 0 0 12 0 0 0 5 0
0 4 4 10 4 0 0 4 0 0 7 0 0 11 18 0
0 17 0 0 10 9 29 8 0 0 2 6 10 5 1 0
0 0 0 6 13 4 0 20 3 0 3 0 0 9 8 18
