20 0 0 2 0 0 15 8 18 0 0 23 9 0 37 21
0 0 26 25 0 0 5 0 3 0 0 0 0 0 35 2
0 0 19 0 0 0 0 25 34 19 0 0 0 9 0 0
11 10 0 0 0 0 5 0 0 0 0 0 0 16 0 0
2 6 0 0 0 0 18 40 0 0 1 2 0 0 0 0
1 5 6 11 5 28 0 13 0 3 0 0 0 13 0 0
0 3 16 11 2 14 24 0 0 7 19 5 0 6 11 0
0 19 0 8 6 6 0 0 5 0 41 0 39 0 0 5
7 0 0 0 9 0 14 0 4 0 0 24 0 0 36 10
0 0 16 21 0 0 0 0 5 0 0 0 0 0 37 9
0 0 21 0 0 0 0 11 12 19 0 0 0 8 0 2
0 3 0 0 0 0 4 0 0 0 0 0 0 15 0 0
0 6 0 0 0 0 18 27 0 0 3 0 0 0 0 0
1 5 3 9 0 13 0 14 0 0 1 0 0 0 0 0
0 4 14 7 3 15 19 0 0 2 7 0 0 6 11 0
0 0 0 0 2 0 0 2 9 0 37 0 22 0 0 7
