18 3 0 0 20 0 22 8 13 1 0 6 9 0 2 3
18 10 7 4 0 12 0 6 18 2 0 17 0 26 17 6
1 0 5 1 6 25 0 5 0 0 0 54 0 13 6 0
4 32 12 0 13 15 13 0 4 0 1 21 4 1 0 7
6 0 0 0 4 4 0 21 0 14 0 4 4 16 8 42
7 22 7 0 0 14 0 0 0 0 2 30 8 0 0 2
4 0 19 0 0 0 0 7 0 1 6 0 0 5 12 0
0 5 1 0 0 0 0 0 6 1 10 5 1 0 17 0
9 0 0 0 4 0 0 7 0 1 0 16 3 0 0 1
25 6 2 3 22 3 29 0 0 21 3 8 7 13 0 2
2 5 2 4 1 0 19 0 0 25 2 4 40 3 5 9
11 0 9 9 0 0 2 8 0 0 0 0 10 2 9 0
1 8 18 0 9 0 14 0 0 0 8 0 19 8 5 0
5 0 0 7 4 0 0 27 41 0 9 9 24 0 15 4
0 0 5 0 4 6 7 0 11 22 28 0 28 8 0 0
5 7 0 4 5 8 0 0 0 0 8 0 0 0 41 0
