0 0 14 0 0 9 0 0 1 0 4 0 0 0 0 0
0 0 0 0 5 0 0 0 0 0 0 0 0 0 0 0
0 0 0 7 0 0 0 10 0 0 0 0 0 0 0 0
0 0 0 0 4 0 2 0 0 3 0 0 2 0 0 0
0 0 0 0 10 1 0 0 0 0 0 0 0 0 0 0
0 7 0 0 0 0 10 0 0 0 0 0 0 0 0 0
0 12 0 0 6 0 0 0 0 0 0 0 0 2 12 4
0 0 0 0 0 0 0 0 0 0 0 0 0 6 7 0
0 0 12 0 0 0 0 0 0 0 0 0 0 0 0 0
0 0 5 0 0 0 0 0 0 0 0 3 12 6 0 0
0 0 0 0 0 0 0 0 0 0 0 0 0 0 0 0
1 12 0 0 0 0 0 0 0 0 0 0 0 0 0 0
0 11 0 0 0 0 2 0 0 6 9 0 3 0 0 0
5 5 5 7 0 4 10 1 0 1 0 0 0 0 0 0
20 0 0 0 0 1 3 0 0 0 18 0 3 23 0 6
0 0 0 0 0 0 0 0 4 2 3 2 5 0 0 0
