0 10 1 14 4 0 6 0 0 0 11 0 0 0 0 10
0 0 0 0 0 16 3 8 0 0 0 0 0 0 5 0
5 2 0 14 0 0 0 0 0 0 15 0 0 0 0 0
0 0 6 0 4 0 0 0 0 0 0 0 29 10 0 0
0 12 0 0 8 1 8 0 12 6 0 0 0 3 26 0
16 0 5 0 0 0 0 0 8 0 28 0 9 0 0 17
0 0 3 19 0 0 0 0 5 0 0 0 0 1 0 10
0 4 0 0 23 0 0 0 0 0 0 0 0 0 0 24
0 7 8 0 6 0 0 7 0 0 0 0 0 1 0 0
7 48 0 0 0 2 2 0 12 10 3 0 0 0 0 1
0 0 0 0 0 0 14 0 14 0 0 0 2 0 0 0
0 3 0 2 0 0 0 0 0 4 5 0 0 0 0 0
0 0 11 0 3 1 0 0 0 0 16 0 0 0 0 0
0 9 1 8 5 0 0 4 0 0 1 0 0 11 11 0
0 1 0 0 4 0 20 1 0 0 2 0 3 6 0 0
0 0 0 7 5 0 0 1 3 0 1 0 0 2 4 17
