0 0 0 0 3 0 14 0 0 4 0 0 0 0 0 0
0 0 0 11 0 0 0 0 0 0 0 0 0 0 0 0
2 0 0 0 0 0 0 0 7 0 0 0 0 0 0 0
0 0 0 0 0 0 0 0 0 1 0 0 7 0 0 0
0 0 0 0 0 0 0 3 0 0 0 0 0 7 0 0
0 0 0 0 0 0 0 0 0 0 0 0 0 0 0 0
0 0 0 0 0 0 0 5 0 0 0 0 0 0 0 0
0 0 0 0 0 0 0 0 0 0 0 0 6 0 0 0
0 0 0 0 0 3 0 0 0 0 0 0 0 4 8 0
0 6 0 0 0 0 0 0 0 0 0 0 0 6 1 0
0 0 0 0 0 0 0 0 0 0 0 18 0 0 0 0
0 0 0 3 0 1 0 0 9 9 0 0 0 0 0 0
0 0 2 0 0 0 0 10 1 0 0 0 0 0 0 0
0 0 0 0 0 0 0 4 1 0 0 0 0 0 0 0
0 0 6 0 0 0 0 0 0 0 0 0 0 0 0 0
2 3 0 0 0 0 15 0 0 6 0 0 0 0 10 0
