3 17 0 1 0 15 1 2 1 4 1 13 33 0 5 4
5 22 1 11 5 0 3 8 10 0 11 0 5 0 0 11
0 20 3 0 0 13 0 0 0 11 8 0 1 2 32 0
11 8 0 0 1 4 0 3 0 4 0 2 6 5 1 11
0 9 10 2 9 0 2 2 9 2 4 0 8 5 1 11
3 0 0 4 1 12 5 0 0 3 10 19 2 2 46 0
5 4 4 5 1 21 10 13 20 0 0 0 0 0 1 12
12 16 13 11 9 0 4 1 1 9 4 2 0 3 10 11
0 0 6 6 0 2 12 11 0 0 0 0 4 0 7 3
3 5 0 12 5 3 0 8 21 5 0 13 6 0 0 0
0 1 17 0 3 0 0 28 32 10 6 1 5 1 11 0
0 0 6 0 9 0 0 1 23 0 5 0 0 20 0 23
2 0 20 0 0 4 0 0 0 6 4 2 17 19 0 1
0 0 0 4 10 2 0 3 8 6 0 0 13 0 17 0
4 9 2 2 7 21 0 2 1 0 0 11 20 6 2 26
0 18 0 3 1 6 0 0 0 0 0 18 3 0 6 2
