6 0 2 28 3 0 0 0 6 0 9 47 0 24 0 9
0 0 0 10 0 0 0 10 0 0 18 0 2 0 9 0
0 0 0 0 0 10 6 0 0 2 0 0 0 0 2 0
15 23 3 0 7 10 13 0 0 2 5 0 7 6 0 0
0 5 0 0 7 18 2 0 2 4 0 0 9 3 1 5
0 7 0 4 13 6 0 0 0 0 0 13 0 0 0 0
0 0 0 18 0 6 5 0 10 1 8 0 0 0 12 0
0 0 0 0 0 0 0 6 0 0 6 0 0 2 0 0
4 5 0 5 0 6 21 0 2 0 0 0 9 2 17 0
7 0 0 0 1 3 0 12 15 0 0 7 1 0 1 0
0 17 0 0 0 0 0 9 0 0 0 4 0 0 3 19
7 8 4 0 0 0 0 0 2 0 31 0 0 0 0 5
0 0 0 1 6 6 0 11 0 0 8 1 0 0 0 0
10 0 9 0 3 0 8 0 2 0 5 7 0 0 0 0
0 0 1 0 5 15 0 0 8 14 6 6 15 10 2 2
11 15 0 0 0 0 10 0 0 0 15 0 13 0 11 0
