62 0 0 0 20 0 0 0 16 62 0 38 12 43 0 0
0 10 16 0 16 46 0 58 0 3 0 4 39 0 0 27
0 6 0 18 0 40 15 0 0 0 0 1 16 12 0 0
110 0 18 0 0 5 0 0 0 35 0 37 0 21 0 0
0 58 0 23 0 41 0 0 9 7 25 7 25 0 5 12
7 66 0 11 12 24 0 1 0 0 9 33 0 2 10 0
7 13 9 0 23 20 0 0 30 0 0 0 3 0 0 0
0 0 0 99 0 0 0 0 0 0 0 10 0 17 0 0
13 59 14 1 22 33 21 0 6 30 0 41 0 8 0 29
0 0 0 38 17 23 0 0 0 0 22 15 14 0 16 20
0 0 0 13 0 0 4 15 0 0 16 33 0 0 0 8
0 9 0 0 14 1 0 0 53 0 0 0 15 0 0 0
0 6 0 6 0 14 0 0 0 23 0 10 8 0 0 0
0 0 0 1 20 12 0 24 0 0 8 30 0 0 52 0
0 16 0 16 0 20 0 0 0 27 0 0 0 0 0 0
0 0 0 0 30 0 0 0 0 0 10 0 0 14 0 0
