0 1 10 0 1 0 1 17 0 7 0 2 0 2 10 11
1 14 1 0 6 22 0 0 0 0 0 1 0 10 11 13
5 7 11 7 0 0 0 0 2 0 0 19 0 1 11 11
0 0 1 0 0 5 0 0 8 12 0 0 4 0 27 0
0 4 0 2 4 0 0 12 5 29 18 0 0 5 4 0
0 0 8 1 0 34 0 0 5 10 5 0 0 2 13 4
0 0 0 4 1 4 13 4 7 0 8 11 7 7 5 5
2 2 8 0 8 0 12 0 2 0 28 0 0 2 0 5
0 1 5 0 0 3 13 11 3 14 0 0 3 1 0 1
0 9 0 0 13 22 0 0 0 4 0 0 9 1 1 0
13 10 0 0 0 6 0 1 11 7 19 0 4 0 2 0
0 4 1 2 1 0 3 0 1 11 0 18 5 4 8 0
0 0 3 14 5 15 0 21 1 0 0 0 3 0 0 0
1 1 0 0 0 2 0 6 0 0 15 6 0 0 0 1
0 4 2 4 1 5 0 4 0 14 6 0 2 0 8 5
0 0 0 2 0 0 1 10 1 8 1 10 7 0 0 0
