7 10 37 3 2 20 17 1 19 19 18 5 21 18 4 26
0 0 26 4 13 0 6 6 0 3 1 12 4 54 9 5
3 19 0 0 0 0 0 0 2 0 20 0 6 5 1 21
0 7 6 0 0 0 0 11 7 15 0 0 22 0 0 0
9 4 25 8 3 0 21 22 4 19 4 0 8 0 14 24
0 0 0 12 6 0 14 43 0 1 18 18 4 0 1 18
60 15 5 2 0 0 0 3 0 0 29 15 3 3 2 0
0 6 3 7 0 1 6 0 1 20 6 0 9 2 6 6
0 14 6 12 4 23 7 0 2 13 0 0 0 9 4 21
0 0 1 8 3 10 0 0 0 0 2 6 24 27 0 16
0 0 0 0 0 0 1 14 9 1 31 19 9 9 10 0
0 25 3 0 0 0 20 0 0 23 0 0 3 0 1 6
0 16 18 9 11 0 1 4 0 5 0 1 35 4 15 2
0 4 14 8 1 9 53 0 0 0 22 1 3 0 0 9
0 7 5 3 1 0 1 28 2 13 20 23 0 6 6 30
0 6 0 2 0 7 17 0 0 10 6 0 24 1 7 12
