0 0 14 0 0 7 0 0 3 0 2 0 0 0 0 0
1 0 0 0 1 0 0 0 0 0 0 0 0 0 5 0
0 0 0 0 3 5 0 0 0 0 0 0 0 0 0 5
0 0 0 5 1 0 0 0 0 0 1 0 1 0 0 0
0 0 0 0 10 1 0 0 0 0 4 0 0 0 0 8
0 13 0 0 12 0 0 0 0 1 0 0 0 0 0 10
5 5 0 0 11 0 0 0 0 0 0 0 0 1 0 0
0 0 2 0 0 0 2 0 0 0 0 0 0 6 0 0
0 0 4 0 0 0 0 0 1 0 1 0 2 0 0 0
0 0 5 7 0 0 0 0 0 0 0 7 3 0 0 0
0 0 0 0 0 0 0 0 0 0 0 0 0 0 0 0
1 12 0 0 0 0 0 0 0 0 4 0 0 6 0 0
0 0 0 0 0 0 0 0 0 0 0 0 0 0 0 0
2 1 0 0 0 4 12 0 0 1 1 0 0 0 7 0
0 0 0 0 0 0 1 0 0 0 0 0 5 0 0 5
0 0 0 0 5 0 0 0 2 2 17 0 0 0 5 0
