6 0 0 0 0 0 7 0 0 8 1 0 0 0 0 7
0 17 0 0 4 0 0 0 2 0 0 0 0 0 0 7
6 0 8 3 0 32 0 0 0 3 0 0 9 0 16 2
2 0 0 5 0 0 0 0 16 0 6 1 11 17 0 0
0 0 0 22 0 0 0 0 3 0 1 0 0 0 0 16
0 0 0 1 0 0 0 0 0 0 6 0 31 0 0 0
4 0 6 0 0 19 0 0 4 0 0 4 0 0 0 19
1 5 22 2 2 0 0 0 3 10 0 3 0 5 0 0
0 0 3 0 0 0 0 8 0 0 0 0 9 0 1 0
0 0 0 24 0 0 0 0 5 0 0 13 3 0 3 0
0 0 6 0 0 4 0 22 2 2 0 0 0 3 11 0
0 0 0 0 0 0 0 6 0 0 1 0 0 20 0 0
9 0 2 0 0 0 0 0 0 0 6 21 0 0 0 0
0 0 0 2 15 2 0 0 1 0 0 0 2 0 0 0
0 0 0 0 0 28 0 2 0 2 0 20 0 12 0 25
0 32 0 14 4 10 1 0 0 0 0 0 0 0 1 4
