0 0 11 0 0 9 0 0 0 0 0 79 0 0 0 0
0 0 0 0 0 0 13 0 0 0 0 0 0 0 0 0
0 3 0 0 0 12 11 0 0 0 0 0 0 0 0 0
0 0 0 3 0 0 0 0 0 0 0 2 0 0 0 0
4 6 0 0 0 0 0 0 0 6 3 2 0 0 0 0
0 0 0 7 0 0 0 0 0 26 0 1 0 0 0 0
0 0 5 5 1 8 0 0 1 0 11 0 0 0 8 0
0 12 0 0 0 0 0 0 0 0 0 2 0 0 0 1
0 0 0 0 0 0 0 7 0 8 0 0 1 0 0 0
0 0 0 0 23 0 0 9 0 0 0 0 0 0 5 0
9 0 3 0 0 0 0 6 0 0 7 0 27 0 0 0
0 0 0 0 0 0 0 0 4 0 0 12 0 0 0 0
0 0 0 0 0 9 0 15 0 0 0 0 0 0 0 10
0 0 0 0 0 0 0 0 9 2 0 13 1 0 6 0
0 0 0 0 0 0 0 5 0 1 0 25 0 16 0 0
0 0 16 0 28 0 0 0 13 0 17 0 17 0 7 0
