8 17 7 8 3 0 0 22 14 0 0 0 0 0 0 0
0 0 0 0 0 0 5 0 21 27 2 0 20 12 28 0
0 0 0 0 0 0 0 6 0 0 0 14 0 0 7 0
0 8 4 9 5 12 11 16 12 0 0 12 0 30 0 30
0 5 16 0 4 14 3 13 10 0 44 0 0 0 0 10
0 9 0 0 9 8 0 0 0 20 23 0 0 0 0 0
0 8 0 0 21 13 0 0 0 2 12 0 0 0 0 0
0 0 5 0 1 14 18 0 10 19 0 1 0 0 16 28
0 6 8 0 0 0 0 36 0 0 0 0 0 14 0 0
0 0 0 0 0 0 6 0 0 0 0 0 12 9 32 1
27 0 0 0 5 0 6 15 23 0 0 0 0 7 14 0
0 0 8 1 0 1 0 3 26 0 0 0 0 8 3 0
0 0 6 0 0 14 8 5 11 0 30 14 0 0 13 3
0 0 0 0 0 0 0 0 0 3 19 0 0 0 0 8
7 8 0 0 9 0 12 0 0 0 17 0 0 0 0 0
0 8 0 0 4 14 19 0 1 0 9 12 9 3 11 9
