0 0 0 9 3 24 0 22 21 0 5 0 24 14 16 4
0 0 16 13 0 1 11 3 10 0 12 0 0 0 12 15
1 0 9 0 0 19 3 13 0 0 13 0 0 2 2 36
4 7 0 0 13 0 8 24 21 11 42 0 0 15 21 0
18 1 7 0 0 0 0 21 0 22 8 17 37 30 0 0
18 3 11 21 0 0 6 8 0 0 3 0 9 0 34 18
0 0 0 0 0 1 7 0 0 34 0 0 0 17 15 29
0 0 1 0 0 3 0 0 8 9 17 8 0 2 0 0
0 0 47 0 17 0 5 11 0 1 27 4 11 0 15 3
5 0 26 0 2 13 28 0 31 0 0 4 27 16 15 0
14 0 16 0 0 10 0 1 0 0 0 19 12 12 24 2
9 13 5 0 0 0 0 0 0 0 5 9 37 14 2 13
22 0 0 0 27 0 10 0 10 0 91 34 23 0 0 21
2 13 14 24 0 0 15 27 0 0 18 13 0 0 0 0
0 17 0 0 0 0 0 26 61 0 30 0 18 7 11 0
29 0 3 0 0 0 18 33 0 9 0 16 0 21 0 42
