9 0 0 0 1 8 15 1 0 1 3 3 0 0 7 0
12 4 3 0 0 0 2 0 6 0 30 0 0 0 0 5
1 2 14 3 7 12 0 0 2 5 0 1 5 3 23 4
0 6 3 1 0 25 10 0 14 0 4 3 2 0 5 0
4 0 0 22 0 0 28 7 0 0 0 0 2 3 0 34
0 1 0 0 0 0 3 0 0 0 5 1 21 0 2 0
3 2 4 11 0 22 3 0 0 0 0 0 10 3 0 6
7 4 3 4 29 6 0 0 7 6 5 6 7 0 0 9
0 8 13 0 7 0 3 22 0 5 2 0 10 0 3 5
6 3 0 14 11 3 0 0 3 0 0 20 8 0 0 0
0 0 4 0 0 0 0 17 14 0 5 0 3 0 0 0
0 0 5 3 0 3 0 4 0 0 0 0 8 10 0 8
14 0 9 3 0 1 4 9 0 7 8 17 5 0 0 3
0 8 0 0 20 0 0 0 4 2 6 0 0 4 0 5
7 0 2 2 31 15 2 15 7 0 6 21 1 17 7 23
0 31 0 8 0 8 0 3 0 5 0 13 0 3 0 3
