3 27 7 0 0 0 13 10 0 1 2 0 0 0 5 0
5 4 0 0 0 20 3 2 1 0 0 0 5 0 0 0
3 0 6 0 0 0 0 0 0 12 0 10 9 10 4 0
13 4 0 13 0 0 1 0 33 0 0 0 11 23 3 6
0 0 0 13 0 0 50 1 2 0 0 0 0 7 0 0
0 0 0 12 0 0 0 0 0 3 18 0 24 0 0 0
0 1 8 0 0 10 20 0 11 4 0 0 0 0 0 7
0 0 15 1 54 0 1 7 1 15 17 0 0 16 0 16
0 0 0 4 0 0 0 8 0 0 0 0 9 0 0 19
0 1 0 0 2 0 0 0 14 0 10 3 0 0 0 0
3 1 0 0 0 0 11 64 6 0 0 4 19 0 3 31
0 3 0 0 0 0 0 1 0 0 0 0 0 20 0 0
17 0 19 0 0 0 0 0 0 11 0 18 0 10 0 0
0 0 1 5 36 4 0 0 0 8 0 0 5 0 20 0
0 0 4 0 0 0 0 8 1 4 0 17 0 0 28 22
0 36 0 3 0 3 0 10 0 0 0 0 0 0 13 0
