0 10 0 0 2 15 4 9 50 0 1 4 0 6 0 0
0 12 0 0 8 0 0 0 0 0 7 0 12 8 0 0
11 0 6 0 0 0 3 3 0 0 0 0 3 15 0 8
0 0 0 2 0 0 0 0 0 0 0 0 0 0 14 0
0 0 0 0 5 5 0 0 0 3 9 50 0 0 1 0
0 0 0 0 0 0 5 30 0 0 14 2 0 0 0 0
13 0 0 0 8 10 0 0 19 4 3 0 7 0 0 3
18 11 0 0 0 1 4 11 0 0 0 24 0 0 0 0
13 0 0 0 0 0 0 9 0 1 1 23 0 5 0 22
0 12 8 7 0 0 16 13 0 0 0 13 16 0 0 0
15 0 4 0 0 2 0 3 8 0 0 0 0 0 3 5
0 0 11 0 0 0 16 8 32 0 0 0 19 9 16 0
0 3 17 4 35 0 24 0 0 0 0 15 10 0 0 0
0 9 0 0 0 0 3 0 0 0 0 0 0 0 10 27
0 0 0 0 18 0 0 0 11 0 18 0 0 0 0 0
0 3 3 1 0 0 1 9 3 0 5 0 17 17 0 0
