0 37 0 49 0 0 20 0 0 0 0 18 39 40 42 0
1 1 0 7 25 40 16 3 24 36 1 14 0 33 42 39
8 45 31 1 9 0 2 7 15 0 8 11 16 0 3 28
31 7 10 4 4 54 18 0 0 41 14 11 7 0 0 10
11 28 0 12 4 1 15 5 26 0 35 0 5 0 13 15
1 44 36 0 1 32 0 0 0 0 6 8 27 43 0 0
11 38 0 8 20 0 1 48 41 1 39 7 17 10 9 16
30 0 0 31 59 20 0 52 63 20 0 40 11 0 16 4
17 31 3 8 17 41 0 17 1 0 0 19 16 35 3 19
5 14 26 44 2 13 19 15 0 30 0 19 0 0 0 0
1 12 6 11 6 11 0 28 27 0 0 31 35 0 24 0
0 44 25 29 21 1 7 0 9 0 13 15 10 47 0 11
23 16 24 0 0 20 6 7 8 0 9 7 20 0 1 6
15 46 6 29 13 29 24 52 0 0 0 25 3 0 15 19
1 28 35 16 33 0 10 0 34 37 0 28 0 38 0 30
41 13 1 0 39 0 0 28 0 4 11 16 22 10 12 0
