0 48 0 0 14 27 16 2 73 13 26 0 33 14 1 81
10 2 5 28 4 23 0 6 2 0 25 4 40 31 10 0
59 7 10 26 17 8 0 41 40 19 1 30 17 0 27 20
1 27 47 0 0 18 0 0 2 71 39 23 35 0 16 53
29 47 2 0 8 35 5 1 23 21 19 28 15 0 16 11
35 19 8 20 17 40 0 46 0 22 29 5 2 87 41 0
50 0 53 0 0 34 2 0 2 45 11 9 61 79 14 8
0 32 12 8 53 15 0 49 11 10 72 0 2 47 19 60
2 52 5 6 26 48 34 0 58 0 28 0 57 1 9 61
1 25 0 72 0 0 2 8 10 0 34 2 57 29 8 0
53 31 18 0 11 5 0 41 36 23 7 47 50 0 11 19
1 18 38 0 0 0 0 0 6 53 62 20 27 11 12 62
0 47 2 0 19 35 4 1 19 21 38 21 28 16 41 21
33 0 25 30 0 5 0 27 0 0 27 4 1 82 41 0
23 0 52 0 6 34 10 0 2 34 1 0 46 39 39 0
0 17 41 17 2 6 0 12 4 10 81 0 21 21 18 1
