11 8 0 49 0 21 3 0 0 0 0 4 31 34 32 0
5 18 0 32 11 47 29 35 23 36 1 9 13 17 38 18
0 55 13 3 0 46 0 1 4 0 51 25 51 0 1 28
27 8 0 3 1 23 15 0 22 32 33 37 9 0 0 8
15 14 0 0 3 37 11 16 25 6 32 0 0 69 9 14
5 53 21 0 7 29 0 0 0 0 27 9 20 31 0 16
25 0 0 42 4 5 22 52 33 2 0 0 4 6 10 1
0 18 0 33 37 1 4 46 77 0 0 42 13 16 17 22
35 31 34 25 0 56 38 0 37 0 0 13 17 8 24 0
19 20 34 0 0 1 27 48 29 14 0 0 0 0 0 3
5 13 7 10 26 0 0 35 22 7 0 21 24 0 20 0
0 52 27 51 8 1 8 9 8 0 0 26 7 47 0 0
29 23 31 0 0 19 24 6 5 0 0 41 9 0 7 3
19 17 22 22 14 18 16 3 13 0 0 15 0 17 0 33
13 0 29 19 0 0 46 0 18 40 0 12 0 17 18 23
39 0 31 0 48 0 11 6 0 21 3 1 0 59 2 0
