14 23 0 5 16 15 16 11 3 2 33 12 0 24 13 19
0 0 69 0 0 0 0 5 0 9 0 0 0 12 0 47
16 0 54 29 1 7 4 34 7 34 10 21 1 48 0 1
6 0 0 3 18 0 14 0 20 19 0 0 0 38 0 39
2 6 0 4 96 67 0 57 18 8 58 0 0 3 0 21
0 0 11 0 0 0 0 5 0 0 0 0 0 10 0 28
16 0 13 24 3 5 30 19 10 34 48 32 0 31 0 1
0 0 0 21 29 0 17 0 10 12 17 0 0 14 0 16
0 15 0 0 1 85 44 33 20 0 52 0 16 15 0 18
13 0 3 0 0 0 0 17 0 24 0 0 0 7 12 31
0 0 74 34 7 20 5 31 8 33 0 31 0 19 0 18
0 0 22 7 16 0 17 0 0 33 0 0 0 35 11 30
9 5 0 12 1 51 3 17 10 0 13 11 0 2 15 0
16 2 4 0 0 0 0 48 0 0 0 0 0 11 0 15
21 0 21 9 13 55 44 0 27 34 0 33 7 12 0 27
2 0 0 0 20 0 27 15 18 7 0 15 9 0 0 35
