9 33 20 48 0 24 23 0 9 0 14 53 0 36 91 35
6 4 0 8 7 6 24 15 67 0 2 0 12 32 0 2
90 0 123 0 0 57 21 0 7 18 0 75 0 7 55 22
14 10 0 5 58 7 13 16 34 0 19 0 1 0 0 30
28 11 27 28 25 14 20 0 62 11 4 0 0 35 27 0
37 92 0 33 0 1 0 15 46 32 0 21 89 22 0 0
9 0 46 0 17 33 41 3 15 0 19 0 10 0 28 12
11 71 23 39 0 4 2 13 0 59 41 49 38 37 11 0
0 36 20 58 8 0 0 0 2 0 0 13 0 9 49 27
0 4 3 0 12 12 14 9 17 0 0 11 10 11 0 0
33 0 44 0 2 54 4 21 9 14 32 73 4 0 54 17
14 10 4 0 0 7 0 16 34 0 0 0 1 7 0 0
32 13 20 49 30 26 49 6 21 2 11 31 0 28 35 0
39 12 0 33 16 8 0 13 43 32 0 17 72 19 11 0
0 0 46 24 10 24 6 3 0 0 19 0 10 3 26 12
14 68 21 29 0 0 2 13 2 54 35 27 38 33 21 0
