0 40 9 0 3 0 3 2 77 35 33 0 57 20 1 61
45 28 7 6 8 22 0 15 12 0 8 0 54 6 5 0
46 31 26 23 2 39 0 47 32 27 68 1 15 0 25 33
10 25 45 0 0 0 22 0 6 83 35 16 30 14 49 62
25 38 7 0 0 17 7 1 6 25 41 27 8 0 20 2
33 23 3 41 27 69 0 46 0 44 22 62 1 28 30 0
9 0 42 19 19 34 13 19 9 33 3 1 62 54 37 4
0 9 1 7 1 0 0 7 16 29 72 35 2 26 17 22
0 64 1 0 39 31 3 13 35 17 48 0 54 1 7 71
1 6 22 50 3 11 9 3 0 0 23 9 52 0 48 0
49 0 22 0 2 25 0 34 32 17 27 0 13 0 5 40
4 19 52 0 8 0 0 0 15 47 71 36 28 3 30 62
20 36 9 0 0 14 4 1 22 29 32 2 0 39 21 3
31 0 1 7 0 109 0 18 8 12 20 13 19 68 41 0
27 0 50 16 0 25 35 3 2 36 1 15 58 54 54 11
0 27 14 0 35 0 0 28 13 25 71 13 0 59 3 1
