0 0 0 9 0 0 17 0 1 7 45 8 0 0 37 0
18 7 8 0 0 0 11 109 13 29 31 0 0 0 0 0
0 2 0 0 0 0 0 27 46 0 12 0 0 12 0 26
0 22 18 10 27 0 1 0 0 0 0 22 0 44 0 30
0 0 18 9 0 38 0 13 21 14 5 13 0 9 0 0
0 0 6 0 72 28 52 0 54 0 119 10 0 0 0 19
0 22 0 13 0 0 13 0 9 0 103 0 0 0 0 46
62 11 25 0 20 41 0 34 49 5 0 0 0 0 0 0
0 0 0 30 0 0 22 10 0 0 27 0 33 66 9 2
12 3 0 0 18 0 0 22 0 3 22 12 15 0 6 4
0 0 0 13 43 18 21 0 0 12 14 13 0 0 51 0
36 70 0 22 9 33 0 33 14 0 4 0 61 0 0 7
0 68 0 96 15 27 0 126 21 8 0 21 7 23 0 24
40 86 40 0 1 8 23 0 0 0 0 31 0 0 14 28
23 0 23 31 0 0 19 6 2 0 0 0 0 19 12 22
0 0 15 0 0 18 5 0 0 4 15 8 22 0 0 10
