0 55 27 0 10 10 0 5 86 27 44 2 57 16 1 85
22 28 0 42 4 31 19 1 12 0 30 0 53 1 2 0
58 11 10 23 27 8 0 29 41 20 4 0 1 0 5 19
1 43 56 0 0 31 0 0 10 63 42 0 11 22 30 62
28 37 1 0 21 26 1 9 11 29 0 0 22 0 30 2
36 39 23 28 7 26 0 48 0 18 39 26 9 50 41 0
27 0 56 0 0 34 1 1 3 45 1 9 50 54 31 10
0 24 3 45 29 0 0 14 13 22 45 0 0 25 40 1
0 40 45 0 35 4 8 24 50 21 39 25 44 1 1 76
13 30 0 26 0 26 0 1 9 0 27 0 44 0 2 0
46 31 0 20 14 20 0 32 43 20 42 0 1 0 26 58
27 43 41 0 0 5 0 0 10 24 77 7 38 5 12 49
13 24 12 0 13 5 20 7 16 29 41 12 23 12 21 19
28 34 23 13 0 109 0 23 3 35 7 5 2 51 41 0
24 0 53 13 0 34 1 0 4 27 3 9 64 30 42 0
0 28 58 13 5 9 0 42 13 2 51 0 30 38 27 29
