8 4 0 5 4 0 20 0 0 0 0 13 11 4 11 0
2 8 4 13 9 8 15 8 3 0 1 3 2 7 9 11
12 4 3 0 18 59 21 4 8 3 6 6 19 31 9 1
2 8 10 22 6 30 1 0 0 8 11 5 3 0 0 10
3 11 0 10 30 20 6 8 12 34 3 5 0 0 7 4
7 6 6 0 7 3 0 0 0 0 12 22 1 6 2 4
49 28 2 10 9 15 27 19 12 0 23 7 13 14 6 20
20 3 0 3 1 16 0 6 17 16 0 2 26 11 23 29
31 10 49 15 15 22 9 0 10 0 0 13 2 11 9 21
17 0 0 24 0 7 7 4 9 22 0 23 0 0 0 0
5 17 9 14 6 4 5 1 27 8 0 5 26 0 1 1
0 12 11 33 2 5 2 4 8 5 12 0 4 6 0 15
7 18 13 0 14 4 14 0 6 0 8 6 2 0 0 0
2 38 26 13 10 3 16 12 18 0 14 3 2 11 6 1
7 33 31 18 29 0 13 0 7 14 7 3 0 9 27 4
7 7 10 30 9 0 0 26 1 8 13 8 21 39 7 0
