6 17 0 19 0 0 17 12 0 34 30 7 0 0 0 0
11 0 18 30 12 1 8 22 5 4 0 0 7 0 0 42
0 3 0 0 0 17 37 30 21 0 21 0 0 0 0 21
35 0 25 0 18 0 2 1 0 0 4 13 4 0 11 15
0 0 8 25 0 45 0 25 16 12 19 17 0 0 0 0
0 0 0 11 0 0 0 3 23 12 12 7 0 0 0 14
0 2 0 0 26 0 11 0 0 0 46 0 0 0 0 45
50 10 0 0 14 0 0 12 19 20 0 0 0 0 8 0
9 0 3 30 0 0 0 3 0 0 23 14 39 28 0 17
8 21 6 0 18 0 0 18 1 0 22 18 5 9 0 24
0 0 0 20 17 71 17 0 0 21 0 14 0 0 8 5
33 38 0 0 16 33 7 15 14 20 8 0 3 0 6 20
2 12 8 0 0 24 6 10 0 1 0 28 1 21 0 16
0 17 34 0 19 0 15 0 0 0 23 6 35 0 15 28
18 0 18 44 0 0 8 0 24 0 65 5 0 20 8 30
0 0 23 0 19 21 1 0 0 0 19 0 20 0 8 7
