17 17 0 17 0 0 4 7 12 19 13 4 0 0 0 0
23 0 3 11 14 3 12 9 10 32 0 0 4 0 29 50
0 4 0 5 10 5 53 4 20 0 35 0 0 0 0 2
7 2 4 4 13 0 1 2 20 0 16 6 28 32 9 8
0 0 5 7 1 0 0 20 0 0 0 9 0 0 0 0
0 0 7 28 0 39 17 0 50 21 0 5 22 9 0 4
0 23 10 4 33 0 3 5 2 2 33 24 0 0 0 49
31 17 2 0 12 0 0 21 11 40 0 0 0 4 33 0
11 0 0 4 0 5 3 5 0 0 4 15 19 18 12 25
17 9 7 0 4 0 0 4 3 2 14 4 0 1 0 3
0 0 0 2 3 12 2 0 0 14 9 6 4 0 56 7
1 25 22 4 0 0 0 1 9 10 16 0 6 0 19 3
0 43 9 31 0 2 11 14 18 11 0 14 35 1 0 8
11 74 34 0 8 1 0 26 0 0 16 0 1 0 3 1
0 8 1 1 5 0 4 5 13 0 0 0 0 16 4 0
0 0 26 11 17 1 1 6 1 0 4 0 0 26 5 15
