13 3 7 0 0 18 17 0 13 4 25 3 3 0 10 1
30 0 0 23 0 0 0 6 11 0 0 0 8 18 17 0
0 0 0 0 0 16 1 0 0 6 0 0 0 19 1 0
1 7 0 27 0 13 9 2 0 14 20 0 2 0 9 3
5 0 0 0 0 0 11 0 5 3 0 9 1 0 7 2
11 11 0 13 1 0 17 7 0 5 0 20 0 5 0 1
0 68 15 0 0 0 0 0 0 0 3 11 14 9 8 0
0 0 0 18 6 0 0 0 0 46 0 17 6 17 11 46
13 0 18 1 21 20 0 16 6 4 0 2 0 0 34 0
31 0 0 0 4 6 11 13 31 0 11 7 20 0 11 0
0 3 6 0 7 31 2 0 0 0 8 11 13 0 0 10
0 2 12 0 0 0 0 0 0 0 7 0 5 0 12 6
2 23 18 0 1 0 1 8 18 8 0 9 2 13 0 7
0 7 5 2 0 7 2 32 38 0 1 15 0 17 0 14
25 1 1 2 0 0 0 19 0 0 6 0 0 22 6 0
20 10 7 0 2 4 3 0 10 10 0 1 12 8 15 0
