-1 6 -6 -4 6 -3 2 -11 -7 -17 -9 -15 -11 -10 -10 -4
-2 -2 -7 -8 -10 -17 -15 -13 -2 -7 -7 -8 -2 -2 -11 -4
-11 2 6 9 11 3 -8 -2 5 -11 -10 -7 1 -2 5 2
6 -8 6 5 5 5 3 11 11 -6 1 1 6 12 7 1
8 4 2 6 1 -2 0 0 8 12 12 7 6 13 -1 4
-7 -10 -6 -11 5 -6 -9 13 2 -4 -11 -15 -13 -5 0 -15
-3 -11 -10 -2 -11 -13 -14 -1 -3 -7 -5 7 0 6 -10 -3
17 13 -1 -14 -8 11 5 -3 -6 -10 -3 -7 3 6 1 -13
-13 -17 -16 -15 -5 -19 -8 -16 -10 -6 1 -17 -8 -11 -8 -16
-19 -12 -12 -20 -15 -2 -10 4 -6 9 -1 8 2 2 -1 -12
-17 -1 2 -7 2 -4 -3 -13 -2 -4 -15 7 0 -2 6 -7
-9 -9 -2 -6 -5 -3 0 -1 -1 -5 -8 2 -7 -3 -7 -1
3 1 -5 8 3 -2 2 1 1 -3 2 8 7 -14 -13 -3
0 0 -7 -2 0 -9 -13 -3 -7 -2 -7 -1 -14 -15 -3 0
-4 -4 -7 -10 -9 5 6 -2 -4 -2 -3 -5 -4 9 -8 -9
-4 -12 -5 -7 -22 -6 -11 -5 2 6 6 -1 -7 3 6 -8
