12 7 0 7 2 27 6 29 9 41 9 8 0 0 24 20
0 0 1 6 0 0 0 27 0 0 0 0 0 14 0 8
1 0 3 13 9 20 66 29 8 31 7 15 8 44 0 42
0 0 0 0 0 0 6 6 14 47 0 0 0 0 0 20
5 2 0 3 6 2 4 10 4 0 34 8 3 13 21 21
16 0 27 0 0 0 0 53 0 0 0 0 0 16 0 75
11 0 85 30 1 18 0 29 12 27 13 30 12 22 0 13
6 0 0 20 20 0 14 0 16 14 0 0 0 0 15 7
11 34 0 8 2 17 28 4 14 26 7 13 6 4 5 14
0 1 0 0 0 0 0 36 0 36 0 0 0 18 4 27
10 0 18 32 7 6 0 13 18 32 0 33 10 40 0 22
2 0 3 0 12 0 27 0 18 11 0 0 0 9 16 16
15 10 0 13 14 94 2 12 4 0 18 13 0 0 30 13
0 0 1 0 0 0 0 26 0 0 0 0 0 19 0 31
9 0 1 20 6 5 28 22 6 31 10 32 7 16 0 52
0 0 0 12 0 0 22 0 0 35 5 40 0 6 0 6
