0 0 33 7 0 0 23 0 0 0 2 0 0 0 0 0
0 0 27 0 0 0 0 0 0 0 1 0 0 0 0 0
8 0 0 0 4 0 0 0 0 0 0 0 0 0 0 9
11 0 9 0 0 2 0 0 0 0 0 15 0 0 0 0
12 0 5 0 0 0 0 0 0 8 0 0 0 0 0 0
0 0 0 5 0 0 0 0 0 0 2 3 0 0 1 0
0 0 1 0 9 0 0 0 0 1 0 0 0 0 0 5
0 0 0 0 0 0 0 19 0 0 0 0 0 0 0 0
0 0 0 4 0 0 0 0 0 7 0 0 0 0 0 0
0 0 0 3 0 0 0 9 0 2 0 0 0 0 0 0
0 0 1 0 1 0 0 0 9 0 0 6 3 0 3 0
0 0 3 0 1 0 0 3 0 0 0 0 0 0 0 0
0 0 4 0 0 1 0 11 0 0 4 0 23 0 0 3
0 0 0 0 0 0 0 0 1 0 0 0 0 11 0 0
0 0 0 21 0 0 2 0 0 0 0 0 0 0 0 0
0 0 0 0 0 0 1 0 0 3 0 0 0 0 0 2
