26 14 20 127 0 3 0 0 49 0 0 25 0 3 36 29
0 11 4 17 68 80 11 19 0 70 0 55 27 0 0 0
86 0 120 0 0 55 27 0 0 23 0 51 0 52 53 21
13 10 0 0 8 8 26 16 27 2 38 0 15 0 0 19
17 26 51 40 32 5 107 0 127 69 9 0 0 20 0 0
35 37 0 38 0 7 0 0 47 29 12 31 102 20 0 0
12 0 45 0 22 45 0 10 28 34 36 0 16 7 35 6
18 16 23 16 0 0 2 13 75 55 65 32 41 55 3 4
0 54 23 77 29 0 0 0 27 0 0 42 0 0 32 48
43 3 0 0 67 4 0 29 59 0 0 16 32 0 0 0
65 0 114 0 0 47 0 57 36 82 29 53 0 4 127 18
14 10 19 2 0 6 0 13 28 0 20 0 2 52 0 0
0 28 0 29 29 38 71 0 21 0 18 28 0 38 95 0
46 37 13 26 26 3 0 27 0 29 6 40 62 19 60 0
1 0 44 17 0 67 45 28 0 0 10 0 15 0 0 0
0 27 23 14 0 0 2 13 0 63 19 38 39 13 0 2
