52 0 0 31 22 0 74 19 0 0 0 14 25 11 10 55
73 29 0 0 0 0 0 0 44 10 2 0 0 0 0 0
16 0 0 26 0 33 2 9 31 0 0 3 17 13 16 0
31 32 23 6 57 0 15 0 13 23 0 0 6 0 20 43
15 16 10 0 19 4 28 38 0 0 21 0 18 26 22 0
0 0 0 0 8 0 0 23 0 25 15 85 0 0 0 11
59 30 75 0 0 19 16 5 21 25 6 36 14 0 7 32
0 7 38 0 6 5 0 26 53 0 7 0 103 16 0 0
99 0 74 13 25 0 0 23 127 1 77 21 15 3 0 0
0 29 0 26 13 22 0 10 0 0 0 17 29 37 1 5
68 18 0 0 0 35 0 17 14 36 0 0 16 8 12 8
0 0 0 12 26 0 0 24 0 11 21 21 16 20 0 4
13 11 0 32 0 0 0 10 23 20 0 0 0 0 0 12
6 9 20 8 0 65 26 0 0 0 0 0 0 28 16 5
29 16 0 2 23 18 22 0 0 69 0 0 5 18 0 34
12 0 0 0 117 0 21 23 17 0 14 22 0 0 0 0
