34 17 9 0 6 0 18 0 9 0 32 0 11 0 16 13
39 27 15 19 0 0 9 9 3 0 0 0 0 19 18 0
24 0 0 0 0 69 4 0 12 18 3 0 0 30 12 1
68 15 4 34 0 16 30 14 0 33 21 0 19 16 13 0
12 0 17 0 0 0 44 0 8 31 15 7 43 0 19 29
13 0 9 30 6 0 22 0 0 0 18 33 0 0 0 0
0 25 41 7 0 0 0 0 0 0 8 41 14 32 22 0
0 0 0 0 0 0 0 24 0 17 5 8 0 21 0 12
0 26 0 11 44 0 7 3 5 2 6 0 6 0 6 0
21 0 0 0 28 0 28 17 21 0 30 6 6 0 34 34
1 29 25 31 0 0 0 0 0 0 36 62 12 0 0 0
0 27 13 0 22 0 0 33 0 0 2 0 30 15 13 7
31 42 7 18 19 0 0 0 0 27 0 6 29 0 0 0
0 0 5 0 0 56 15 12 17 0 7 24 0 11 0 0
33 0 15 21 10 9 2 0 0 0 6 2 0 0 0 0
0 18 0 5 33 23 0 0 11 23 0 0 48 0 2 0
