24 16 43 11 0 4 7 0 0 15 2 7 0 37 8 1
0 13 0 3 9 22 0 6 17 2 0 17 3 20 0 0
2 0 12 0 0 21 15 0 5 9 0 1 0 28 25 17
4 11 0 12 8 0 10 0 4 2 11 15 13 0 0 44
1 17 5 8 4 10 34 0 16 22 25 0 0 11 30 0
8 67 20 15 2 6 0 17 9 2 12 9 13 0 2 4
0 0 1 5 1 0 9 5 11 0 12 0 6 0 32 5
13 1 0 22 0 0 0 0 18 2 2 3 6 0 2 7
21 50 10 1 0 0 0 0 6 10 0 6 0 24 3 1
1 0 4 8 5 19 0 12 0 4 0 3 3 0 0 0
13 0 18 22 0 16 12 9 4 19 12 19 10 14 42 16
19 1 0 7 0 0 5 0 3 1 8 2 23 4 0 0
4 0 3 14 8 5 16 6 55 58 1 14 0 18 4 0
14 24 34 16 5 11 0 13 0 4 15 26 6 1 5 13
0 0 0 8 7 0 9 2 0 0 5 0 5 6 35 7
5 6 0 10 0 0 0 0 4 5 6 9 2 0 11 11
