31 26 0 10 8 11 0 18 12 33 6 4 14 21 8 19
0 8 4 37 14 27 10 6 19 10 1 14 38 12 5 0
4 14 5 7 13 7 38 17 7 10 21 19 6 34 4 23
9 5 12 12 23 5 12 44 25 7 36 11 9 29 5 61
0 3 10 15 2 3 23 24 9 16 18 19 25 36 11 7
46 4 21 48 4 22 45 13 16 24 15 13 16 18 7 12
35 0 0 9 9 7 1 6 11 29 8 8 12 4 2 10
11 30 10 10 16 19 4 3 23 8 32 47 7 19 50 38
37 11 29 4 8 6 21 11 9 33 9 57 16 20 10 2
43 46 19 19 29 6 8 5 1 19 10 11 18 12 38 14
8 15 11 19 3 32 6 30 9 28 53 0 10 37 7 3
20 13 1 17 11 9 24 0 5 10 38 25 37 8 22 14
12 2 5 3 25 11 4 13 18 12 2 7 21 20 2 21
1 2 2 26 19 19 11 16 28 4 13 5 12 34 7 4
7 11 42 36 18 10 13 23 6 28 33 7 13 10 8 16
2 18 52 13 8 17 16 4 6 13 3 4 4 0 4 17
