90 4 68 0 0 0 32 31 0 10 0 20 0 11 68 22
76 14 0 49 24 36 2 24 127 75 16 47 10 33 0 0
94 0 118 0 0 33 16 0 0 14 0 40 0 123 62 2
0 19 11 0 0 47 98 32 0 5 44 63 3 0 0 24
0 0 53 0 31 0 39 0 28 21 54 0 0 35 0 0
44 37 36 30 2 3 0 0 16 29 12 23 127 0 0 0
15 11 27 5 121 24 18 11 0 25 58 0 43 0 40 0
25 0 88 0 0 0 39 13 91 19 7 25 20 18 17 26
127 5 0 127 58 66 0 0 1 0 0 7 0 53 17 2
0 79 0 40 10 36 10 0 0 0 49 57 23 0 0 0
0 0 0 0 0 0 51 35 127 31 50 48 0 127 127 0
109 0 25 29 0 6 18 0 21 12 39 36 1 79 0 0
0 49 0 56 10 37 36 0 28 0 0 0 0 39 46 1
22 37 40 33 0 0 0 0 0 31 42 31 36 51 33 0
6 79 44 24 16 71 0 0 113 0 8 0 29 12 36 0
27 0 8 36 0 0 3 13 0 23 79 32 38 18 17 18
