3 5 48 0 45 23 9 45 15 0 6 0 39 20 0 5
18 22 26 84 21 0 12 0 0 0 17 0 5 0 21 1
0 0 18 0 48 0 0 34 25 0 5 0 3 8 0 0
0 0 0 0 26 40 30 3 49 0 28 0 25 0 26 15
0 31 0 0 25 0 28 0 4 33 0 0 0 0 0 36
0 0 0 62 0 8 0 39 0 0 22 4 33 0 0 18
25 0 1 26 1 36 0 0 0 0 0 0 19 0 0 0
0 4 18 12 0 6 18 4 1 0 6 48 14 0 0 64
0 26 23 2 0 0 18 1 0 0 0 0 44 9 0 3
16 18 0 0 0 0 27 0 49 9 41 34 60 0 17 11
0 0 7 3 0 25 11 46 0 34 1 8 0 20 0 23
11 0 19 0 0 0 0 25 115 4 0 5 10 0 0 0
0 5 13 12 0 15 11 0 80 59 24 14 49 42 1 8
7 62 17 1 0 7 0 31 2 9 1 0 13 0 25 0
20 5 0 28 29 0 9 30 0 0 0 29 14 65 5 30
19 0 0 4 0 0 0 0 19 14 12 68 0 0 0 0
