22 13 0 13 50 34 11 0 1 0 4 1 16 0 3 15
7 7 7 0 0 0 0 21 25 0 0 0 0 5 19 0
0 0 0 0 0 5 2 7 11 0 35 0 0 7 2 1
0 13 0 2 0 32 7 8 0 34 4 0 7 12 8 0
4 0 12 0 0 0 23 0 8 0 7 3 22 1 8 1
1 0 0 27 6 0 35 12 0 12 0 1 0 7 0 12
0 11 17 21 0 0 0 0 0 0 3 0 17 24 8 0
14 0 0 4 22 0 0 0 0 27 0 2 0 1 6 26
0 0 18 9 49 4 1 1 4 2 0 9 0 0 10 0
0 2 0 0 15 3 9 11 2 0 29 0 12 0 4 9
0 5 19 7 40 2 7 0 0 0 11 6 9 0 0 20
0 8 14 0 3 2 0 0 0 0 12 0 39 5 4 1
15 1 22 6 2 0 7 3 9 3 16 17 0 17 0 44
8 2 0 0 0 4 10 18 26 0 11 23 0 18 0 0
3 23 0 25 17 0 0 19 0 0 3 0 0 4 0 0
1 3 6 0 13 11 26 0 3 10 0 11 30 1 6 0
