-26 -19 -6 -20 -10 -15 -21 3 4 -1 -20 1 -10 -8 -2 -14
2 24 7 9 -23 1 -1 12 -9 -25 -29 -31 -11 -20 -35 -23
-37 -31 -32 -27 -8 -16 -23 -14 -13 -7 -15 -26 -7 -32 -4 -15
-38 -12 0 5 -7 16 -9 -8 9 -2 2 -8 5 -22 -15 -5
-10 1 -14 -29 -19 -18 -21 -11 -5 -9 -9 -25 -17 -16 -26 7
14 -14 27 17 8 24 24 18 3 0 -18 -15 -17 10 1 -27
15 8 -12 4 -10 -11 -19 -33 -12 -24 -17 -25 -19 -13 -14 -11
-6 0 -2 -15 -41 -7 -3 -21 -46 -10 -2 -8 -7 -36 -24 0
-17 -15 -9 -12 6 -20 22 -12 11 7 24 -8 -21 -18 -33 -13
1 -1 2 -42 -10 -28 -13 22 7 16 5 18 1 25 30 -21
1 -5 15 -3 -1 1 0 -3 -8 -10 -25 7 -11 -6 14 -10
-2 -23 -17 -5 -4 12 -7 9 -3 -2 -1 8 11 4 -4 -11
-9 4 1 10 9 -11 -3 8 8 8 -9 7 5 -8 -11 -2
-5 -15 -22 -9 -15 -26 -9 4 -24 -9 -15 -7 -10 -7 -4 19
2 -5 -14 7 -21 -3 26 26 21 -13 7 2 3 12 22 23
18 6 -22 -26 2 -10 -17 -3 15 3 14 -2 -7 13 -1 -12
