2 1 7 4 16 9 11 0 11 2 9 0 18 5 0 0
0 5 1 5 5 17 0 0 1 6 0 9 4 0 0 1
4 3 10 16 0 0 6 0 8 0 0 11 12 6 1 13
0 0 10 7 1 1 9 6 1 21 0 10 2 0 5 13
16 7 2 0 15 18 4 0 3 25 37 14 4 3 31 6
8 19 0 5 2 4 7 0 21 10 0 0 1 7 8 0
11 7 5 21 3 5 2 0 15 1 5 29 8 13 21 38
7 0 4 8 1 1 1 17 5 0 0 7 1 0 6 2
15 11 6 2 10 3 6 0 35 35 20 0 19 18 0 0
8 2 15 27 6 19 3 6 0 6 4 1 9 9 2 0
9 7 2 4 0 17 3 13 11 0 21 2 0 6 6 22
3 10 1 5 6 0 13 7 0 15 13 8 7 22 2 9
0 17 9 1 16 3 14 8 7 12 7 7 0 29 3 1
8 6 1 49 5 5 6 7 6 10 21 7 6 6 15 2
0 36 15 6 1 1 0 13 0 9 7 4 20 4 3 49
6 8 41 9 8 3 0 6 0 0 0 14 7 4 7 12
