5 4 21 1 1 2 40 0 7 26 15 2 11 10 0 26
11 1 43 0 3 26 12 10 12 0 33 33 12 7 17 0
9 15 8 7 0 7 0 10 9 7 7 31 5 0 0 1
39 1 9 0 1 18 0 0 4 18 3 34 4 21 5 7
39 0 45 0 24 5 2 17 24 0 20 12 24 0 5 11
9 5 27 19 3 51 0 35 1 25 2 1 24 10 22 0
30 0 8 11 20 16 21 44 2 9 0 0 1 16 20 2
0 2 11 18 5 8 0 22 10 10 17 11 0 6 18 34
13 8 16 20 2 6 1 7 25 11 21 6 16 20 14 11
55 14 57 2 2 2 0 13 13 0 29 31 12 1 43 0
11 10 0 10 2 0 0 14 5 14 19 37 3 0 12 12
11 12 2 0 9 5 5 0 0 47 2 11 9 39 14 21
35 17 16 0 19 34 10 13 12 1 4 23 26 26 14 38
20 30 14 0 16 7 0 14 29 21 23 2 10 39 0 0
11 0 2 10 8 3 8 29 6 20 6 18 1 29 8 0
0 30 2 13 25 6 0 6 8 0 12 4 21 17 5 34
