5 15 10 2 2 3 1 0 14 0 0 0 0 24 4 2
5 9 4 1 26 0 4 9 0 3 0 22 1 0 0 0
0 0 7 0 0 30 0 5 0 0 0 0 5 24 4 3
10 4 4 0 12 14 1 1 3 11 5 0 0 2 8 14
5 0 0 10 6 3 3 1 16 0 7 1 7 0 0 9
10 8 0 0 8 6 3 2 2 2 14 10 22 0 0 4
0 9 18 4 10 9 0 5 3 10 2 5 0 3 9 1
1 0 0 7 3 1 0 10 18 0 0 0 0 25 13 1
3 0 0 0 12 9 6 0 7 2 8 0 1 0 2 3
0 7 1 15 2 2 0 0 7 18 0 0 0 0 8 6
2 0 0 0 0 16 0 0 1 14 0 12 0 6 6 1
14 7 17 2 5 26 5 0 0 0 8 3 0 0 0 3
0 2 4 0 0 0 0 3 13 0 1 1 0 13 0 0
0 0 5 3 9 0 34 7 5 3 0 0 0 0 4 5
0 0 0 5 16 7 38 0 2 0 8 9 0 1 9 12
0 4 15 1 0 9 4 0 0 2 2 0 10 0 3 0
