0 2 36 0 2 24 5 2 0 0 0 46 1 0 2 20
48 2 0 9 9 23 0 0 40 1 9 39 0 0 0 0
6 34 0 12 0 20 9 4 8 29 0 46 44 6 17 3
21 6 16 3 0 12 8 18 0 16 0 0 22 1 2 35
41 6 3 6 4 0 0 13 20 5 3 0 0 2 10 3
14 0 1 0 0 0 0 2 8 6 7 63 0 0 20 16
11 5 40 11 0 6 25 19 14 12 6 20 32 10 2 18
0 20 6 0 10 36 16 6 28 0 10 1 40 11 0 0
36 7 36 0 0 1 7 8 29 0 1 0 5 8 0 7
0 14 0 1 21 10 0 7 18 0 100 4 18 31 3 19
37 6 0 2 27 22 0 1 6 30 0 14 0 3 9 11
1 0 5 0 6 15 0 8 17 7 5 0 0 5 8 5
17 0 14 4 7 1 14 10 3 4 18 0 32 0 0 10
11 3 1 3 24 23 1 17 0 0 0 0 0 0 1 18
12 8 20 5 13 14 17 0 0 8 28 24 3 0 43 12
8 13 1 21 0 0 7 10 5 17 12 2 35 1 0 25
