22 55 40 2 2 54 30 0 2 0 56 42 0 2 18 2
49 1 30 51 0 0 49 1 2 2 30 24 0 2 22 2
24 2 68 2 11 2 2 2 0 44 2 41 42 0 2 39
21 1 49 0 3 40 2 2 55 1 3 40 50 0 50 0
24 1 17 20 39 0 26 0 1 17 0 1 31 2 50 33
52 2 2 12 47 1 1 52 2 0 32 5 1 2 0 55
2 2 0 54 2 50 2 0 2 22 0 50 2 59 2 24
1 1 3 2 1 1 0 6 0 26 2 0 1 0 1 2
1 2 26 55 1 2 50 0 1 29 2 0 0 2 3 1
60 31 2 52 0 41 34 19 20 17 2 1 0 27 42 0
3 0 43 2 29 1 0 2 19 2 24 32 50 0 45 51
48 50 42 2 0 2 51 43 45 0 56 1 0 49 0 56
1 51 16 2 61 25 1 49 1 29 20 48 46 1 40 13
52 0 54 0 1 0 30 2 31 2 2 22 1 47 2 46
46 52 2 37 2 0 28 2 1 5 0 2 27 0 3 2
3 58 1 1 2 54 2 0 48 21 1 0 4 45 2 49
