0 31 2 0 11 0 4 12 57 15 48 24 35 37 3 89
46 5 4 34 1 21 14 1 2 0 34 4 32 31 20 0
48 14 18 27 3 11 0 43 32 24 37 54 8 0 54 32
1 43 51 0 4 19 0 0 3 79 38 0 9 9 16 62
41 46 4 0 37 28 6 1 27 29 39 18 24 0 5 15
26 42 16 22 23 29 0 32 0 31 29 8 1 75 41 0
24 0 53 2 3 26 4 7 12 45 4 24 54 47 23 0
0 30 0 25 29 17 0 26 21 36 53 0 18 61 4 13
8 5 9 0 22 17 4 0 45 1 47 44 57 11 14 82
1 3 2 64 0 14 9 7 0 0 27 0 26 30 28 0
43 15 0 15 14 12 0 43 32 25 38 65 26 0 29 16
1 33 33 0 13 0 0 0 12 60 59 14 6 0 1 62
0 40 18 0 6 34 0 1 10 29 41 18 15 16 9 30
9 43 24 0 3 44 0 12 0 21 40 3 1 127 41 0
46 0 50 0 13 19 5 0 2 44 4 19 54 33 32 0
0 22 1 16 17 15 0 18 14 33 55 0 27 69 1 1
