-4 0 -8 -6 8 1 9 -6 -2 -11 -4 -7 -3 -4 -11 -2
-1 -4 -3 -6 -4 -6 -6 -3 1 -9 -4 -8 -6 -6 -10 -5
-10 -2 1 8 5 2 -6 -1 5 -10 -8 -7 2 -9 2 1
1 -5 5 1 0 1 0 2 5 -8 0 -2 4 3 1 5
4 3 -3 2 -3 6 4 6 14 22 17 14 8 19 4 8
-1 -3 4 -6 7 -2 -1 10 7 3 -4 -7 -6 -3 3 -13
-1 -9 -10 -1 -9 -3 -9 1 -6 -10 -5 4 1 3 -7 -6
11 8 -1 -11 -8 5 2 -1 -11 -10 -8 -6 1 1 0 -5
-7 -9 -11 -11 0 -7 -6 -12 -8 -4 6 -12 -6 -3 -5 -11
-8 -7 -8 -16 -14 -1 -5 3 -8 5 -3 2 -2 -2 -5 -8
-18 -1 1 -5 0 -3 -1 -12 -4 -7 -17 4 -2 -4 -3 -13
-10 -13 -2 -1 -4 -6 -4 -8 -6 -8 -10 0 -7 -7 -8 -6
-3 -4 -7 4 -4 -5 -3 -4 -6 -8 -5 6 3 -14 -13 -6
1 -3 -4 -4 -5 -10 -12 -4 -6 -3 -9 -6 -13 -14 0 0
-7 -8 -16 -9 -9 0 -2 -4 -6 -6 0 -8 -3 4 -5 -11
-5 -12 -4 -4 -15 -4 -6 -4 3 5 6 1 -8 0 5 -13
