10 8 9 4 27 17 21 9 16 0 0 17 0 14 26 15
4 22 22 16 18 0 10 20 6 17 0 25 11 30 0 0
0 3 17 8 0 0 0 31 0 20 0 0 5 33 11 6
22 15 9 0 0 28 0 15 2 23 29 0 0 32 0 0
16 30 6 0 19 22 6 3 0 0 12 23 6 23 21 25
17 35 18 2 15 25 15 1 10 27 4 12 24 27 21 0
30 0 15 7 0 0 0 32 0 21 15 10 23 0 2 0
5 0 0 24 24 29 0 0 1 0 0 0 0 38 0 28
14 0 0 0 5 20 3 0 14 36 15 0 18 0 11 3
0 0 4 0 25 7 8 0 0 0 40 0 22 13 24 27
34 0 0 0 0 16 14 0 14 3 0 1 0 4 0 0
13 34 0 15 19 9 18 0 1 0 15 1 1 0 0 6
0 0 26 0 0 0 0 0 13 0 18 18 0 30 29 0
0 0 17 45 36 0 14 33 17 36 0 0 0 0 18 12
0 0 0 25 8 22 5 0 5 0 15 18 30 26 2 12
0 0 27 22 0 20 9 0 0 18 12 0 7 0 7 0
