6 0 0 0 1 7 11 4 0 0 0 10 13 0 1 0
78 0 0 10 19 50 0 0 14 6 18 12 0 0 0 0
9 49 0 3 0 5 1 5 0 5 0 3 31 10 21 28
5 18 8 15 0 0 1 0 8 6 0 6 4 12 0 1
4 0 19 0 13 0 7 0 0 0 18 0 6 4 5 3
13 11 0 0 4 0 0 1 4 2 3 8 14 0 0 5
2 7 18 57 0 8 1 9 1 0 12 17 8 36 8 6
0 1 3 0 4 1 0 5 25 0 8 3 8 1 0 0
22 20 0 0 54 14 1 11 12 0 22 0 2 20 0 0
0 0 0 0 1 3 0 3 14 0 17 14 4 0 2 0
10 6 0 12 52 8 0 1 8 7 0 6 0 9 0 3
0 0 3 6 1 8 0 13 10 2 11 0 3 1 1 6
0 0 18 0 0 9 0 4 0 4 0 0 3 12 0 14
29 7 19 9 19 2 13 0 0 0 0 0 0 0 17 7
3 5 6 3 3 3 0 0 0 36 32 0 0 1 8 0
1 6 7 34 0 0 7 2 5 1 0 0 8 4 14 22
