4 104 0 56 8 24 27 24 68 0 43 0 41 15 31 21
107 12 39 4 30 95 0 78 21 0 0 0 26 0 22 0
15 21 1 12 5 37 0 47 38 13 4 46 17 0 0 2
15 8 64 0 17 0 0 0 1 74 43 2 8 19 124 62
16 17 1 0 0 29 47 27 0 0 41 0 0 22 123 19
30 0 0 125 31 36 0 0 127 28 55 74 34 28 0 0
21 0 25 36 1 34 1 4 10 45 21 27 64 63 24 6
0 2 0 0 56 7 0 2 54 7 97 0 0 4 29 85
43 77 12 14 2 41 5 0 84 0 48 0 8 4 14 15
49 0 1 19 32 31 0 48 9 0 0 0 58 0 45 0
59 0 0 3 1 34 0 0 60 31 0 3 21 0 5 24
13 6 39 0 60 20 41 0 77 37 34 62 4 53 87 41
9 22 1 0 0 19 21 43 32 19 40 28 0 0 16 2
34 0 0 0 0 0 0 34 99 0 23 10 25 14 22 0
66 0 36 38 0 31 22 6 5 0 12 0 47 76 7 8
0 2 0 24 24 0 0 2 39 9 29 0 13 62 21 11
