25 7 16 9 1 7 0 8 44 0 0 0 0 22 3 2
4 0 4 3 1 7 3 4 0 3 2 69 0 23 9 0
0 0 6 13 0 0 0 7 0 3 1 0 7 14 15 10
18 6 3 33 23 17 9 15 12 12 5 0 0 20 37 28
3 0 30 43 1 11 0 1 53 9 0 1 42 1 0 0
19 9 7 0 28 8 14 1 5 1 0 0 14 0 5 16
0 2 49 7 3 21 0 8 6 9 3 10 3 6 54 42
5 0 42 4 4 5 15 3 2 0 0 0 0 20 25 14
1 0 0 0 6 12 11 12 3 1 1 12 0 27 3 0
2 25 16 3 4 3 5 0 5 5 2 0 5 2 2 7
12 2 4 45 10 8 27 0 5 2 0 10 0 1 0 7
14 18 1 13 5 13 3 15 0 13 38 12 4 0 0 13
0 0 23 10 6 9 22 25 16 3 20 19 0 4 0 0
0 0 6 24 13 0 24 9 0 19 39 0 0 0 13 3
6 0 0 1 32 22 29 0 2 0 12 5 0 5 9 2
4 6 20 9 5 35 27 0 0 18 12 0 13 37 0 0
