3 6 0 0 10 15 21 0 33 0 44 6 5 0 1 15
44 0 18 32 0 0 34 18 17 0 0 0 4 20 25 0
0 25 0 0 0 22 4 10 0 8 19 0 0 20 14 1
18 2 0 36 0 62 25 7 0 5 23 0 12 21 9 3
20 0 51 0 0 0 25 0 15 3 3 6 57 0 8 16
18 11 0 7 3 0 45 19 0 0 7 15 0 6 0 24
85 0 22 4 0 0 0 0 0 0 14 32 16 7 12 0
3 0 11 22 5 0 0 9 0 0 0 18 0 3 11 20
11 13 5 1 39 5 0 33 14 8 0 11 0 0 25 0
11 44 0 0 20 0 33 10 4 0 13 1 81 0 1 18
4 7 65 14 8 31 7 0 0 0 0 72 11 0 0 14
0 16 0 0 0 7 0 1 0 1 2 0 41 1 3 32
21 3 42 13 19 0 2 6 14 11 0 1 6 10 0 9
28 4 5 1 0 47 10 7 32 0 20 4 0 3 0 14
21 8 37 2 0 0 0 19 0 0 2 0 0 0 6 0
6 53 20 0 4 37 30 0 12 10 0 22 12 22 3 0
