1 9 22 1 0 12 0 0 0 5 11 0 0 0 0 0
6 10 25 7 0 8 16 33 5 46 8 5 7 6 2 1
0 13 0 0 1 0 6 4 5 0 8 0 6 0 19 0
1 9 0 9 11 3 16 15 5 22 0 15 35 13 0 6
5 0 2 0 2 0 1 2 0 2 2 18 23 3 0 10
32 1 8 2 31 22 17 5 0 0 17 9 0 0 13 13
0 2 0 0 0 0 0 4 17 8 9 0 9 9 2 22
0 4 0 0 10 0 0 21 3 0 0 1 0 4 1 12
0 0 4 3 6 14 0 29 0 0 4 31 6 0 1 0
7 8 0 15 17 5 26 8 11 1 0 7 1 12 7 6
2 10 12 0 2 6 11 3 48 0 4 6 0 13 6 42
2 6 9 4 7 6 2 30 22 12 20 14 0 1 0 2
1 10 26 12 4 2 0 18 20 0 0 28 2 0 5 5
1 0 4 0 9 8 0 1 2 0 2 0 3 0 0 2
0 17 0 0 0 12 7 0 0 0 3 0 2 0 22 2
40 17 7 0 12 0 0 0 7 0 6 0 7 24 0 17
