6 55 31 0 34 25 44 14 75 0 48 52 49 17 5 52
1 0 6 10 8 22 0 1 1 0 34 37 21 0 4 0
35 28 16 19 5 5 0 37 43 8 28 39 3 0 19 38
11 20 56 0 0 8 0 0 1 65 33 5 29 14 5 21
9 46 38 0 7 6 11 4 21 29 41 11 0 0 55 5
33 41 31 34 27 71 0 58 0 39 1 1 22 25 41 0
1 0 41 5 0 0 13 2 4 22 9 16 64 30 40 13
0 44 44 0 1 6 0 41 26 23 75 0 30 35 32 1
24 44 15 18 23 43 62 29 52 27 39 3 50 2 1 64
28 0 5 13 0 3 14 14 3 0 34 0 49 22 12 0
58 0 24 9 14 12 0 35 44 38 29 0 3 0 28 37
1 18 39 0 0 0 22 0 1 45 36 27 19 21 0 51
6 47 9 0 1 25 3 3 13 16 37 27 13 0 2 2
35 0 12 0 21 47 0 36 0 0 3 9 6 26 39 0
19 0 50 1 6 30 7 0 7 32 8 15 33 27 34 0
0 0 25 0 46 6 0 4 4 36 48 0 9 21 9 7
