0 0 4 0 5 0 5 0 0 0 0 7 0 21 4 0
0 0 20 0 0 0 0 0 0 0 11 2 0 0 10 0
1 0 0 3 1 0 0 0 0 9 0 0 5 0 0 1
11 0 6 0 0 13 0 0 0 0 0 10 14 0 1 0
8 0 3 12 2 0 3 0 0 7 0 0 0 0 0 2
0 0 0 2 1 0 0 10 0 0 0 0 0 0 19 0
0 0 4 0 21 0 0 0 4 1 0 0 0 6 0 0
0 0 0 0 0 4 0 2 0 5 0 0 0 0 8 8
0 0 5 0 0 0 0 0 12 3 0 0 0 15 0 2
2 0 0 9 0 0 4 10 10 4 0 0 0 13 8 0
0 0 0 0 0 0 0 0 0 9 17 2 10 0 7 0
0 0 0 34 13 0 0 0 0 0 0 0 0 0 0 0
0 0 3 0 0 4 5 0 0 7 0 0 0 0 0 0
3 0 0 0 0 0 0 0 0 20 0 0 0 5 0 0
0 24 0 5 0 0 5 0 0 3 0 8 0 0 0 0
0 0 0 0 0 0 0 0 0 9 0 0 0 18 0 0
