6 4 3 7 5 1 0 3 6 5 6 0 7 0 1 3
0 19 12 0 3 22 5 5 1 3 1 3 4 4 2 4
2 4 3 2 5 5 3 0 0 3 2 1 3 3 7 6
11 3 5 3 1 2 19 4 0 6 25 3 2 1 0 1
1 0 2 4 1 4 0 2 2 8 0 7 3 6 7 0
3 2 4 8 0 0 14 7 9 2 1 5 23 2 1 15
9 0 0 3 10 1 3 1 0 4 2 8 15 0 0 3
3 9 1 8 6 0 0 12 10 1 2 8 7 2 4 0
7 0 3 14 16 5 3 0 12 3 2 12 1 3 1 0
1 11 9 0 2 1 1 3 2 2 3 5 1 7 6 1
1 2 9 12 5 1 5 3 3 0 0 0 3 6 2 1
10 8 0 1 1 1 6 3 2 3 4 3 8 4 0 6
0 0 1 6 1 13 6 4 4 1 4 3 1 2 6 17
0 7 1 11 2 11 2 15 12 2 11 0 2 1 0 0
0 0 7 17 13 10 1 1 3 3 1 0 6 3 2 0
1 2 1 4 5 1 3 1 12 24 3 1 3 1 1 4
