19 29 24 44 0 23 23 0 0 1 4 58 0 30 67 47
0 16 0 2 32 30 10 10 63 6 0 55 19 20 0 0
77 0 115 0 0 64 19 0 6 32 0 55 0 53 57 6
1 10 0 0 33 7 18 16 22 21 41 0 10 0 0 51
9 17 5 20 27 32 0 0 67 30 25 0 0 46 0 0
28 60 12 34 2 6 0 17 0 32 19 16 96 23 2 4
23 0 0 9 44 72 15 3 0 0 34 0 16 0 4 17
20 43 23 23 0 3 2 13 28 54 51 27 44 18 14 0
17 54 24 53 0 0 0 0 1 0 0 18 0 0 24 21
3 4 4 2 38 35 10 0 22 4 0 63 14 0 0 0
42 0 69 22 0 58 1 36 4 27 21 66 14 0 44 5
6 10 0 11 0 7 0 16 19 16 25 2 15 10 0 0
0 0 12 38 27 34 50 0 23 0 5 14 0 38 25 0
32 36 1 33 12 0 0 17 0 32 23 1 44 21 2 15
23 0 0 29 0 72 22 3 0 0 52 0 5 23 0 13
16 33 23 25 0 0 2 13 5 49 34 18 40 18 20 0
