4 8 3 15 0 11 2 1 0 44 18 0 0 2 0 0
3 10 3 0 0 5 1 33 5 7 2 0 1 6 0 5
0 4 0 0 0 0 0 27 5 3 18 0 6 0 0 0
5 4 0 16 11 2 0 14 5 9 0 2 30 23 0 0
0 0 2 0 0 0 1 7 0 2 2 37 10 9 0 10
32 22 10 3 33 20 17 2 7 1 15 12 0 11 9 12
0 2 0 28 0 10 0 0 15 3 7 0 7 13 0 4
0 1 0 0 10 0 9 11 2 20 0 6 0 7 9 0
0 13 0 13 20 0 0 22 0 29 2 19 2 0 12 0
7 4 0 0 0 7 3 3 9 4 2 4 2 11 2 5
2 10 11 0 1 3 11 22 16 0 9 8 0 11 3 0
4 7 8 4 7 7 2 30 4 6 20 1 0 1 0 2
4 13 40 0 4 2 0 8 22 0 0 35 3 0 9 5
4 0 3 0 9 0 9 1 5 4 11 0 1 0 0 2
0 6 0 0 0 15 1 0 4 0 5 0 7 0 3 4
13 17 0 0 0 0 0 0 13 0 0 0 12 19 0 4
