6 5 1 1 0 0 18 0 0 32 35 23 4 0 22 0
31 5 39 0 0 0 0 0 21 0 0 32 4 22 23 4
19 15 18 0 22 0 0 45 33 0 0 37 50 1 32 28
0 0 1 50 50 34 16 24 21 88 20 23 15 0 30 42
0 8 27 32 0 10 2 0 1 9 71 2 25 23 9 3
23 6 21 17 36 4 36 0 0 27 15 26 0 0 0 0
17 11 39 22 12 27 0 0 28 3 29 16 23 65 31 0
64 15 2 118 17 0 29 0 1 0 20 43 32 0 0 30
19 7 0 0 0 19 32 0 16 6 0 23 20 17 0 0
0 2 21 0 15 0 23 3 33 0 60 27 21 0 6 0
15 11 33 13 10 22 26 7 19 0 0 17 24 8 0 62
0 0 29 34 37 0 24 0 0 36 6 37 0 0 7 30
0 29 44 2 0 34 25 18 31 19 12 3 0 32 24 48
2 27 27 46 7 38 6 0 32 20 1 24 0 0 0 0
0 62 13 5 0 0 0 32 0 18 0 35 6 13 31 0
23 10 0 13 15 33 24 20 12 0 0 19 4 0 27 2
