0 4 22 33 0 36 0 26 3 0 0 0 0 5 0 0
11 0 0 26 8 8 9 0 33 0 20 0 8 14 7 15
1 21 0 0 19 0 3 30 0 0 11 0 0 0 0 0
7 30 0 5 21 11 0 15 0 14 23 33 49 0 0 0
3 19 17 0 9 0 0 33 0 0 0 0 42 21 0 11
0 36 34 27 0 23 0 13 7 0 0 19 4 17 0 7
0 28 3 0 0 0 0 15 0 6 22 0 10 18 0 26
0 7 0 0 0 0 26 13 19 8 0 36 0 0 24 8
0 10 0 4 29 9 0 0 5 0 26 6 15 0 9 0
0 20 0 0 8 22 22 51 28 0 14 5 8 16 28 24
9 2 20 0 5 16 0 68 46 0 16 12 0 30 2 0
6 14 24 0 22 16 0 0 0 59 11 21 0 17 0 16
26 56 22 37 20 11 0 0 41 0 5 18 7 15 21 12
0 0 0 0 22 0 0 15 13 0 18 0 0 0 0 10
0 13 0 0 0 0 6 0 0 0 20 4 19 0 4 10
15 0 2 20 0 0 0 0 14 0 0 0 7 18 0 2
