3 2 -15 -4 -1 -7 -5 -7 -4 -12 -1 0 0 1 -6 -4
-4 0 -5 -8 -17 -6 -13 -3 -5 -14 -9 -14 -9 -2 -8 -7
-12 -4 -1 7 6 -2 -8 1 0 -13 -14 -8 -8 -10 0 1
-2 -8 3 -1 2 7 1 6 8 -9 5 2 9 -3 1 9
3 7 3 0 -1 -5 0 -3 11 13 9 -3 -2 7 -3 6
-3 -10 1 -1 7 -3 -2 8 1 -10 -2 -2 -7 -9 -3 -20
-1 -15 -13 -7 -16 -4 -16 -10 -1 -4 -10 -8 -5 -10 -9 -9
-3 -4 -9 -15 -16 -6 1 -12 -13 -11 0 -5 8 -13 -2 -15
-10 -21 -16 -9 -2 -4 -3 -12 -6 -2 12 -23 -10 -6 -11 -13
-11 -10 -13 -24 -20 -11 -21 4 4 -1 -3 3 -1 7 2 -8
-17 -3 -2 0 -1 -5 0 -9 -10 -6 -12 0 0 1 4 -9
-4 -14 -3 -8 -3 -5 -13 -9 -10 -14 -9 -1 1 -9 -14 -12
-6 -1 -6 0 -4 -4 3 -3 -2 -7 -9 9 -3 -11 -13 -5
1 -7 -5 -4 2 -12 -10 0 -4 -1 -11 -5 -6 -11 3 1
-5 -7 -13 -3 -9 1 1 -2 0 -8 -3 -4 -1 4 -12 -12
-8 -11 -5 -7 -13 -9 0 -6 14 10 16 6 -8 2 3 -10
