14 2 2 0 7 0 6 0 0 0 0 0 0 2 0 0
0 0 17 0 0 0 8 0 0 0 0 0 0 0 2 0
6 0 0 5 6 0 0 0 0 10 0 0 0 0 0 0
3 0 4 0 0 7 0 0 1 0 0 10 1 0 0 0
6 0 20 14 1 0 0 0 0 0 0 0 0 0 0 2
0 0 0 7 1 0 0 11 0 0 0 0 0 0 0 0
0 0 8 0 7 0 0 0 0 2 0 0 0 0 0 2
0 0 0 0 0 0 0 4 0 0 6 0 0 0 8 0
0 0 0 1 0 0 0 0 0 3 0 0 0 6 0 0
0 0 0 0 0 3 0 11 4 7 0 0 0 0 1 0
0 0 0 0 0 0 0 0 9 0 0 3 0 0 0 0
0 0 1 0 6 0 0 0 2 0 0 0 0 0 0 0
0 0 3 0 0 1 0 1 0 0 0 0 0 0 0 0
0 0 0 0 0 0 0 0 1 0 0 0 0 2 0 0
0 0 0 12 0 0 4 0 0 1 0 0 0 0 0 0
0 0 0 0 0 0 0 0 0 8 0 0 0 0 0 0
