0 15 0 2 0 0 5 0 13 7 7 5 0 8 5 0
5 30 2 1 3 0 11 4 10 45 0 0 9 0 13 48
0 18 0 2 0 9 49 1 32 0 35 0 0 0 0 5
7 0 4 15 28 0 1 25 0 0 15 19 15 28 10 9
0 0 3 3 1 7 0 10 5 9 14 0 0 0 0 0
0 0 12 20 17 0 6 10 6 14 0 7 0 0 3 4
0 9 6 2 10 0 13 0 0 0 11 23 0 0 5 15
31 17 0 0 2 0 0 4 12 11 0 0 0 0 25 0
9 0 12 0 0 4 4 0 0 0 6 0 9 8 8 25
14 4 9 0 2 0 0 9 15 2 11 1 0 2 0 0
0 5 10 4 5 11 4 0 0 4 0 0 13 0 5 0
2 38 22 4 6 0 1 1 5 13 18 0 2 0 12 2
0 40 24 5 0 3 13 14 18 11 0 12 35 3 0 4
18 64 33 0 6 8 8 14 0 8 8 1 8 0 6 0
11 11 1 0 0 0 6 0 17 0 28 0 0 8 3 0
0 0 0 11 12 7 0 6 7 0 14 1 0 22 4 4
