18 0 9 36 22 4 20 21 28 0 8 19 0 0 30 0
9 13 30 0 12 0 47 3 0 16 12 0 6 22 0 0
0 0 22 3 0 0 0 22 0 14 0 2 0 11 9 4
6 27 16 0 4 14 2 27 0 5 26 0 0 35 22 16
18 30 0 0 22 0 11 0 0 0 0 8 34 23 23 29
15 39 20 0 13 29 17 12 8 14 0 22 24 31 17 5
32 8 0 28 0 15 0 3 1 33 19 12 23 0 11 3
0 3 25 34 24 29 0 0 4 0 0 0 0 36 1 24
22 0 0 0 0 13 0 32 0 34 10 0 11 5 18 10
0 4 0 0 22 12 0 0 9 11 36 0 23 12 28 27
33 0 0 12 0 19 6 0 26 3 0 5 0 8 0 0
1 34 6 0 4 41 22 10 9 0 2 0 5 0 0 18
0 0 20 0 0 0 0 1 4 0 0 26 0 4 29 0
0 0 2 30 21 0 5 27 23 29 39 0 0 0 10 19
0 0 0 22 31 15 0 0 16 0 18 14 31 28 16 12
0 0 26 23 2 8 17 0 12 14 0 0 11 33 0 0
