0 14 18 2 4 10 5 2 2 6 4 7 3 27 0 16
6 1 2 18 15 16 3 2 0 0 8 4 26 12 13 0
12 13 8 17 14 3 0 0 1 7 34 46 15 0 1 32
6 5 8 0 1 3 0 0 1 6 2 14 2 4 36 6
19 17 0 0 5 26 5 26 11 8 31 15 2 0 8 2
11 26 4 1 2 16 0 12 0 49 31 18 3 55 5 0
7 0 1 11 0 1 13 50 3 9 1 27 6 4 6 0
0 2 27 31 6 31 0 2 8 5 12 4 15 20 9 5
0 22 15 3 17 18 10 1 12 9 6 9 2 0 6 11
3 0 1 34 5 24 3 1 15 0 5 8 26 1 17 0
7 21 26 22 38 5 0 0 9 7 37 27 22 0 1 26
5 7 9 0 0 14 5 0 11 6 6 15 14 0 11 24
11 17 0 0 17 1 5 13 10 28 5 7 12 5 17 10
24 43 17 1 7 20 0 2 8 34 12 29 0 64 0 0
4 0 0 1 0 9 25 33 1 2 0 18 23 11 5 16
0 8 35 13 4 29 0 6 5 18 1 9 5 7 2 8
