0 5 0 13 0 0 0 0 0 2 6 10 0 8 4 0
0 0 0 11 2 0 8 8 7 10 0 0 9 0 11 2
0 14 0 4 0 8 53 4 14 0 35 0 0 0 0 0
1 0 2 5 10 0 1 2 0 0 15 13 10 11 3 2
0 0 0 14 0 2 0 2 0 0 8 6 0 0 0 0
0 0 0 0 0 7 20 0 21 6 0 3 0 0 0 3
0 13 4 10 0 0 2 0 2 0 6 15 0 0 1 42
5 11 3 0 5 2 0 19 7 40 0 0 0 0 0 0
0 0 3 0 0 0 4 10 0 0 4 11 6 5 5 3
1 10 9 0 2 0 0 12 0 2 6 0 0 9 0 1
0 0 0 2 0 9 3 0 0 0 0 0 0 0 7 7
2 17 12 9 5 0 6 1 3 2 4 0 28 0 0 0
2 31 4 12 0 1 7 13 8 11 0 4 13 6 0 6
18 38 22 0 0 8 12 13 0 0 2 1 8 0 7 0
4 7 1 1 0 6 5 0 23 0 0 0 0 1 3 0
0 0 10 4 6 2 0 6 9 0 6 0 0 3 1 4
