0 0 29 30 13 7 17 20 0 0 0 0 25 19 0 20
42 20 0 12 0 0 0 2 2 12 6 0 0 0 0 0
14 0 0 0 0 2 19 47 27 0 0 5 30 31 15 0
7 7 10 12 0 0 13 0 14 0 0 0 0 7 10 14
25 16 4 0 36 0 22 0 0 65 17 0 0 26 8 0
0 4 27 0 29 0 0 23 4 24 17 31 0 0 0 17
23 21 53 4 0 5 0 23 21 21 16 0 50 5 26 25
0 14 32 0 31 0 0 26 3 0 23 10 30 16 0 0
0 47 0 13 0 0 12 20 95 0 0 0 0 18 0 13
0 10 31 37 13 25 0 17 8 0 0 16 28 0 16 0
15 5 0 2 0 20 0 17 0 52 0 12 12 20 0 0
0 0 0 0 22 37 0 22 0 16 18 21 16 27 12 11
0 0 0 32 0 0 0 14 19 19 2 0 0 0 0 9
24 54 20 15 9 7 8 0 0 0 0 0 0 0 25 8
0 8 7 4 23 19 0 0 0 0 0 0 0 18 0 28
16 2 16 0 0 0 0 14 49 12 14 13 0 12 2 0
