3 49 0 49 13 0 36 0 0 0 0 0 51 36 42 0
0 38 0 19 0 52 28 16 0 36 6 0 0 38 42 38
0 45 24 1 20 5 19 22 0 0 7 19 12 0 0 27
29 2 4 7 4 36 15 0 0 50 0 4 1 0 0 5
11 31 0 10 10 0 30 6 22 0 46 1 15 6 16 20
1 57 47 0 2 38 0 0 0 0 35 25 27 42 1 0
13 22 9 8 9 0 0 55 27 1 41 0 33 7 6 13
28 15 0 39 64 18 0 57 64 0 0 43 19 22 12 14
16 31 0 15 0 82 19 2 9 0 0 20 4 24 12 18
0 19 30 22 0 0 26 34 0 11 0 8 2 0 0 0
0 0 4 1 12 3 0 36 27 0 0 34 43 0 7 0
0 56 31 53 31 1 7 3 22 1 26 25 12 47 0 37
16 22 27 0 0 16 1 26 30 0 1 4 26 0 1 17
14 36 16 38 9 4 61 21 0 0 0 10 0 14 31 20
6 55 40 25 17 0 0 0 20 40 0 16 0 45 0 30
38 0 3 0 33 0 0 28 0 0 8 15 15 32 2 0
