13 56 0 5 7 55 0 2 18 13 13 13 16 0 14 22
0 0 1 0 0 0 0 5 0 0 0 0 0 19 0 14
1 0 1 26 1 5 0 33 13 10 7 29 3 59 0 14
0 0 0 0 8 0 9 0 16 26 0 0 0 8 2 42
3 12 0 6 10 19 1 2 2 0 12 9 10 5 21 18
0 0 1 0 0 0 0 31 0 0 0 0 0 14 0 67
0 0 14 17 1 28 0 33 29 32 0 32 13 26 0 50
2 0 0 26 0 0 22 0 5 37 0 5 11 10 0 7
1 1 0 4 1 9 3 2 6 19 19 9 10 6 27 17
1 0 7 0 0 0 0 38 0 0 0 0 0 19 0 66
9 0 32 34 1 8 0 32 0 32 17 33 14 11 0 7
2 0 4 3 18 0 26 0 7 13 4 24 7 21 18 9
0 26 0 2 3 37 22 2 4 15 13 11 13 1 17 19
0 0 0 0 0 0 0 36 0 22 0 0 0 19 0 25
18 0 7 30 10 12 33 4 13 32 0 32 19 21 0 19
0 0 0 0 10 0 23 0 26 17 8 0 0 19 0 3
