5 2 22 10 0 31 0 26 0 0 7 0 0 0 0 0
20 0 28 20 0 20 21 0 16 53 13 5 6 0 11 12
0 16 0 0 18 0 6 16 0 0 0 0 11 0 19 0
10 19 0 0 0 21 16 19 0 32 0 0 50 36 0 6
19 26 13 0 5 0 0 26 0 0 0 18 23 0 0 11
0 25 37 28 31 4 0 0 7 0 0 28 0 39 0 2
0 26 0 0 0 0 0 7 1 11 5 0 9 16 2 40
0 11 0 0 0 0 16 23 22 0 0 19 0 11 19 12
0 0 4 13 6 14 0 39 0 0 43 37 9 0 3 0
0 16 0 15 17 13 18 37 11 3 14 0 22 8 25 26
8 0 20 0 4 24 11 41 48 0 13 0 0 11 0 42
8 13 21 0 19 14 0 0 22 55 0 31 0 18 0 18
19 4 28 12 20 11 0 18 35 0 0 46 3 0 15 13
6 0 4 0 23 8 0 0 9 0 30 0 0 0 0 0
0 0 0 0 0 3 22 0 0 0 17 0 13 0 22 11
52 0 20 20 0 0 0 0 7 0 6 0 9 25 0 21
