20 0 1 1 2 8 4 4 0 0 0 36 4 6 10 13
45 4 0 0 0 50 0 0 17 4 2 12 0 0 0 0
0 0 0 6 0 5 8 17 1 5 0 0 36 28 25 8
0 7 12 12 0 0 0 0 5 0 0 11 6 11 21 25
3 0 3 0 0 0 0 8 0 2 16 0 2 4 1 6
13 16 0 0 34 0 0 2 7 10 2 10 0 0 0 1
1 9 4 72 0 7 16 12 5 3 5 16 61 4 20 13
0 0 1 0 1 12 0 2 22 0 11 4 12 1 0 0
5 10 15 0 54 11 1 5 57 0 0 0 15 31 0 6
0 20 0 8 3 3 0 2 9 0 17 0 3 31 5 0
12 1 0 18 0 3 12 1 6 7 0 2 0 0 0 14
20 0 4 0 4 0 0 2 4 4 9 0 12 14 2 2
2 0 21 1 0 10 0 4 0 8 0 0 0 11 0 9
20 30 19 9 0 0 6 0 0 0 0 0 0 0 4 19
11 5 6 11 19 10 0 0 0 30 32 0 0 2 0 31
6 3 13 8 15 0 5 6 1 35 0 2 8 2 4 22
