4 49 18 56 3 7 27 24 10 14 10 13 13 14 30 50
106 9 36 2 27 61 1 77 9 0 33 33 2 19 22 0
22 8 17 18 4 32 0 10 11 12 3 5 15 0 33 59
14 35 16 0 16 31 0 0 5 19 5 2 7 14 102 15
27 13 0 0 24 20 33 1 24 29 0 20 24 22 103 3
3 43 27 107 10 12 0 29 127 21 48 70 25 28 36 0
14 0 30 20 1 1 0 58 5 3 20 0 3 32 1 6
0 35 0 32 55 24 0 22 35 5 39 4 30 24 4 79
43 37 6 14 7 20 5 0 27 9 21 26 47 2 13 49
42 14 0 10 32 7 4 47 10 0 29 31 39 30 45 0
26 10 0 19 0 24 0 36 8 5 19 34 11 0 23 28
12 37 14 0 60 7 36 0 76 4 7 52 2 48 72 6
6 8 0 0 19 15 16 29 11 9 4 19 29 5 4 38
14 43 14 0 19 52 0 33 91 34 6 2 24 9 19 0
62 0 20 36 0 6 18 27 2 38 11 18 9 66 22 8
0 28 2 11 21 29 0 11 32 18 17 9 8 46 3 2
