0 0 13 31 31 0 34 21 0 0 0 0 28 10 4 40
15 31 0 0 18 0 0 0 1 7 18 0 0 6 0 0
16 27 0 8 0 0 18 11 28 0 0 0 39 27 29 28
0 0 61 19 0 0 18 0 5 0 0 102 11 6 18 9
26 13 7 0 0 0 34 0 0 14 50 0 19 23 22 0
0 10 0 0 41 0 0 20 15 5 11 27 0 25 0 22
11 26 70 6 0 11 0 6 13 23 15 0 44 45 21 2
0 0 31 0 0 0 0 26 0 0 7 8 0 1 0 0
0 31 13 13 0 0 5 25 51 0 15 0 3 0 0 15
0 8 0 15 9 23 0 5 11 0 0 10 28 33 0 4
15 17 0 0 62 25 0 0 23 34 0 0 16 19 7 7
0 0 10 0 26 0 0 8 0 13 21 21 16 5 7 11
0 20 5 31 0 0 2 19 23 3 2 0 0 0 0 8
0 12 19 4 0 2 0 6 0 0 0 0 0 36 25 25
0 11 0 18 18 20 0 0 0 53 0 0 0 19 0 33
27 10 2 32 0 0 0 0 31 0 14 21 0 17 9 0
