12 59 0 0 42 34 27 0 72 0 48 0 57 1 16 73
42 25 0 42 0 18 17 1 15 0 30 17 49 31 14 0
55 0 24 16 1 7 0 47 32 17 11 3 14 0 0 32
16 18 61 0 1 20 0 0 4 67 31 0 26 8 28 62
7 40 2 0 26 34 2 1 13 29 41 20 26 13 54 2
44 0 7 24 14 5 0 44 0 7 37 30 2 62 41 0
30 0 54 2 16 34 1 2 15 43 1 14 47 59 19 0
0 22 28 9 15 1 0 27 9 9 41 0 0 33 35 45
23 82 17 0 18 41 0 0 52 15 48 0 57 4 8 57
1 0 10 14 9 5 4 9 2 0 0 10 35 0 41 0
38 0 21 11 14 10 0 20 39 16 17 0 9 0 11 42
19 9 40 0 6 25 0 0 15 46 46 3 12 47 18 30
54 25 8 0 5 9 18 1 14 29 26 36 15 0 44 7
40 0 29 7 0 6 0 41 0 4 16 4 14 51 41 0
16 0 37 21 4 34 2 5 15 22 1 6 59 39 47 5
0 2 14 12 1 15 0 18 22 9 44 0 21 22 19 1
