13 44 0 2 7 37 0 2 20 31 2 13 16 0 19 20
0 0 1 0 0 0 0 27 0 5 0 0 0 19 0 27
12 0 33 34 2 11 5 34 12 29 9 19 5 52 0 1
4 0 0 3 18 0 10 0 18 17 0 0 0 13 10 26
8 47 0 2 6 41 0 2 21 4 3 13 16 0 4 19
4 0 1 0 0 0 0 37 0 0 0 0 0 19 0 47
11 0 24 34 1 9 2 34 9 32 6 34 12 22 0 1
0 0 1 7 17 0 25 0 16 11 1 0 11 13 17 1
7 46 0 2 6 43 0 2 22 4 3 13 16 0 5 19
4 0 1 0 0 0 0 36 0 0 0 0 0 19 0 48
11 0 26 34 1 12 4 35 6 32 10 34 12 24 0 4
0 0 0 6 13 0 24 0 16 11 2 0 10 13 18 1
4 46 0 2 6 42 0 2 21 4 3 13 16 0 5 19
3 0 1 0 0 0 0 36 0 0 0 0 0 19 0 48
11 0 26 34 1 11 1 35 9 32 3 34 10 25 0 6
0 0 0 9 13 0 22 0 16 11 4 0 11 12 18 1
