21 0 14 28 19 21 24 23 21 0 0 19 0 23 25 0
0 26 25 8 0 0 11 23 0 17 0 37 3 29 3 0
0 0 18 0 0 0 0 29 0 20 0 0 15 6 6 0
14 22 13 0 0 18 5 13 10 6 27 0 0 32 7 10
16 31 13 0 11 8 0 0 0 0 0 33 13 20 22 23
36 46 27 0 8 21 9 18 8 31 23 12 24 30 21 0
30 0 15 25 0 12 0 21 0 25 19 5 23 14 20 0
22 0 0 34 19 26 0 0 24 0 0 0 0 10 16 28
24 0 0 0 0 18 4 0 20 38 13 0 24 4 16 0
0 12 17 13 21 10 24 0 5 24 36 0 23 14 14 27
34 0 0 19 0 13 0 0 26 12 0 0 0 12 0 0
4 34 0 5 14 26 9 0 0 0 11 2 0 0 0 24
0 1 22 0 0 0 0 0 0 0 17 16 0 28 29 0
1 0 18 27 15 0 26 35 20 28 7 0 0 0 14 13
0 0 0 29 13 18 14 0 18 0 18 20 31 31 1 18
0 5 23 26 0 22 6 0 0 27 0 0 13 0 0 0
