14 56 0 12 0 1 15 0 0 3 0 2 19 3 3 18
0 48 0 1 5 49 1 25 29 13 0 8 7 16 15 2
15 3 3 6 4 9 19 31 9 15 63 12 43 32 12 11
13 5 11 5 7 17 8 0 8 20 21 19 9 6 0 2
2 19 0 24 12 26 23 13 10 29 2 2 6 15 10 7
10 18 27 0 2 7 0 0 0 0 1 26 0 7 3 6
27 25 0 12 1 37 23 12 16 0 9 0 28 25 7 5
25 20 0 5 83 3 7 22 13 7 0 13 8 1 1 2
9 17 48 2 0 75 18 0 6 0 0 5 11 4 5 0
0 34 9 16 5 31 13 62 2 19 0 17 17 0 0 0
11 27 7 2 2 8 5 5 7 50 0 6 11 0 30 0
0 27 26 3 17 2 3 7 36 9 11 7 2 4 0 15
4 4 14 0 0 15 8 28 43 0 13 13 19 0 29 14
24 12 28 40 9 2 51 1 12 0 6 17 7 9 24 5
6 29 14 21 24 0 21 19 25 35 5 0 0 39 35 30
4 43 0 23 0 3 4 25 0 36 7 0 6 17 15 0
