27 15 45 45 0 22 30 0 0 15 28 41 0 46 86 33
0 4 0 3 20 0 0 30 34 0 0 41 19 26 0 0
86 0 112 0 0 41 5 0 0 41 0 81 0 25 31 24
14 10 0 14 17 7 25 16 24 20 23 0 14 0 0 0
22 0 0 50 23 21 40 0 28 72 0 0 0 37 21 0
31 123 28 34 0 0 0 2 28 31 0 23 73 24 0 0
23 0 38 0 20 33 32 11 11 0 23 0 10 0 40 12
12 55 23 27 0 3 2 11 11 63 49 32 38 47 4 10
24 1 14 62 0 0 0 21 13 0 6 33 0 13 43 18
15 4 3 2 32 20 2 0 36 4 0 52 11 22 0 9
46 0 65 0 0 48 0 18 16 25 9 79 2 17 21 24
14 10 0 19 0 7 0 16 26 16 7 0 19 0 0 0
21 0 7 48 20 25 67 11 28 47 13 21 0 21 1 0
47 23 17 33 14 5 0 15 9 31 0 22 44 21 17 0
21 0 42 22 15 31 2 1 0 0 32 0 10 12 29 12
14 48 23 25 0 10 2 14 1 45 35 26 38 41 14 7
