7 9 0 9 2 20 0 17 16 16 9 0 5 11 1 12
0 14 16 11 5 14 3 10 15 2 1 0 23 6 1 1
2 2 3 0 3 4 4 12 0 1 4 13 3 0 8 9
10 2 6 2 7 3 13 31 8 1 6 1 1 5 2 21
6 1 2 3 0 3 3 8 9 2 1 16 3 34 2 17
16 1 0 2 1 3 21 3 14 1 5 6 20 10 1 8
5 0 0 2 14 7 7 1 5 5 9 7 28 3 0 27
13 10 7 12 10 8 7 4 6 4 1 11 1 2 0 5
4 2 12 14 20 1 12 7 31 1 6 5 0 3 1 2
9 0 9 1 9 2 9 2 3 4 1 8 4 7 8 1
13 4 9 18 3 3 3 1 3 1 12 0 7 14 1 1
15 1 1 3 35 0 3 2 2 1 4 2 1 1 11 9
5 1 1 2 1 10 4 1 17 1 1 11 16 12 7 3
4 6 5 2 2 19 2 12 4 1 16 0 2 4 1 1
0 1 25 3 7 4 7 2 12 11 1 1 4 3 7 11
4 6 25 3 2 1 6 5 9 30 4 3 5 0 0 5
