0 0 17 25 0 9 6 25 0 40 0 0 0 0 0 3
11 0 5 26 0 19 13 6 29 0 24 7 13 13 12 9
0 34 0 0 16 0 0 38 10 1 0 5 1 0 0 0
0 31 0 10 9 20 0 11 0 14 0 4 40 38 0 0
11 26 19 0 7 0 0 21 0 0 0 32 4 18 0 11
0 0 27 27 16 19 2 4 2 0 0 21 4 16 0 9
0 29 0 9 0 8 3 18 34 1 11 0 1 17 0 8
1 17 5 0 0 0 24 11 22 21 0 19 0 0 31 5
0 3 0 13 31 0 0 29 0 5 26 26 10 0 8 0
0 16 0 0 0 13 42 41 1 16 13 4 0 10 36 33
11 0 22 0 2 10 11 53 24 0 18 18 0 3 29 22
14 14 20 12 22 15 7 0 0 32 0 20 0 10 4 10
1 33 35 0 20 10 0 15 32 0 0 34 5 0 20 16
12 0 0 0 22 0 8 0 14 0 4 0 3 7 0 5
0 14 0 0 0 0 16 0 0 0 19 0 20 0 0 21
11 0 18 20 3 0 0 0 19 0 0 0 6 4 0 0
