10 12 24 50 0 6 30 8 0 6 46 26 4 4 3 8
57 9 0 2 38 8 20 9 42 9 0 13 8 33 0 0
5 9 0 0 0 18 35 0 31 17 0 8 15 16 30 17
6 0 0 6 15 2 14 16 21 8 31 0 25 0 0 18
6 5 0 13 28 12 44 5 99 14 10 8 0 14 0 0
31 37 10 7 0 2 0 27 40 3 3 5 26 0 48 0
3 0 2 2 11 4 13 39 3 0 6 0 56 0 31 5
10 25 15 21 0 7 6 13 8 25 8 27 10 2 3 8
34 15 7 6 0 0 0 0 5 0 0 8 0 1 24 9
0 9 0 4 20 8 11 16 15 9 0 4 10 0 0 0
0 0 28 0 0 2 22 41 6 19 30 0 5 16 28 9
18 0 0 1 30 0 35 5 6 10 32 5 27 79 0 40
1 1 75 11 15 23 59 0 84 27 15 0 0 6 15 0
8 10 3 4 20 53 0 6 16 4 14 2 58 9 2 1
19 2 14 10 31 11 11 29 0 4 11 0 6 46 0 5
10 39 38 15 0 0 1 15 35 7 2 5 9 0 3 3
