15 0 1 29 17 5 27 7 0 0 0 7 21 19 4 24
9 31 0 15 3 44 0 0 25 19 0 0 0 0 0 0
16 0 0 6 0 13 24 13 30 0 0 6 27 14 58 6
0 0 25 9 0 0 11 0 18 0 0 0 12 0 21 54
22 16 0 0 15 0 0 2 0 0 40 0 0 22 14 1
0 0 0 0 40 0 0 14 5 20 21 74 4 0 0 25
8 9 52 39 0 0 21 16 18 23 36 11 11 4 0 1
0 2 25 0 30 0 0 36 11 0 18 8 23 16 0 0
38 0 0 13 24 10 16 25 103 2 0 0 0 23 0 16
0 23 0 32 11 18 0 5 0 0 53 15 25 20 23 0
68 18 0 10 0 28 0 10 16 21 0 25 17 0 3 0
27 0 13 0 26 9 0 0 6 18 22 21 12 24 10 10
7 1 0 33 0 13 0 14 24 13 0 0 0 10 0 15
34 34 4 3 0 0 27 2 0 0 0 0 0 0 11 21
0 11 19 15 34 14 7 0 0 0 25 0 0 19 0 6
22 17 22 13 0 0 5 23 17 0 14 22 2 14 7 9
