13 32 0 28 22 11 3 0 0 1 0 11 3 5 25 1
1 39 34 6 10 58 9 12 26 0 6 15 8 29 0 7
0 4 11 0 0 42 19 31 10 24 8 8 14 7 7 14
9 6 0 5 0 8 3 0 14 50 36 7 1 6 0 0
13 13 0 13 15 7 7 13 2 20 5 0 5 12 6 11
8 1 29 0 2 1 0 0 0 0 7 26 0 2 1 8
41 0 0 11 15 2 7 10 23 0 15 26 14 28 1 5
16 17 0 3 83 11 13 18 12 0 0 3 21 13 0 31
20 0 6 39 0 79 9 0 5 0 0 20 6 8 25 0
0 28 13 16 9 0 5 44 10 8 0 6 0 0 0 0
11 16 14 1 10 18 1 1 1 0 0 1 4 0 22 0
0 5 34 13 14 13 16 5 35 9 2 10 7 0 0 10
18 3 9 0 0 4 9 26 40 0 14 16 28 0 0 14
42 15 21 21 12 3 58 14 5 0 10 13 31 7 26 11
8 26 2 3 24 0 30 11 35 1 6 0 0 23 2 0
7 9 8 21 19 3 0 25 0 22 7 7 6 15 7 0
