5 56 17 0 17 0 9 1 76 3 36 0 57 23 1 70
1 19 2 17 6 30 1 11 9 0 27 25 30 28 4 0
45 0 20 24 1 1 0 41 45 33 12 54 19 0 26 45
9 34 44 0 0 28 0 0 7 61 36 1 19 3 16 55
27 20 10 0 30 24 6 23 24 25 41 30 19 0 18 18
33 14 23 13 26 35 0 28 0 28 33 2 10 10 33 0
5 0 52 8 0 33 10 37 13 44 4 23 61 35 27 0
0 35 0 16 11 33 0 17 19 8 58 1 28 29 45 12
7 55 25 0 39 25 24 1 56 20 39 16 57 1 2 57
1 10 6 7 0 18 14 3 20 0 23 28 41 21 4 0
26 28 12 4 1 7 0 43 40 34 49 25 25 0 21 57
20 19 30 0 0 20 0 0 8 39 44 26 33 4 35 44
11 38 9 0 29 34 7 5 19 25 39 11 24 1 31 47
20 5 13 5 16 59 0 14 0 20 31 2 1 9 41 0
4 0 44 5 0 17 26 27 4 33 19 0 58 22 24 0
0 21 0 13 9 22 0 18 3 17 50 18 28 24 16 1
