22 54 41 2 5 54 31 0 2 0 56 42 0 2 8 2
49 1 40 51 0 0 49 1 2 2 28 24 0 2 22 2
24 2 68 2 12 2 2 2 0 40 2 39 42 0 2 39
24 1 47 0 3 40 2 2 56 1 3 38 50 0 50 0
26 1 17 16 39 0 26 0 1 14 0 1 31 2 50 33
52 2 2 17 53 1 1 52 2 0 32 2 1 2 1 55
2 2 0 54 5 50 2 0 2 16 0 50 2 59 1 19
1 1 6 2 1 1 0 3 0 26 2 0 1 0 1 2
1 2 26 55 1 2 53 0 1 21 2 0 0 2 1 1
60 31 2 52 0 41 40 18 20 27 2 1 0 27 42 0
3 0 44 2 29 1 0 2 22 2 24 31 50 0 45 51
48 50 39 2 0 2 51 43 45 0 56 1 0 49 0 58
1 51 15 2 61 27 1 49 1 27 20 46 46 1 40 18
52 0 54 0 1 0 30 2 39 2 2 19 1 39 2 46
46 52 2 19 2 0 28 2 1 2 0 2 27 0 3 2
3 58 1 1 2 54 2 0 47 16 1 0 2 45 2 45
