20 0 31 0 4 13 31 6 0 0 0 0 1 0 0 12
19 2 0 0 24 50 0 0 6 6 15 12 0 0 0 0
0 11 0 1 0 5 0 11 7 0 0 0 3 2 38 26
0 18 18 11 0 0 2 0 10 0 0 4 12 13 10 5
11 6 0 0 1 0 0 12 0 0 15 0 6 5 7 0
13 11 0 0 1 0 0 7 5 6 5 12 1 0 0 4
2 3 6 53 0 4 1 7 2 1 6 11 7 24 4 2
4 13 13 0 6 0 0 11 13 0 2 7 13 3 0 0
8 7 0 0 47 1 1 3 17 0 0 0 2 4 0 5
0 14 0 9 10 4 0 3 0 0 17 0 1 31 3 0
3 9 0 3 0 9 0 5 6 38 0 9 0 7 0 4
50 0 7 13 2 0 0 7 4 4 10 0 2 5 3 6
0 0 0 0 0 10 0 3 1 2 0 0 0 12 0 1
7 13 17 5 0 16 11 0 0 0 0 0 0 0 19 5
1 3 6 3 24 11 8 0 0 5 32 0 0 3 44 32
3 12 0 14 13 0 1 4 5 3 3 0 8 5 4 1
