22 20 1 0 0 11 14 0 11 40 35 25 1 0 0 0
0 5 1 5 0 0 0 0 21 7 0 32 19 17 23 27
25 11 33 0 22 0 15 0 33 0 0 37 5 1 34 0
0 0 1 26 0 5 18 26 15 12 24 27 0 0 20 4
0 20 25 31 6 0 25 0 0 28 4 0 18 10 35 1
15 0 6 21 36 7 0 0 1 2 22 5 0 7 0 0
0 0 14 4 21 18 18 0 26 36 1 0 29 0 0 1
34 21 23 0 0 4 25 17 6 0 31 32 32 0 0 30
23 5 0 11 10 0 35 0 4 0 9 0 19 14 0 22
2 2 35 0 22 0 6 9 33 25 0 35 20 14 6 0
19 0 0 0 3 2 33 8 10 0 0 24 24 16 6 15
0 0 16 15 26 0 0 13 0 16 6 18 11 25 18 21
0 10 0 15 0 31 25 10 9 12 12 2 0 1 34 11
8 28 34 14 10 8 0 1 30 13 1 35 16 23 2 4
0 0 15 0 12 6 0 8 0 9 0 35 0 4 28 4
9 25 3 21 24 20 0 20 0 0 0 24 1 13 20 24
