4 14 0 20 4 21 27 0 0 0 0 1 0 4 2 0
1 5 18 11 2 32 2 31 2 0 0 1 13 10 7 22
12 31 13 2 18 37 21 3 2 0 49 3 38 1 5 2
3 1 10 19 8 24 1 0 22 2 30 29 5 0 0 2
7 8 0 16 39 33 1 12 4 6 15 8 0 66 3 7
4 1 2 0 0 2 0 0 0 0 11 13 1 6 0 16
22 28 0 30 25 5 20 15 21 1 31 9 22 3 8 19
26 12 0 5 33 33 15 10 22 16 0 10 16 4 8 7
3 1 15 9 15 45 35 0 36 0 0 0 5 3 19 21
2 13 1 24 0 6 12 48 29 20 0 34 0 0 0 3
0 2 11 9 22 0 5 2 5 7 0 3 4 0 4 1
0 3 20 24 3 5 3 9 9 5 12 2 0 9 0 0
18 18 2 0 14 4 3 6 6 0 10 34 17 0 6 3
15 32 10 8 7 2 9 9 13 0 14 1 30 3 28 8
5 46 14 2 31 0 32 0 17 0 7 10 0 18 15 7
4 14 27 42 2 0 11 20 0 8 10 7 21 49 0 0
