12 22 1 0 0 7 20 0 16 45 35 23 0 0 16 0
0 10 26 1 8 0 0 0 21 11 0 32 19 19 12 27
6 0 26 7 20 0 0 0 33 0 0 37 23 1 30 12
0 0 1 17 1 3 19 29 13 1 24 33 0 0 29 1
3 40 29 31 11 0 17 0 0 19 0 8 16 6 17 1
16 0 6 11 36 20 0 0 0 3 22 0 0 0 0 0
0 11 1 14 23 27 15 0 8 22 1 0 23 6 0 1
2 21 13 0 0 9 26 21 7 0 31 27 30 0 0 34
19 0 1 17 2 0 35 1 0 0 0 0 13 23 0 22
0 21 35 0 7 0 21 14 32 36 0 35 28 2 0 0
18 0 0 0 0 5 39 6 20 0 0 22 24 11 8 15
4 0 20 19 32 0 0 8 0 30 13 12 0 23 18 8
0 4 0 12 0 31 29 3 20 1 4 0 0 8 36 11
10 33 32 1 4 35 0 0 32 15 4 29 14 11 8 0
0 14 20 0 23 0 0 28 0 0 26 30 0 10 14 0
0 36 0 18 35 25 0 17 0 0 0 24 13 15 26 34
