25 1 16 0 8 9 0 8 50 0 0 0 0 3 2 5
7 0 3 9 1 7 19 10 0 3 24 35 6 21 0 0
0 0 1 13 0 8 0 7 0 3 1 0 7 4 22 10
9 13 2 40 23 13 19 7 0 17 4 0 0 19 37 8
6 0 30 29 2 6 0 5 53 12 7 2 21 1 0 2
12 16 12 0 6 5 14 4 5 9 13 5 8 0 4 16
0 2 36 12 10 21 0 6 6 5 3 15 10 0 68 35
0 0 48 3 4 2 13 8 10 0 3 0 0 18 23 12
3 0 0 0 3 16 9 3 2 1 7 15 2 19 5 0
2 23 7 6 3 13 2 0 1 5 0 0 13 2 2 2
13 2 4 1 10 9 27 0 1 4 0 10 0 3 0 7
10 13 0 10 1 0 2 18 0 13 34 3 8 0 0 17
0 2 23 10 6 9 22 0 25 3 5 18 0 5 0 0
0 0 3 7 2 0 17 9 9 10 39 0 0 0 10 1
6 0 0 4 20 12 12 0 1 0 13 3 0 14 5 8
4 11 13 9 5 18 27 0 0 8 4 0 2 41 15 0
