20 2 0 22 20 10 37 20 0 0 0 0 36 11 17 53
9 31 0 0 0 0 0 0 2 14 0 0 0 6 0 0
3 31 0 0 0 1 25 17 27 0 0 0 0 22 17 0
8 0 40 18 0 0 13 0 5 0 0 0 8 2 0 0
18 20 0 0 25 2 0 0 47 0 53 0 0 26 17 60
0 0 14 0 56 0 0 23 17 21 15 47 4 0 0 32
14 18 56 0 0 8 0 15 18 27 15 17 12 39 0 2
4 3 27 0 6 12 0 26 0 0 26 8 13 9 0 0
0 0 0 13 0 0 11 36 62 0 13 0 2 41 0 16
0 28 0 32 19 16 0 4 10 0 0 16 28 12 18 0
32 12 0 11 0 32 0 15 22 14 0 3 15 17 0 3
0 0 0 0 21 15 0 8 5 15 18 21 16 0 15 10
0 11 1 31 0 0 2 12 8 11 9 0 0 5 0 2
0 33 20 7 0 3 24 0 0 0 0 0 0 0 30 35
10 11 0 22 0 13 15 0 0 39 0 0 0 16 0 21
19 16 22 22 0 0 0 0 25 11 14 20 0 11 2 0
