23 18 0 24 0 0 10 0 0 0 0 18 42 34 23 0
2 21 14 34 0 23 12 12 28 36 2 13 2 34 40 29
0 28 23 1 0 68 0 0 10 3 8 22 32 32 15 25
32 1 0 0 3 17 15 0 0 26 14 13 1 0 0 0
19 11 0 26 12 24 4 12 17 34 44 3 0 3 19 17
8 60 25 0 0 24 0 0 0 0 26 0 20 43 2 4
52 0 2 2 20 15 29 56 0 1 8 16 13 23 8 0
6 9 0 31 5 18 19 50 72 0 0 34 3 1 32 0
1 20 68 31 0 33 12 0 11 0 0 0 24 22 14 0
0 33 33 0 0 14 8 4 9 12 0 11 0 0 0 0
0 32 9 15 10 4 0 34 0 22 0 29 2 0 17 0
0 37 18 60 9 1 3 4 25 0 0 24 11 44 0 15
18 23 20 0 0 19 7 0 5 0 2 1 28 0 1 0
6 11 38 27 11 19 9 0 18 0 0 19 32 9 22 26
1 13 12 35 2 0 27 0 28 26 0 25 0 26 30 26
36 7 14 12 37 0 0 0 1 21 0 0 0 49 9 0
