23 0 0 0 24 14 23 22 26 0 6 15 0 6 30 12
1 13 27 6 1 9 8 22 0 5 0 11 12 26 0 0
0 0 25 0 0 0 7 24 0 13 0 0 11 9 24 0
20 5 12 17 0 21 0 10 0 14 25 0 0 35 0 29
27 46 14 0 15 1 0 5 0 0 6 34 0 8 22 23
19 41 21 0 1 18 0 1 7 16 0 19 23 26 18 16
32 0 16 27 2 0 0 0 0 27 19 8 26 0 0 0
7 33 4 32 27 27 0 0 23 0 30 0 0 5 17 22
22 0 0 39 0 17 0 0 12 34 10 4 8 12 20 3
5 0 10 14 16 18 0 1 17 13 36 0 23 6 27 27
30 0 0 22 0 18 2 0 29 0 0 12 0 13 0 0
0 34 0 16 20 8 17 0 0 0 0 16 6 0 0 9
0 0 26 11 0 0 0 2 9 0 5 10 0 25 31 0
0 0 0 35 15 0 19 29 0 14 0 0 0 0 4 17
0 0 0 25 14 18 2 0 18 0 18 13 18 24 12 12
0 0 23 24 1 19 8 0 0 27 0 0 12 1 0 0
