21 8 10 0 0 14 12 0 0 46 35 20 2 2 0 0
0 0 9 3 0 0 0 0 21 0 0 32 19 14 15 25
25 2 24 6 19 0 0 1 33 0 0 37 1 1 31 4
0 0 3 9 0 0 19 30 24 0 24 0 0 0 34 3
0 9 25 31 0 0 3 0 0 35 0 4 12 14 25 4
24 13 7 21 36 13 4 0 4 13 4 0 0 0 1 0
2 3 0 11 21 12 8 0 23 37 1 0 26 4 11 11
5 16 22 0 2 14 0 14 0 0 26 0 32 0 3 20
10 0 0 16 16 26 27 0 17 9 0 9 0 24 0 21
12 4 35 1 11 0 21 4 30 34 4 33 21 3 0 0
18 0 9 0 16 1 30 5 0 0 0 9 24 2 6 24
7 0 25 21 29 0 2 1 0 35 0 2 29 0 10 25
0 0 42 14 8 32 19 15 33 13 5 0 0 1 34 3
0 30 43 0 13 5 8 0 29 20 1 35 6 17 14 4
0 0 15 0 0 0 0 33 0 0 16 33 4 22 26 5
17 24 0 13 29 23 6 22 12 0 1 24 17 15 4 26
