0 0 36 0 17 27 0 48 0 0 0 0 0 0 0 0
38 10 7 27 21 26 0 0 45 0 0 0 47 0 2 25
0 0 30 0 17 0 2 6 0 0 0 18 0 0 0 0
0 36 0 19 21 15 0 77 40 0 0 0 26 0 1 25
0 0 69 0 16 45 7 24 0 0 0 20 0 0 0 0
40 13 0 19 21 13 0 127 35 0 0 0 0 0 1 28
0 0 36 0 14 38 14 30 0 0 0 10 0 0 0 0
24 23 2 22 21 14 0 51 41 0 0 0 41 0 0 28
0 0 9 0 16 3 7 15 0 0 0 22 0 0 0 0
20 20 0 19 21 14 0 57 42 0 0 0 0 0 0 0
0 0 38 0 17 15 3 16 0 0 0 32 0 0 0 0
38 0 0 17 21 13 0 64 40 0 0 0 17 0 1 25
0 0 37 0 16 16 6 19 0 0 0 18 0 0 0 0
0 45 0 19 21 13 0 57 40 0 0 0 41 0 6 73
0 0 34 0 16 18 7 15 0 0 0 17 0 0 0 15
0 39 0 20 21 6 0 84 12 0 0 0 11 0 0 38
