29 0 21 0 4 0 23 56 1 0 0 0 33 13 0 0
13 15 0 86 31 8 19 12 0 0 19 0 3 8 16 11
0 1 16 19 53 0 0 32 19 0 37 4 0 30 0 0
20 0 0 2 17 40 15 10 34 0 31 0 11 0 3 0
0 38 0 0 10 0 1 0 26 17 18 11 0 3 0 26
0 3 9 36 0 2 26 32 6 21 38 5 28 28 0 5
18 0 19 36 10 31 15 0 17 0 0 5 67 0 26 0
0 18 22 4 0 21 18 21 0 0 1 40 16 0 0 55
0 35 0 28 0 0 18 24 13 0 15 18 43 3 0 58
1 21 0 16 0 0 18 0 43 31 30 27 0 15 15 3
0 5 0 14 0 20 25 49 0 12 6 9 0 25 0 6
5 8 0 0 0 13 0 9 113 6 0 9 8 0 20 2
0 4 13 24 0 15 5 8 12 45 34 30 7 28 16 0
0 1 0 13 0 5 0 41 0 15 18 13 10 14 43 0
4 12 4 0 5 0 0 0 6 0 6 25 4 34 4 20
19 0 0 0 0 0 0 4 15 14 2 33 0 4 0 0
