14 0 40 0 6 26 0 54 0 0 3 0 56 20 12 11
13 43 48 111 0 0 17 0 0 7 9 0 23 0 25 1
0 9 18 0 68 0 0 34 46 0 0 0 18 21 0 0
0 0 0 0 28 8 37 0 58 0 31 0 0 0 28 35
0 66 0 0 0 5 15 0 40 17 0 0 0 0 4 51
0 32 17 51 0 5 43 2 0 0 25 10 34 6 0 16
18 30 19 26 0 53 0 0 20 7 0 2 51 10 0 0
0 20 10 0 23 30 12 3 0 2 7 25 16 0 0 78
0 39 56 8 0 6 14 23 23 0 18 0 18 5 0 0
12 18 11 24 0 0 19 0 34 8 48 43 0 3 4 13
12 13 0 23 0 18 15 71 0 36 1 8 0 30 0 40
0 0 43 0 0 0 0 0 112 12 14 2 36 0 0 0
0 0 13 6 0 25 21 0 18 49 34 28 62 15 1 0
0 16 49 6 0 0 6 30 23 17 6 0 16 0 24 0
10 23 0 0 0 0 2 10 0 0 0 22 0 28 0 26
16 0 0 0 0 0 0 0 36 14 16 49 13 0 5 0
