13 1 0 4 6 6 4 2 8 12 3 13 16 0 21 21
0 0 1 0 0 0 0 27 0 0 0 0 0 19 0 20
4 0 1 18 1 8 0 33 19 29 0 15 7 49 0 38
1 0 0 0 0 0 7 0 15 42 0 0 0 0 1 31
9 1 0 5 2 6 1 2 4 3 6 11 1 1 22 17
10 0 6 0 0 0 0 43 0 0 0 0 0 19 0 32
1 0 1 9 1 3 0 29 13 27 0 29 8 15 0 59
2 0 0 6 0 0 26 0 10 45 0 4 13 0 0 16
8 1 0 7 2 5 0 2 4 2 15 8 5 5 32 19
0 0 5 0 0 0 0 42 0 0 0 0 0 19 0 36
1 0 3 9 1 5 0 32 17 27 0 28 6 15 0 60
2 0 6 9 0 0 24 0 2 47 0 1 14 0 0 7
5 1 0 6 3 1 1 2 3 0 11 10 14 5 32 19
1 0 9 0 0 0 0 38 0 0 0 0 0 19 0 29
0 0 1 7 1 5 0 32 1 29 8 35 10 14 0 60
1 0 4 3 0 0 22 0 9 46 0 0 8 0 0 3
