22 2 20 84 0 14 0 8 0 6 46 61 4 0 71 33
57 11 0 2 0 3 0 27 79 22 0 38 10 42 0 0
84 9 115 0 0 24 0 0 31 38 0 39 15 23 58 0
10 10 0 7 0 5 15 0 13 12 12 0 49 0 0 0
0 14 0 0 0 15 69 5 28 81 0 8 0 25 0 0
5 47 14 33 0 0 0 27 0 26 18 35 67 22 48 0
19 0 44 4 16 49 29 0 0 0 21 0 71 0 8 18
0 13 22 11 0 7 8 13 24 30 59 41 39 18 10 0
50 17 20 57 0 0 0 0 12 0 0 25 0 0 54 29
0 14 0 0 46 24 0 0 25 20 0 56 25 0 0 0
37 0 40 0 0 37 0 0 0 33 36 58 16 16 28 10
8 10 0 0 42 7 38 11 28 7 0 0 59 80 0 40
1 4 83 18 38 52 21 0 27 0 19 0 0 20 0 0
54 30 28 33 0 63 0 6 44 26 9 25 107 11 5 0
0 2 22 0 37 27 8 0 0 4 47 0 0 59 38 11
19 76 60 52 0 0 2 13 40 40 41 11 38 18 9 11
