17 3 2 0 9 14 13 0 2 6 0 6 0 0 0 0
0 10 0 0 0 0 0 0 0 5 0 0 0 8 2 1
5 12 14 3 0 0 0 2 1 0 0 0 9 0 1 13
0 0 0 34 6 11 7 4 13 3 0 44 0 0 4 22
20 21 5 0 12 0 19 0 0 16 2 1 18 5 41 1
13 1 2 17 0 4 26 0 8 9 5 0 0 10 0 0
4 5 12 3 3 7 5 0 26 3 0 9 20 0 0 15
14 1 4 7 6 3 7 7 4 0 7 28 0 1 0 1
4 0 0 5 5 1 4 0 6 5 0 13 15 12 0 0
0 2 0 4 22 0 9 14 1 9 2 0 11 10 3 0
2 0 0 0 8 0 1 8 1 0 13 5 0 1 8 28
13 0 1 5 1 0 13 9 0 3 2 27 17 38 5 30
0 4 3 1 7 2 2 8 25 3 0 0 0 9 9 12
8 2 6 14 3 4 1 0 3 1 4 2 12 16 0 0
0 26 5 0 10 13 1 20 0 6 1 4 0 28 4 0
16 7 12 3 1 2 22 2 0 0 8 8 2 1 3 12
