19 10 4 78 10 23 16 5 39 5 4 10 0 17 14 11
13 14 5 0 10 7 0 3 3 6 0 15 1 11 0 0
5 0 2 0 0 20 19 0 3 1 0 39 0 24 27 12
6 20 0 27 33 0 3 0 8 18 20 0 24 0 0 22
8 7 5 28 17 9 10 0 33 12 19 0 0 1 21 0
0 37 22 1 2 6 0 6 48 5 8 18 4 1 2 4
0 0 46 0 12 46 22 0 30 0 3 0 6 0 10 4
10 34 0 27 0 0 22 1 28 17 1 13 6 19 6 0
26 11 7 8 0 11 0 0 1 0 0 0 0 0 9 2
3 5 2 2 21 10 0 0 3 7 0 9 2 0 0 0
11 0 16 22 35 7 1 36 11 13 5 16 9 0 19 4
1 1 31 11 13 12 0 0 1 14 6 2 25 13 0 0
13 9 57 38 13 14 7 0 11 0 5 10 0 12 24 0
0 27 9 2 15 0 0 15 0 4 20 6 23 4 1 15
3 0 46 12 33 1 17 0 0 0 13 0 5 23 17 10
1 23 0 22 0 9 1 0 30 11 11 9 0 2 6 7
