34 11 35 7 39 3 0 27 27 23 9 21 1 5 16 22
0 2 8 12 3 8 6 14 14 10 11 6 24 7 4 5
1 2 8 0 4 2 1 5 3 10 36 4 8 12 2 6
4 0 15 7 2 26 8 31 7 1 15 11 7 36 2 66
0 10 5 6 12 9 2 9 5 0 21 15 13 41 0 15
28 13 8 24 2 2 22 13 3 8 11 3 10 1 5 0
12 0 0 4 2 22 1 5 27 17 2 11 17 7 1 23
13 15 1 6 6 23 0 7 29 2 5 16 19 17 2 10
10 3 11 2 30 6 17 12 2 12 2 25 16 4 23 13
30 18 3 0 20 2 6 17 1 44 2 2 26 8 21 19
1 1 3 6 13 1 5 12 1 5 37 0 33 16 6 1
15 5 5 6 9 3 9 0 3 14 12 12 29 2 7 20
4 5 2 8 4 23 9 22 7 12 6 3 4 11 4 1
3 9 2 12 7 6 6 21 17 11 7 5 14 32 12 6
1 12 29 20 3 13 0 1 1 20 2 5 18 17 3 10
1 1 66 8 4 4 17 1 21 14 4 15 15 3 27 1
