7 9 0 19 49 34 13 0 4 0 0 1 10 0 15 1
11 5 7 23 0 0 0 13 13 0 0 0 2 10 6 0
0 0 0 0 0 10 4 3 31 4 32 0 0 11 13 3
20 17 1 10 0 24 3 3 0 16 3 0 7 0 0 0
3 0 15 0 0 0 26 0 4 0 2 5 17 0 22 18
7 0 0 21 0 0 22 0 0 12 0 3 0 7 0 5
0 1 6 8 0 0 0 0 0 0 1 11 12 34 15 0
4 0 0 14 29 0 0 16 0 12 0 0 0 5 6 62
10 13 14 8 30 6 2 21 15 6 0 3 0 0 12 0
0 12 0 0 36 1 17 0 0 0 25 31 3 0 12 20
0 1 21 0 44 2 7 0 0 0 4 1 25 0 0 11
0 3 13 0 3 8 0 0 0 0 4 0 8 3 9 0
2 3 6 9 9 0 7 7 10 5 11 20 1 23 0 17
0 0 0 0 0 14 2 13 21 0 14 2 0 14 0 11
12 17 0 14 10 3 0 9 0 0 3 9 0 11 1 0
8 7 6 0 23 16 20 0 11 2 0 1 1 0 19 0
