15 46 0 15 87 12 15 0 0 1 0 34 13 13 9 10
6 15 0 8 5 19 0 25 0 7 37 3 14 3 8 36
0 1 3 0 0 38 19 4 0 4 10 15 28 0 27 28
2 11 16 5 14 22 7 0 13 11 24 34 10 6 0 0
13 30 0 16 1 8 35 44 14 0 3 23 5 29 1 9
0 22 37 0 49 13 0 11 0 0 38 17 27 11 30 8
12 0 27 7 5 0 3 20 23 15 3 9 11 27 12 36
25 71 0 31 32 17 49 38 43 24 0 5 4 3 34 3
4 24 6 18 16 46 9 0 22 0 0 8 13 17 3 0
0 36 13 12 30 2 24 63 0 25 0 0 0 0 0 0
11 2 14 7 2 0 1 13 2 23 0 43 20 0 46 0
0 6 22 32 12 10 13 24 34 9 9 27 32 6 0 7
6 18 30 0 0 7 4 28 45 1 21 21 29 0 20 20
29 34 11 17 16 23 54 10 70 0 0 0 26 14 28 2
33 29 10 5 25 0 30 19 17 40 6 27 0 5 21 6
40 18 15 0 41 3 0 25 0 32 16 0 32 9 29 0
