2 5 16 1 10 14 11 0 6 0 0 6 0 0 2 20
2 8 2 5 0 0 4 18 4 0 0 0 6 22 21 0
17 0 2 0 0 21 1 0 0 4 3 0 0 25 2 0
5 3 3 22 0 5 14 3 0 0 13 0 2 9 9 3
3 0 7 0 0 0 17 0 3 3 2 8 13 1 2 12
15 11 0 6 1 0 59 4 0 0 0 8 0 2 0 3
30 2 2 28 0 2 0 0 0 5 6 11 3 10 2 0
19 0 0 10 10 0 0 19 0 48 0 10 8 17 4 1
2 5 5 8 9 42 11 21 25 11 0 1 0 0 19 0
31 12 0 0 13 0 8 7 26 0 8 19 15 0 12 3
17 2 38 1 3 31 0 0 0 0 6 18 21 0 0 1
0 0 16 0 0 3 0 0 0 0 2 0 13 1 18 6
18 39 5 0 1 0 1 6 1 6 0 11 1 6 0 1
0 16 5 0 0 14 7 2 15 0 16 35 0 12 0 14
1 10 1 16 13 0 0 19 0 0 6 0 0 0 6 0
17 3 20 0 10 4 3 0 8 12 0 3 4 6 1 0
