0 4 16 25 0 21 0 26 0 6 0 0 0 2 0 8
35 6 7 22 22 9 8 0 33 45 21 3 9 0 11 10
0 35 0 0 12 0 0 17 0 11 0 7 11 0 15 0
0 25 0 22 0 8 0 15 0 17 11 0 76 46 0 0
18 25 10 0 6 0 0 32 0 0 0 20 0 14 0 11
0 0 43 29 30 29 5 3 0 0 0 23 0 50 7 7
0 29 0 27 0 27 4 7 19 0 0 0 6 20 7 0
0 8 20 0 0 0 36 17 21 0 0 19 0 0 2 0
0 1 0 12 48 0 0 0 0 28 29 26 13 0 16 0
0 18 0 30 22 10 30 38 0 0 10 0 1 14 35 16
10 0 11 0 10 22 10 64 32 0 0 5 0 12 17 0
0 7 4 8 18 3 0 0 15 40 0 9 0 14 0 15
13 3 38 0 19 11 7 29 56 0 0 65 5 0 19 14
0 0 16 0 20 0 12 0 9 0 47 0 0 0 0 0
6 0 0 0 0 21 15 0 0 0 16 0 15 0 30 13
5 2 12 18 0 0 0 0 4 13 18 0 0 15 0 0
