13 0 77 2 10 25 0 0 0 0 0 0 16 0 0 0
32 61 8 38 102 13 67 59 0 2 14 0 0 0 4 8
0 0 0 0 27 0 0 27 40 0 15 0 10 0 26 0
0 0 0 0 22 71 3 0 23 0 0 0 5 0 20 63
0 54 0 0 0 2 9 0 0 48 19 0 0 4 16 0
0 79 0 74 0 51 107 7 50 4 27 0 0 27 28 0
40 0 0 66 0 63 0 0 43 71 0 0 42 0 0 0
11 1 19 36 34 13 2 53 4 11 0 53 127 9 0 19
0 56 23 102 0 0 13 58 5 0 3 20 0 0 0 127
22 0 60 30 65 0 25 0 0 127 2 2 0 70 0 70
0 14 61 10 0 0 38 53 0 19 32 0 0 25 0 7
88 44 98 0 0 10 37 0 102 0 46 54 45 0 9 0
0 0 0 100 0 46 33 0 45 9 11 24 42 54 11 0
12 0 24 0 17 0 0 10 16 0 41 22 0 0 86 37
2 1 79 0 0 12 0 56 0 0 0 0 1 82 48 0
18 43 0 28 0 0 0 3 0 22 1 22 52 50 18 0
