4 11 0 9 0 19 0 26 0 5 18 0 0 0 0 0
14 10 3 27 0 12 5 33 11 7 21 0 13 6 13 13
0 29 0 0 19 0 0 20 5 0 8 0 5 0 0 0
9 28 0 9 11 18 0 4 5 10 0 15 85 23 0 0
14 26 15 0 7 0 1 24 0 2 2 0 0 3 0 21
32 26 29 26 0 26 17 5 7 0 17 37 0 39 13 15
0 28 0 0 0 0 0 11 18 3 14 0 0 7 0 18
0 15 0 0 10 0 16 2 19 0 0 20 0 7 20 0
0 0 0 16 0 0 0 10 0 0 39 6 15 0 2 0
7 24 0 0 0 18 44 45 0 4 14 7 21 20 32 32
6 10 8 0 2 18 0 44 0 0 17 6 0 24 6 0
10 19 30 4 12 20 2 30 0 43 20 17 0 19 0 16
18 14 2 0 16 9 0 0 55 0 0 18 5 0 20 18
7 0 0 0 14 0 0 1 7 0 28 0 3 0 0 2
0 17 0 0 0 15 15 0 0 0 20 0 15 0 0 9
12 17 13 20 12 0 0 0 0 0 0 0 16 1 0 4
