25 7 10 25 24 12 25 23 26 0 4 6 0 0 20 1
0 14 21 30 51 0 22 28 0 16 0 50 15 30 0 0
0 0 19 0 0 13 0 20 0 20 0 1 18 20 10 7
6 14 12 0 0 14 14 12 0 23 27 0 0 29 14 1
16 32 10 3 16 8 4 0 15 0 15 34 0 23 23 26
26 29 21 0 1 19 15 20 4 37 31 24 13 31 18 0
30 0 21 26 18 5 0 5 0 24 19 17 26 0 36 36
4 0 19 30 24 27 3 0 4 0 0 0 0 14 17 21
16 0 0 0 10 21 2 0 2 33 27 0 24 16 24 0
0 12 13 0 29 14 0 0 9 3 37 0 22 15 16 24
34 0 0 7 4 20 0 0 20 12 0 7 0 14 0 0
0 34 7 0 7 39 12 0 0 0 7 0 0 0 0 19
0 14 20 0 0 0 1 1 22 0 25 25 0 10 29 0
0 0 20 25 23 0 38 35 14 25 22 0 0 0 9 19
0 0 0 20 25 13 41 0 11 0 5 17 31 31 0 17
0 9 26 23 0 3 0 0 0 17 8 0 8 0 0 0
