1 0 3 4 4 1 4 4 4 5 0 4 7 5 1 2
0 4 2 4 3 7 1 9 0 0 1 0 0 0 2 7
3 5 7 4 0 3 5 13 4 5 10 7 6 3 3 8
4 6 0 9 2 3 4 0 1 1 8 7 10 2 3 2
1 1 1 1 3 1 6 6 9 11 7 8 3 12 5 5
2 4 1 2 1 1 3 6 1 1 7 5 4 7 3 7
9 2 2 3 1 3 2 3 0 3 1 10 6 18 6 3
9 6 1 4 4 12 3 3 1 3 2 4 3 13 4 1
3 4 1 5 2 0 0 3 6 1 1 0 6 1 4 2
13 3 2 9 4 3 5 5 2 9 6 11 9 3 3 1
0 9 10 3 3 2 1 4 4 4 4 7 5 0 6 2
0 3 1 2 5 3 9 7 6 3 1 7 3 11 4 9
8 6 4 7 10 4 7 6 5 8 7 8 9 1 3 6
5 7 2 6 5 3 0 3 2 3 4 7 2 1 5 2
2 4 5 1 1 8 5 4 0 4 2 4 1 8 4 2
4 2 4 1 4 6 1 6 1 4 2 5 3 0 10 1
