3 15 0 20 64 22 3 0 0 23 20 1 16 0 11 8
12 1 3 9 0 0 10 21 10 0 0 0 11 16 15 0
19 0 0 0 0 4 0 11 31 3 2 0 0 1 2 2
7 17 0 5 0 7 11 6 0 35 11 0 2 6 6 0
6 0 20 0 0 0 19 0 10 0 5 7 32 17 25 24
0 0 0 14 0 0 15 12 0 12 0 14 0 7 0 19
21 61 0 16 1 0 0 0 0 0 6 0 12 21 4 0
11 0 2 1 29 0 0 16 0 16 0 6 0 18 12 63
27 0 0 9 48 20 16 8 13 9 0 5 10 0 10 0
0 3 0 0 22 3 7 13 12 0 10 22 9 0 3 13
0 4 18 0 48 2 7 0 0 0 9 4 22 0 0 20
0 0 10 0 2 6 0 0 0 0 8 0 5 2 4 1
9 14 3 0 9 0 6 8 14 6 3 28 2 12 0 3
0 9 0 0 0 1 8 23 13 0 10 22 0 11 0 0
17 16 0 5 5 0 0 8 0 0 3 0 0 14 3 0
5 6 23 0 14 1 5 0 10 13 0 3 9 2 3 0
