5 42 3 0 1 39 0 19 52 23 48 6 47 44 34 0
75 12 0 2 0 44 3 4 0 0 0 3 39 0 14 0
88 0 0 19 1 2 0 47 32 27 10 43 4 0 5 9
28 31 30 0 0 27 0 0 6 78 13 36 2 31 38 62
0 42 2 0 0 35 30 35 4 21 41 0 0 0 14 2
17 2 5 82 13 0 0 22 89 0 42 19 8 0 29 0
44 0 56 0 4 34 2 5 2 45 39 12 48 127 9 9
0 17 0 5 1 0 0 2 42 1 103 0 24 41 84 41
40 81 18 0 1 38 0 14 41 17 48 0 57 8 3 57
1 10 66 20 0 7 4 5 7 0 0 30 34 0 27 0
65 24 0 0 1 0 0 22 41 30 48 0 45 0 10 58
26 1 26 0 28 0 86 0 13 57 31 40 2 62 73 62
0 18 29 0 37 22 26 1 0 28 35 17 0 21 19 2
0 0 18 32 0 2 0 45 35 7 28 3 3 6 28 0
12 0 27 9 0 27 12 29 25 21 15 0 54 90 0 14
0 0 26 21 29 26 0 21 14 5 60 3 30 10 34 32
