18 16 0 17 0 1 0 0 36 0 7 6 0 8 0 0
20 0 3 11 7 3 12 28 6 18 0 0 9 0 24 13
2 22 0 5 0 3 53 7 24 0 33 0 0 0 0 2
7 6 6 1 8 0 1 0 17 0 9 5 28 32 10 0
0 0 6 4 4 38 0 11 1 26 1 15 0 0 0 0
0 0 0 50 0 0 19 12 19 4 0 7 0 0 0 4
0 27 4 1 25 0 5 0 2 0 31 20 0 0 0 44
7 17 2 0 18 0 0 15 15 22 0 0 0 0 54 0
10 6 1 3 0 0 4 1 0 0 6 16 5 22 11 25
24 0 2 6 4 0 0 3 23 2 14 1 19 12 0 17
0 0 1 4 9 63 1 1 0 8 8 0 4 0 39 11
3 44 22 4 4 0 3 43 6 3 8 0 4 0 20 12
0 29 73 24 0 1 3 14 15 7 0 1 35 14 0 5
18 82 38 0 23 8 0 11 0 25 21 2 8 2 6 10
15 18 4 3 0 0 8 0 5 0 29 0 5 24 1 16
1 0 3 11 6 2 0 6 6 0 9 0 1 19 5 8
