11 14 62 31 28 17 23 56 1 1 0 0 2 7 0 0
2 26 0 21 1 37 3 3 0 0 1 0 3 8 13 10
0 22 6 14 16 0 0 2 9 0 31 5 17 29 0 0
10 0 0 2 11 31 49 6 3 0 6 0 10 0 27 33
0 17 0 0 8 1 1 0 11 14 9 0 0 3 0 2
0 3 9 0 0 2 26 31 6 13 1 5 10 6 0 5
2 81 13 17 10 19 6 0 4 0 0 10 7 0 26 0
0 8 4 4 0 10 11 3 0 8 43 31 33 3 0 13
0 5 28 9 0 0 2 4 1 0 3 18 43 11 0 26
19 21 6 9 0 8 9 0 37 9 33 3 8 20 15 3
0 5 0 11 0 7 9 0 0 11 1 9 0 0 0 27
25 19 18 0 0 13 0 9 11 6 6 30 19 0 1 4
0 7 13 6 0 7 4 9 27 42 5 23 35 3 16 3
0 1 18 8 0 15 5 10 34 15 10 10 10 14 6 0
21 4 23 11 5 0 19 0 6 0 6 25 7 48 4 20
3 12 0 0 44 0 0 8 28 12 11 13 0 28 7 0
