0 42 0 2 0 35 7 0 14 25 3 1 1 8 0 0
0 0 19 0 0 0 0 2 0 5 0 0 0 3 0 2
0 0 24 0 1 3 1 0 3 1 4 1 2 6 0 37
1 0 0 1 11 0 0 0 1 3 0 0 0 14 10 0
2 46 0 3 3 40 1 0 18 0 0 0 0 0 0 0
0 0 0 0 0 0 0 2 0 0 0 0 0 0 0 0
0 0 0 0 0 0 0 0 2 1 2 0 2 3 0 58
2 0 0 0 0 0 0 0 0 0 0 0 2 12 17 0
11 43 0 4 3 53 1 1 22 0 4 5 15 0 0 1
2 0 2 0 0 0 0 11 0 0 0 0 0 0 0 6
10 0 3 0 0 3 3 4 7 2 4 22 0 5 0 53
2 0 0 3 5 0 14 0 1 0 2 0 11 13 19 10
7 43 0 4 1 47 0 0 20 4 0 6 16 1 0 0
4 0 4 0 0 0 0 7 0 0 0 0 0 0 0 3
0 0 3 0 0 9 0 4 6 5 4 5 4 10 0 53
2 0 0 4 3 0 1 0 6 2 4 4 1 13 18 9
