11 4 1 8 0 0 9 0 0 33 15 13 4 29 0 0
6 1 34 13 6 0 0 0 21 0 3 30 0 13 22 5
23 1 0 2 22 0 0 19 27 0 0 32 16 1 29 20
0 0 1 61 20 3 12 33 33 26 24 25 14 0 13 53
39 10 20 31 9 0 4 0 0 30 0 5 63 8 66 1
28 11 16 20 36 0 89 0 7 10 22 0 1 0 0 0
16 19 19 0 21 16 12 0 11 23 8 5 15 3 0 34
0 4 7 40 9 0 32 0 2 0 31 15 31 0 0 18
25 0 25 0 0 21 32 1 2 4 0 13 19 27 0 9
10 4 26 2 0 2 10 12 17 36 34 30 27 0 0 0
18 5 0 0 38 4 23 39 16 0 0 30 24 22 6 0
0 0 16 24 27 0 31 0 0 20 3 10 1 1 0 32
0 6 17 14 0 31 26 26 33 28 0 10 0 38 37 8
0 34 23 0 10 1 7 0 33 10 13 28 7 7 0 0
0 0 6 2 0 0 0 11 0 0 0 31 10 0 28 0
10 35 0 19 28 33 43 26 3 0 1 17 7 2 0 22
