20 0 8 21 22 19 27 17 20 0 0 19 0 0 26 10
0 0 24 4 6 0 15 21 5 21 0 37 19 26 0 0
0 0 12 0 0 0 0 26 0 17 0 0 1 18 9 2
9 12 9 0 4 14 8 21 49 7 27 0 2 34 5 5
22 43 16 11 17 24 0 2 0 0 0 34 7 23 23 19
22 42 21 0 29 24 0 15 5 25 0 23 24 31 22 7
32 11 2 22 8 8 0 0 3 23 19 1 26 10 22 5
0 0 0 34 17 29 0 0 5 0 0 0 0 17 23 28
24 0 0 0 9 19 0 1 0 34 26 0 24 28 23 0
0 8 14 8 29 15 3 3 5 3 36 0 21 15 7 27
33 0 0 5 0 30 0 0 27 5 0 10 0 4 0 0
1 34 15 7 0 17 19 0 9 0 0 20 0 0 0 22
0 0 25 0 0 0 0 0 17 0 22 23 0 8 29 0
0 0 19 29 11 10 40 33 15 22 21 0 16 0 23 10
0 0 0 29 8 24 6 0 9 0 14 22 30 27 8 11
0 8 25 25 0 29 2 0 0 25 0 0 12 0 0 0
