25 4 35 1 28 2 0 15 19 12 14 26 7 19 14 41
0 17 4 6 4 6 1 2 18 4 5 7 20 5 4 4
7 0 12 15 4 10 3 16 4 12 13 11 13 13 4 2
5 5 12 1 15 27 1 37 11 4 1 11 7 13 5 16
1 1 4 1 13 9 3 23 6 4 18 0 17 32 12 38
6 2 8 26 3 2 21 2 1 4 15 3 9 2 8 2
10 0 0 3 6 19 2 2 28 14 6 11 9 0 0 13
44 15 11 6 4 12 2 5 21 3 2 3 24 16 2 3
14 8 26 3 30 9 34 5 7 11 6 36 18 2 26 13
3 6 1 4 12 11 11 26 5 53 4 20 6 7 20 5
19 3 2 0 6 0 5 4 3 18 11 0 10 2 2 6
0 7 1 1 1 2 1 2 2 1 4 4 17 2 2 58
4 5 1 1 0 17 4 15 13 14 3 1 7 23 6 17
5 10 8 24 12 5 4 13 30 11 1 5 2 21 3 3
2 12 19 9 5 19 15 2 4 16 1 1 23 12 6 3
4 1 13 2 7 13 11 5 15 33 2 1 18 7 20 2
