2 44 0 2 1 36 7 0 15 27 1 0 8 1 0 0
0 0 4 0 0 0 0 2 0 7 0 0 0 3 0 4
0 0 10 1 1 1 4 1 2 1 2 1 1 10 0 45
0 0 0 1 0 0 0 0 1 1 0 0 0 14 10 6
9 44 0 7 3 40 11 4 1 4 0 8 9 1 22 1
4 0 4 0 0 0 0 4 0 32 0 0 0 0 8 14
0 0 4 1 0 1 2 0 1 3 5 2 4 6 0 60
2 0 1 2 4 0 1 0 1 0 1 0 11 12 10 1
2 39 0 3 11 52 0 1 19 4 9 9 3 4 4 0
6 0 1 0 0 0 0 20 0 0 0 0 0 4 0 33
10 0 16 0 6 8 3 13 16 1 9 7 3 2 0 38
1 0 12 6 6 0 12 0 3 9 1 0 11 12 8 35
4 0 0 1 2 6 1 0 2 0 4 6 1 4 32 3
4 0 8 0 0 0 0 2 0 14 0 0 0 6 10 26
4 0 25 17 5 3 2 13 5 0 2 1 3 1 0 2
0 0 0 2 13 0 1 0 16 26 4 25 11 1 9 10
