0 11 19 8 0 25 0 0 17 10 0 0 0 5 0 2
0 0 33 3 3 27 4 34 18 11 5 3 7 10 3 13
7 15 0 0 15 0 4 28 9 44 0 7 11 40 3 0
1 4 0 17 4 3 0 5 0 3 0 12 25 0 0 33
2 7 11 0 67 0 12 11 0 11 0 53 24 25 22 11
0 23 3 4 1 30 10 1 2 0 0 8 1 60 0 3
0 1 23 0 0 0 8 15 0 1 17 0 15 1 37 18
0 12 0 12 0 8 14 1 2 20 4 14 0 0 0 10
0 20 0 5 25 9 0 35 2 0 21 12 13 0 82 0
4 22 28 0 11 7 6 5 39 10 1 0 11 1 3 2
6 1 4 0 7 0 10 22 21 0 3 7 0 24 10 0
16 3 3 10 15 22 0 0 51 54 17 64 0 4 8 1
20 23 14 26 0 0 0 0 2 0 1 13 8 44 3 17
0 0 0 0 0 0 0 12 1 6 3 0 12 0 0 14
0 25 5 0 0 4 1 0 0 0 3 6 11 0 10 7
46 0 6 20 0 0 0 0 9 8 0 0 26 16 5 34
