14 43 0 2 5 41 0 2 26 30 2 13 14 0 25 22
0 0 1 0 0 0 0 24 0 0 0 0 0 17 0 31
12 0 26 34 1 12 4 34 21 28 1 16 9 54 0 2
3 0 0 0 18 0 10 0 19 17 0 0 0 13 10 33
15 46 0 2 2 46 0 2 22 4 3 13 12 0 18 18
0 0 1 0 0 0 0 41 0 0 0 0 0 19 0 50
12 0 24 34 1 16 0 34 15 27 0 29 15 20 0 8
2 0 0 13 14 0 26 0 12 10 0 1 14 15 17 11
13 45 0 2 2 47 0 2 23 4 3 13 12 0 19 18
1 0 1 0 0 0 0 40 0 0 0 0 0 19 0 55
12 0 26 34 1 20 3 33 14 27 0 29 15 22 0 11
2 0 0 11 10 0 26 0 11 9 0 0 12 16 18 11
11 45 0 2 2 46 0 2 23 4 3 13 13 0 19 18
2 0 1 0 0 0 0 40 0 0 0 0 0 19 0 55
12 0 25 34 1 20 1 33 16 27 0 29 13 21 0 12
2 0 0 13 10 0 24 0 11 9 0 0 14 15 18 11
