0 0 41 0 0 2 0 35 0 0 0 0 0 0 0 0
3 1 0 1 0 0 0 6 2 0 0 0 2 0 0 29
0 0 1 0 0 3 34 9 0 0 0 1 0 0 0 0
3 0 0 0 0 4 0 30 13 0 0 0 10 0 1 25
0 0 3 0 1 16 3 7 0 0 0 1 0 0 0 0
12 15 0 0 0 1 0 3 1 0 0 0 10 0 0 1
0 0 32 0 0 45 1 6 0 0 0 3 0 0 0 3
17 18 0 5 0 7 0 4 4 0 0 0 13 0 0 0
0 0 2 0 2 11 17 19 0 0 0 1 0 0 0 0
7 7 0 1 0 0 0 1 1 0 0 0 16 0 1 2
0 0 2 0 1 4 6 21 0 0 0 20 0 0 0 0
16 9 0 14 0 0 0 2 0 0 0 0 4 0 2 7
0 0 30 0 1 16 2 4 0 0 0 0 0 0 0 1
4 0 0 0 0 1 0 1 0 0 0 0 1 0 0 28
0 0 87 0 1 88 6 19 0 0 0 0 0 0 0 0
3 0 0 0 0 7 0 6 3 0 0 0 0 0 2 9
