15 58 0 49 0 12 15 0 0 1 0 2 45 36 42 0
0 48 0 28 5 61 30 8 0 36 1 3 0 39 42 36
0 39 20 1 0 8 19 31 0 0 5 8 16 0 0 28
33 11 0 5 2 33 18 0 0 51 42 22 2 6 0 0
16 30 0 0 17 1 32 22 25 0 40 0 5 17 11 9
9 60 37 0 2 30 0 0 0 0 17 26 27 43 3 8
29 0 0 12 0 0 7 55 23 1 9 0 28 2 19 5
25 26 0 37 83 17 0 60 63 0 0 43 21 13 20 3
20 31 19 11 0 82 9 0 23 0 0 20 13 23 8 0
0 10 25 16 0 0 15 63 0 25 0 0 0 0 0 0
11 2 2 12 11 0 1 36 24 0 0 24 21 0 6 0
0 50 34 46 19 1 19 0 42 9 13 27 11 47 0 15
16 18 34 0 0 18 11 28 47 0 14 28 0 0 1 14
45 35 20 40 8 16 58 7 0 0 0 3 4 14 28 36
9 29 43 19 3 0 30 19 11 40 6 27 0 39 0 30
33 0 1 0 29 3 0 25 0 0 7 0 6 47 2 0
