6 1 0 31 18 15 14 10 0 0 0 0 28 19 0 28
48 31 0 8 32 0 0 0 22 15 6 0 0 0 0 0
15 25 0 28 0 0 26 18 31 0 0 0 85 22 44 0
4 0 25 0 0 0 10 0 18 0 0 0 15 0 19 28
0 17 18 0 22 0 17 0 11 0 51 0 9 20 18 14
0 0 0 0 45 0 0 14 13 27 17 65 1 0 0 29
6 16 39 8 0 0 21 20 21 23 36 8 17 45 0 17
0 0 22 0 28 46 0 26 0 0 17 0 24 12 0 0
0 36 3 13 0 17 16 23 81 0 18 0 0 18 0 10
0 3 0 19 17 7 0 13 19 0 0 9 28 40 7 0
36 15 0 6 16 29 0 13 21 12 0 3 16 7 0 0
0 0 8 12 26 19 0 16 5 18 20 21 16 27 12 7
0 1 15 37 6 14 0 7 23 8 0 0 0 0 0 15
11 27 20 0 0 0 11 0 0 0 0 0 0 0 0 24
0 12 0 23 19 7 0 0 0 24 0 0 0 19 55 32
21 20 16 20 0 0 28 16 12 0 14 22 0 20 0 0
