2 2 0 11 3 1 0 11 12 0 9 0 15 2 4 17
0 11 11 2 7 18 5 21 0 16 0 1 6 14 5 5
1 0 4 23 2 13 1 11 0 3 4 8 8 4 8 16
26 5 19 1 1 3 18 24 10 8 2 0 3 0 2 19
8 0 4 8 2 3 0 13 2 4 4 16 8 13 2 24
2 4 3 16 0 3 1 12 19 1 6 2 8 0 4 7
30 0 0 6 4 0 3 0 1 8 10 4 32 1 0 19
8 6 8 3 0 0 3 13 28 4 0 5 10 18 8 9
5 1 5 6 2 3 34 18 17 8 7 21 3 5 11 0
0 3 8 0 8 6 1 6 5 13 15 1 8 10 30 5
16 15 6 17 12 1 12 7 3 0 0 0 7 7 5 4
18 5 0 18 5 5 5 3 13 3 10 1 1 1 1 29
1 0 6 23 5 5 7 9 3 1 0 12 18 10 6 13
5 1 6 19 0 24 3 35 2 10 16 5 2 6 0 0
0 0 0 7 10 2 4 0 20 4 0 0 22 16 0 2
1 8 4 2 6 2 8 1 2 2 0 0 5 1 0 1
