0 0 24 59 0 18 0 26 0 31 24 0 0 3 0 20
27 0 16 18 0 12 0 17 22 0 2 0 12 0 8 13
0 17 0 0 16 0 0 12 9 8 33 12 11 0 8 0
8 31 0 0 20 8 0 12 0 14 0 44 78 65 0 10
13 26 11 0 8 7 22 19 0 0 0 8 0 15 0 11
0 0 49 24 15 30 7 0 8 0 39 17 1 9 0 17
0 30 0 3 0 0 1 1 44 5 25 0 1 3 0 13
0 11 30 0 1 0 19 18 6 0 8 20 0 8 21 0
0 0 3 15 37 0 0 0 0 0 0 18 17 0 15 0
4 3 0 0 11 9 82 38 2 21 13 0 29 3 32 17
8 2 13 0 12 8 11 37 15 0 5 0 0 13 0 12
8 13 15 34 15 2 9 0 0 45 0 8 0 4 3 16
0 17 14 0 20 18 0 0 64 0 0 32 5 0 16 25
4 0 6 0 23 0 0 0 0 0 6 0 10 0 0 38
8 0 15 0 0 44 23 0 0 0 16 0 25 0 0 9
17 0 11 9 0 5 0 0 0 0 0 0 9 21 0 0
