8 0 0 14 10 3 0 14 15 1 6 0 8 4 8 11
0 7 4 2 2 7 10 7 6 7 1 0 13 5 1 12
1 2 1 9 1 16 2 4 0 2 3 4 7 2 4 19
18 7 2 1 3 12 3 37 5 4 8 0 2 1 2 20
6 0 3 4 0 1 1 2 6 2 6 11 19 12 5 9
4 3 2 24 0 2 0 9 7 2 2 5 10 1 4 4
25 0 0 17 6 2 4 0 0 8 0 7 21 1 2 16
14 8 3 5 1 1 8 7 33 3 5 2 1 14 1 3
4 2 16 9 1 5 36 3 21 2 12 33 5 7 4 0
2 1 6 0 4 8 2 1 2 9 3 1 5 4 23 1
23 9 1 0 2 0 4 6 9 0 0 0 10 13 3 0
14 2 0 14 9 3 11 2 10 2 13 0 1 0 1 33
2 0 4 17 3 9 9 18 6 1 1 16 18 8 6 10
2 1 11 14 0 21 8 28 10 12 13 6 1 6 1 0
0 0 1 3 12 3 6 0 6 11 1 0 26 5 1 5
1 6 3 0 3 2 1 6 8 9 0 0 6 2 2 1
