8 19 23 31 14 16 0 16 0 1 0 0 9 10 0 7
0 16 8 14 32 6 12 15 0 0 5 0 0 8 6 0
0 6 5 14 0 0 0 0 15 0 26 9 16 8 0 0
1 0 6 0 7 35 1 4 0 0 5 0 21 0 30 5
0 6 0 0 16 1 0 0 2 6 18 3 0 0 18 0
0 0 0 6 0 7 0 21 0 25 4 1 12 11 0 4
8 81 2 8 0 30 7 0 15 0 0 15 7 0 19 0
0 13 0 8 5 1 7 0 3 8 44 6 39 3 0 10
0 0 17 12 0 0 0 1 7 0 12 9 25 6 0 20
12 2 3 7 0 8 0 0 35 11 29 2 34 9 20 16
0 0 0 6 0 2 0 2 0 6 5 4 0 0 0 20
7 16 18 0 0 0 0 11 13 5 6 19 27 0 17 6
0 11 18 11 0 22 7 17 26 6 18 30 24 31 21 3
0 0 18 5 0 5 5 9 34 33 14 10 3 9 9 0
14 15 27 11 25 0 19 15 2 0 6 27 3 10 7 2
5 1 0 0 15 0 0 12 16 2 13 9 0 32 7 0
