0 63 21 0 23 0 19 4 71 26 48 24 51 7 1 70
1 28 0 2 2 23 13 1 14 0 29 28 39 30 10 0
33 13 26 20 1 4 0 47 32 20 68 33 1 0 34 67
17 36 47 0 0 27 0 0 1 46 42 0 22 1 15 44
31 33 24 0 20 2 10 2 29 29 37 7 30 0 32 22
34 42 31 20 18 79 0 33 5 26 5 1 1 23 41 0
5 0 41 18 1 34 5 25 3 36 5 14 64 26 20 0
0 35 23 3 5 31 0 55 12 1 51 14 30 41 32 8
0 40 9 0 45 4 3 3 35 5 48 44 47 1 1 63
1 25 0 5 1 0 6 1 9 0 23 0 53 31 24 0
23 27 26 0 2 0 0 45 32 26 57 0 4 0 35 56
9 29 42 0 0 25 0 0 8 24 76 8 13 1 10 48
5 46 9 0 4 17 0 3 27 29 38 4 30 5 24 26
30 43 31 6 0 66 0 19 0 0 16 3 1 60 41 0
41 0 41 11 7 34 17 3 9 32 6 11 57 11 22 7
0 16 35 20 8 4 0 40 2 7 43 12 19 53 13 3
