20 0 0 10 41 0 0 18 0 0 0 81 25 6 21 37
8 15 0 23 90 22 0 17 0 20 11 0 0 0 0 0
12 11 0 10 0 28 16 15 31 0 0 10 19 22 9 3
1 0 74 12 38 0 8 19 0 33 0 8 10 30 10 0
40 16 0 0 26 0 0 0 0 38 22 0 0 2 21 27
31 21 0 0 41 0 0 16 17 30 6 127 0 0 12 37
111 0 49 30 0 0 50 20 21 18 21 29 20 0 0 44
0 47 45 5 0 15 8 45 9 0 0 0 17 16 0 0
125 36 0 0 0 0 2 0 127 0 15 0 0 0 0 5
0 26 55 31 7 21 0 13 12 0 0 16 29 33 6 0
74 0 0 0 0 35 14 11 25 100 0 24 13 21 5 15
93 0 10 14 26 14 49 4 1 13 13 25 13 27 0 0
0 6 0 26 0 0 0 2 24 5 4 0 0 117 0 8
44 127 24 12 0 0 8 0 0 0 0 0 0 0 10 22
6 11 0 5 13 20 11 0 0 0 0 0 0 19 0 0
20 7 20 13 0 0 0 23 0 91 14 0 0 0 0 42
