8 22 16 1 0 21 12 0 6 0 0 0 0 0 12 36
22 24 2 41 0 0 4 0 13 0 0 0 18 33 20 0
17 0 2 0 0 49 3 0 0 15 3 0 0 45 12 1
22 5 11 34 0 5 16 9 0 48 34 0 0 9 0 0
12 0 4 0 0 0 8 0 20 31 15 7 42 1 26 20
15 0 9 9 13 0 59 0 0 0 0 23 0 3 0 17
30 2 13 28 0 2 0 0 0 5 0 0 3 16 26 0
22 0 0 13 15 0 0 19 0 48 0 11 8 24 11 0
14 17 15 9 9 47 11 33 36 23 0 10 0 0 15 0
20 12 0 0 10 0 41 21 5 0 13 24 10 0 9 3
17 22 53 1 5 0 7 0 0 0 30 23 36 0 0 16
0 17 16 0 23 3 0 34 0 0 0 0 28 18 0 0
20 48 17 0 5 0 1 20 15 6 0 16 28 4 0 10
0 16 5 0 0 18 12 5 35 0 4 39 0 20 0 0
30 17 15 18 13 0 0 0 0 0 6 0 0 0 12 0
30 5 0 0 15 12 0 0 22 6 0 5 24 14 25 0
