1 1 35 2 39 3 0 7 12 0 3 26 13 2 14 16
0 10 8 1 0 15 2 19 0 2 12 12 2 4 2 2
1 2 4 21 4 12 3 8 4 10 4 1 8 11 4 9
18 2 19 2 18 26 16 12 5 2 7 12 5 2 6 11
6 0 3 7 11 6 2 13 10 3 18 15 8 6 19 18
5 0 3 16 3 1 1 4 17 4 6 9 2 12 1 2
26 0 0 3 11 27 3 0 28 5 4 9 28 2 2 19
5 20 1 9 0 1 0 13 28 2 0 13 16 16 6 5
2 9 3 2 1 2 29 4 6 8 4 11 16 3 18 15
7 29 6 8 7 4 15 21 5 47 10 1 4 0 29 5
14 2 4 16 12 0 11 2 2 18 3 0 4 2 1 3
13 4 0 13 23 5 7 2 9 2 16 12 0 2 1 23
1 5 4 17 2 4 5 0 0 16 5 4 14 7 3 2
1 9 6 13 19 15 3 28 1 7 12 8 2 5 3 4
3 12 2 0 6 1 13 0 11 28 4 1 17 8 0 2
8 5 2 2 4 17 5 0 26 1 2 2 19 8 28 6
