4 10 15 8 0 4 0 4 5 11 10 0 0 0 1 10
4 10 3 0 0 10 2 33 5 7 5 0 8 0 1 8
0 7 0 0 0 0 0 27 4 0 7 0 4 0 1 0
1 3 0 6 4 5 0 12 5 11 6 12 13 11 0 4
9 2 0 1 0 4 20 7 0 2 2 0 0 8 0 9
32 8 5 1 35 25 6 5 0 0 17 9 0 25 13 12
0 1 2 17 0 9 0 2 7 3 17 0 1 4 0 9
0 2 2 0 10 5 16 12 2 4 1 4 0 19 14 14
0 0 0 13 3 1 0 9 12 0 0 0 0 0 14 0
7 3 0 0 0 9 7 0 14 1 1 1 21 8 14 3
4 10 6 0 3 8 1 16 38 0 8 1 0 11 12 0
13 8 2 20 10 8 2 30 0 12 20 9 0 14 0 7
20 28 17 27 4 3 0 21 4 0 0 8 1 0 3 4
7 0 0 0 9 14 13 1 3 0 7 0 2 5 0 5
0 12 0 0 0 15 1 0 0 0 0 0 8 35 20 0
2 17 3 0 12 0 0 0 9 0 5 0 4 11 0 4
