28 0 42 2 20 20 3 14 6 0 0 0 23 18 0 0
8 33 8 38 77 6 50 44 0 2 12 0 16 8 12 5
0 10 6 19 8 0 0 7 26 0 17 2 10 28 22 0
8 0 19 3 6 16 18 0 7 0 29 0 17 0 20 63
0 29 0 0 5 2 1 0 22 41 18 15 0 2 13 25
0 79 2 51 0 51 89 2 47 16 9 14 31 10 22 11
8 0 32 30 8 53 24 0 29 71 0 17 2 0 36 0
11 23 5 26 34 9 18 53 4 11 0 37 118 9 0 18
0 14 23 80 0 9 7 34 4 0 3 20 19 2 0 106
5 12 57 5 65 0 3 0 31 120 33 23 0 66 25 70
3 14 61 1 0 26 20 8 0 16 22 18 13 0 0 2
86 44 98 0 0 6 37 26 10 9 36 54 30 0 5 7
0 21 13 90 0 36 30 13 25 28 8 13 23 54 19 1
12 0 24 0 17 4 0 30 11 28 32 6 14 22 59 37
10 13 79 1 31 12 9 38 0 0 2 29 10 51 42 9
3 43 0 28 4 0 0 11 9 8 1 21 52 50 18 0
