0 9 6 23 0 22 0 18 0 62 15 0 0 0 0 0
22 0 8 26 0 35 15 0 28 12 3 0 2 0 15 5
0 41 0 0 11 0 4 0 28 0 0 19 11 0 5 0
0 19 0 4 0 11 4 5 0 40 35 0 83 21 0 5
0 23 16 0 5 0 2 21 0 0 0 0 0 8 0 16
0 0 40 26 15 23 17 0 0 0 26 1 0 42 22 17
0 28 0 1 0 20 4 4 0 7 7 0 10 10 1 20
0 23 26 0 42 0 8 24 12 0 1 19 0 0 13 9
0 23 38 0 20 3 0 16 12 29 25 0 0 0 9 0
12 16 0 0 14 66 24 34 0 0 15 0 0 11 16 14
8 0 1 0 0 17 11 43 51 0 1 14 0 7 23 0
22 17 20 0 19 3 0 0 17 47 2 36 0 17 3 19
14 18 9 0 18 11 0 57 36 0 0 40 5 23 37 20
9 0 2 0 23 29 19 10 4 0 51 0 0 0 0 0
0 0 0 0 0 35 17 0 6 0 19 12 19 0 5 12
9 0 15 20 0 0 0 0 8 0 3 0 0 35 0 0
