19 0 20 0 1 8 19 0 0 0 0 7 0 5 12 0
0 8 24 1 0 0 0 0 0 0 18 9 0 0 19 0
13 0 17 30 14 2 0 0 0 16 0 0 22 0 0 3
7 4 7 0 0 17 0 0 13 0 0 10 28 0 0 0
10 0 14 0 3 0 3 0 0 5 0 4 4 0 2 2
0 0 4 4 1 0 0 3 0 0 0 0 0 0 4 0
0 0 16 0 21 0 0 0 0 10 0 0 0 0 2 0
0 0 0 0 0 0 0 2 0 19 0 0 0 0 8 4
0 0 0 0 0 0 0 0 47 9 0 0 0 18 0 2
2 0 0 0 0 0 13 9 15 7 0 8 0 6 2 0
0 0 0 0 0 14 0 0 2 0 3 3 6 0 0 0
0 0 0 0 8 0 0 0 0 0 0 0 0 0 0 0
0 0 4 0 0 26 5 26 0 0 20 0 0 0 0 0
0 0 3 0 7 0 0 0 0 0 0 0 1 2 0 0
0 32 0 1 0 0 5 0 6 1 0 0 1 0 0 0
0 0 44 0 0 19 0 0 0 14 0 0 0 4 9 0
