0 0 0 21 19 3 31 2 0 0 0 81 2 13 21 17
8 12 0 23 66 28 0 17 6 9 7 12 0 0 0 0
4 11 0 4 0 23 10 10 1 6 0 10 42 14 67 24
1 18 49 3 38 0 5 19 5 33 0 4 2 17 12 25
36 0 0 0 9 0 0 0 0 38 11 0 6 19 1 27
18 21 0 0 5 0 0 0 11 11 3 50 0 0 12 8
103 3 3 42 0 8 34 14 1 8 5 29 16 24 0 31
0 42 14 5 14 15 8 2 18 0 11 8 4 1 0 0
103 36 0 13 54 14 14 25 7 0 15 0 0 24 0 16
0 22 55 6 4 5 0 7 12 0 17 0 4 5 10 0
32 8 0 18 0 5 14 6 11 62 0 10 4 21 5 11
93 0 11 8 0 14 49 4 3 5 7 4 3 12 16 9
0 6 0 7 0 10 0 17 1 13 4 0 0 105 0 6
2 77 24 0 0 0 15 0 0 0 0 0 0 0 10 4
3 0 6 11 14 16 11 0 0 5 32 0 0 1 0 32
5 5 2 5 0 0 5 10 22 91 0 22 8 14 4 20
