61 22 8 8 34 20 0 40 29 40 3 14 10 16 3 19
0 26 15 17 4 17 16 10 10 0 0 9 10 25 12 2
7 12 11 15 9 4 12 25 4 5 12 24 7 32 1 14
8 15 29 8 13 18 22 29 54 8 24 10 2 50 20 69
5 3 7 0 5 4 10 18 10 17 3 7 23 44 12 34
27 6 24 13 6 11 36 9 12 28 17 32 16 12 8 1
25 0 0 2 20 20 5 13 7 40 15 10 27 12 3 34
12 44 35 10 12 5 8 11 39 24 6 53 9 18 28 18
10 5 14 14 2 8 16 10 18 37 19 50 9 22 4 3
21 42 19 2 40 0 30 7 8 11 6 22 29 3 28 35
3 23 4 27 1 13 16 17 21 13 43 0 14 28 16 9
21 14 0 6 49 6 28 0 5 17 43 24 15 9 17 3
6 4 13 7 14 37 9 14 17 11 13 16 7 10 13 33
4 13 12 31 19 10 13 42 34 5 4 5 16 17 13 19
21 3 74 26 4 12 15 32 11 2 19 6 16 17 2 32
11 16 29 7 4 28 32 4 32 43 9 39 8 16 8 10
