0 12 0 0 0 0 17 0 14 15 32 5 0 0 31 0
0 8 16 0 9 0 16 64 9 2 0 0 0 0 5 23
0 4 0 15 0 14 1 32 43 0 3 3 0 0 0 16
24 0 26 15 16 0 0 9 0 0 19 20 14 9 5 12
0 0 11 20 2 45 0 29 18 25 12 8 0 4 0 0
0 0 0 0 0 3 18 10 20 15 0 9 0 0 0 7
0 15 3 13 0 0 8 4 5 0 34 0 0 0 4 63
61 11 3 0 15 0 0 36 24 11 0 0 0 0 7 0
0 0 0 29 0 0 0 0 0 0 18 22 36 22 15 25
0 17 13 0 13 0 0 8 0 0 25 11 0 0 0 23
0 0 0 20 22 25 17 0 0 19 10 16 15 0 25 12
34 27 1 16 4 33 4 0 11 7 21 0 12 0 9 20
1 17 12 7 0 25 17 0 19 6 0 22 16 35 0 23
13 32 39 0 0 14 1 37 0 12 0 12 12 0 16 28
20 12 18 42 0 0 24 0 17 0 17 0 0 13 6 0
0 4 8 0 9 20 4 0 1 0 27 0 20 0 4 20
