0 55 35 2 8 54 30 0 2 0 56 42 0 2 12 2
49 1 44 51 0 0 49 1 2 2 31 24 0 2 22 2
24 2 68 2 17 2 2 2 0 46 2 41 42 0 2 39
24 1 49 0 3 26 2 2 56 1 3 42 49 0 50 0
20 1 3 0 39 0 23 0 1 14 0 1 31 2 50 31
52 2 2 15 52 1 1 54 2 0 32 2 1 2 0 55
2 2 8 54 0 50 2 0 2 21 0 50 2 59 1 25
1 1 3 2 1 1 0 4 0 26 2 0 1 0 9 2
1 2 26 55 1 2 53 0 1 28 2 0 0 2 1 1
60 31 2 52 0 41 40 9 20 35 2 1 0 27 40 0
3 0 44 2 29 1 0 2 25 2 24 31 50 0 45 51
48 50 49 2 9 2 51 43 45 0 56 1 0 49 0 58
1 51 27 2 61 26 1 48 1 29 20 48 46 1 40 19
52 0 54 0 1 0 30 2 39 2 2 22 1 46 2 46
46 52 2 11 2 0 23 2 1 3 0 2 27 0 3 2
3 58 1 1 2 54 2 0 48 12 1 0 2 45 2 49
