0 47 6 2 22 23 2 0 2 21 7 4 0 19 0 2
31 4 7 20 3 14 3 11 1 0 22 43 9 25 12 0
14 10 0 12 4 30 0 5 21 6 51 5 12 0 25 15
9 18 7 0 0 22 22 0 5 28 7 5 0 6 9 3
11 9 6 0 18 18 5 0 5 1 19 0 22 0 38 19
7 22 26 25 12 49 0 21 0 44 16 46 5 11 11 0
0 0 14 5 19 0 2 5 2 2 1 1 3 2 13 4
0 15 13 15 16 12 0 28 7 9 27 35 18 20 23 10
0 24 10 0 10 10 3 13 12 17 19 17 3 0 4 13
0 4 22 14 5 11 9 0 5 0 11 24 5 31 29 0
20 31 4 0 14 4 0 8 15 9 11 12 5 0 5 4
3 22 20 0 8 11 0 0 14 19 14 4 10 3 2 3
9 9 8 0 6 21 2 0 13 14 9 12 28 39 36 58
2 0 30 1 4 62 0 15 8 12 27 8 18 7 0 0
21 0 6 14 0 9 0 3 11 2 5 15 3 20 22 9
0 13 17 17 29 0 0 8 11 6 26 13 14 41 21 18
