4 70 5 13 25 20 68 0 61 8 48 9 57 38 1 63
1 27 7 13 9 28 8 8 22 0 18 37 45 31 0 0
44 27 26 11 7 10 0 47 36 32 41 41 20 0 30 35
1 42 67 0 1 27 0 0 3 74 28 6 17 8 31 50
5 45 8 0 18 35 1 12 27 27 22 15 29 0 45 8
40 0 16 33 24 30 0 56 0 0 37 8 3 31 32 0
21 0 36 3 0 34 16 20 6 42 2 0 52 40 29 0
0 11 11 3 6 6 0 6 5 9 57 0 20 41 33 7
5 54 30 8 21 19 33 4 55 0 44 20 43 10 1 75
1 25 3 36 0 12 4 5 1 0 29 23 48 30 11 0
57 26 4 0 19 16 0 46 33 30 9 0 44 0 0 43
7 32 46 0 0 0 0 0 3 65 70 26 11 0 0 58
20 18 24 0 23 32 0 4 30 28 39 10 17 14 66 39
35 12 4 20 0 51 0 42 0 16 46 11 1 105 38 0
34 0 51 0 1 34 18 0 14 23 2 5 49 47 35 1
0 24 2 11 9 0 0 23 2 28 78 0 17 55 21 4
