20 2 32 6 21 0 0 7 9 1 13 25 6 12 5 10
0 25 12 6 6 8 0 1 10 10 6 6 9 8 3 1
1 1 1 11 5 12 2 4 4 8 8 3 8 7 3 7
8 2 8 2 13 18 4 29 3 7 2 11 7 0 2 11
5 0 4 6 8 9 2 1 11 4 15 14 18 4 20 12
2 2 4 19 3 2 5 3 1 1 6 8 7 11 7 4
29 0 0 7 4 27 5 1 24 5 0 8 13 1 2 15
9 20 7 2 15 0 0 7 41 2 3 5 20 5 0 1
15 6 23 4 13 4 18 8 4 0 7 21 18 1 26 14
4 29 2 7 16 0 12 25 3 39 6 10 3 2 16 7
10 7 3 0 3 1 2 2 16 18 1 0 12 9 3 3
9 3 1 18 5 1 4 1 8 2 17 4 3 1 8 22
2 4 2 14 2 26 11 20 4 12 3 19 13 1 8 9
0 10 12 3 18 3 3 30 8 1 7 12 0 10 2 3
3 12 9 5 34 14 13 1 14 13 2 1 0 9 3 9
3 0 1 2 7 19 4 11 21 14 1 4 16 0 27 5
