11 0 22 0 14 0 19 0 0 0 0 18 0 20 3 11
0 12 35 0 0 0 7 0 0 20 22 7 0 6 1 50
24 0 2 0 16 28 8 0 0 0 56 5 9 0 0 9
14 32 10 0 0 14 0 0 0 16 0 10 3 0 12 0
0 0 18 10 15 0 3 0 0 1 0 0 0 16 26 1
0 0 0 6 1 17 3 12 0 0 0 0 20 0 8 0
0 37 9 12 20 0 12 0 0 21 0 12 0 1 15 25
1 4 0 0 24 25 0 5 0 26 23 0 0 0 2 12
0 31 17 0 0 11 0 0 0 28 4 0 0 8 46 0
16 5 0 31 0 2 34 9 20 28 29 0 0 0 40 0
0 0 17 8 20 17 0 4 9 24 0 3 4 0 0 0
3 3 9 0 5 16 0 8 1 0 0 0 0 0 0 0
0 0 8 11 0 5 0 48 28 23 2 10 0 0 0 19
4 0 20 0 0 0 0 0 4 40 0 18 0 5 33 2
0 40 28 4 0 0 8 3 8 14 0 0 5 0 0 2
0 18 53 0 0 0 2 0 1 11 4 19 24 45 10 7
