0 0 0 8 0 0 0 0 1 7 26 5 0 8 37 0
18 7 10 11 14 0 1 69 3 29 31 0 9 0 29 1
0 23 0 11 0 9 53 4 41 0 23 0 0 12 0 6
7 22 6 5 21 0 0 0 0 0 5 1 28 12 10 20
0 0 5 19 4 1 0 16 0 14 14 5 0 9 0 0
0 0 6 0 72 28 33 0 54 21 119 7 0 0 0 8
0 16 10 12 0 0 1 0 7 0 32 24 0 0 0 41
3 17 25 0 14 41 0 5 43 37 0 0 0 0 0 0
0 0 0 0 0 0 18 0 0 0 0 5 1 40 10 23
12 12 7 0 2 0 0 14 0 1 8 7 15 12 6 20
0 0 0 3 24 25 7 0 0 9 14 0 13 0 45 0
2 53 22 18 5 0 3 32 8 10 4 0 51 0 0 13
0 25 5 65 15 0 3 112 3 3 0 6 28 10 0 6
22 4 19 0 1 0 23 40 0 0 2 24 10 0 3 0
14 11 4 4 0 0 0 6 2 0 0 0 0 7 2 22
0 0 15 11 0 3 1 6 9 4 0 8 1 0 5 6
