26 16 70 13 32 23 9 0 0 0 0 0 27 20 5 20
0 44 10 72 17 24 21 2 0 0 15 0 2 6 12 1
0 4 10 19 33 0 0 28 14 0 6 2 14 1 0 7
5 0 2 0 28 18 15 6 47 0 28 0 11 0 29 8
0 28 0 0 44 0 0 0 46 12 6 6 0 0 0 30
0 0 11 46 0 1 0 0 4 26 38 10 24 23 0 23
16 83 29 38 0 17 30 0 30 5 0 0 52 0 3 0
0 14 18 0 0 0 1 15 0 25 25 14 63 1 0 55
0 26 25 19 0 0 20 27 6 0 9 9 0 14 0 2
0 15 15 18 0 0 27 5 59 19 50 27 23 11 7 0
0 0 0 4 0 19 16 49 0 0 13 0 0 25 2 11
20 3 18 0 0 0 0 0 114 0 0 9 4 0 17 5
0 6 11 15 0 8 10 0 44 47 35 9 29 28 0 0
0 32 26 10 0 13 3 30 15 0 3 0 12 0 35 0
0 21 21 36 2 0 12 0 21 0 4 21 4 53 16 7
19 0 0 0 22 0 0 3 41 16 15 19 2 24 0 0
