22 0 44 42 17 8 0 0 9 0 32 0 57 18 0 26
8 48 12 89 15 4 15 31 0 0 17 0 0 0 11 1
0 3 14 0 97 0 0 26 20 0 11 24 35 0 0 0
0 0 0 0 28 5 48 0 32 0 17 0 0 0 3 57
0 35 0 0 23 15 14 0 27 48 13 9 0 0 6 35
0 14 3 40 0 0 6 1 0 26 36 14 13 23 0 15
12 10 20 48 0 65 0 0 12 18 0 5 88 3 0 0
0 15 18 0 50 14 15 31 0 1 8 35 36 0 0 48
0 46 40 36 1 0 18 17 29 0 13 0 0 0 0 69
20 0 6 45 0 0 22 0 87 32 42 33 16 32 18 10
0 6 0 2 0 27 19 52 0 32 3 0 0 25 0 31
0 27 0 0 0 0 0 0 104 16 24 18 16 0 13 1
0 0 0 15 0 16 60 0 15 74 42 26 44 6 24 1
0 0 32 8 0 10 14 2 19 9 20 17 4 0 39 4
0 21 15 6 0 0 0 11 0 0 0 5 8 19 0 0
19 4 0 0 42 0 0 0 19 16 30 41 20 6 18 0
