0 48 7 0 8 17 4 0 75 16 48 35 57 14 1 86
1 28 14 5 7 21 13 6 9 0 28 22 42 31 11 0
48 0 22 20 1 10 0 45 32 24 4 47 15 0 9 35
1 42 52 0 2 18 0 0 1 79 35 0 20 9 19 48
43 43 9 0 45 35 14 11 18 29 32 5 25 0 47 21
30 15 5 23 19 24 0 61 0 22 42 1 1 70 39 0
38 0 54 0 0 14 6 6 9 45 1 25 57 41 31 0
0 30 26 30 3 6 0 47 13 21 56 0 10 34 26 3
0 24 20 0 10 10 4 0 68 0 48 34 57 2 1 72
1 29 20 32 9 0 21 1 20 0 30 5 60 20 23 0
35 27 26 0 6 4 0 42 32 32 41 30 22 0 25 20
1 43 43 0 0 0 0 0 1 74 41 11 4 7 10 59
2 46 11 0 34 35 2 1 31 29 36 0 28 8 13 22
21 43 27 6 17 37 0 18 0 0 56 10 1 111 41 0
3 0 56 0 9 19 18 0 4 40 1 10 59 21 37 5
0 22 39 24 21 0 0 14 3 19 59 0 2 0 5 10
