2 16 0 1 1 16 0 0 11 30 0 1 6 1 0 0
0 0 2 0 0 0 0 3 0 5 0 0 0 3 0 1
1 0 0 0 0 1 1 0 12 2 5 2 1 9 0 36
0 0 0 3 0 0 0 0 1 0 0 0 0 13 10 8
10 45 0 3 0 43 1 1 19 1 0 4 10 0 1 1
4 0 5 0 0 0 0 4 0 0 0 0 0 0 0 8
1 0 0 0 0 9 0 1 9 4 2 3 5 1 0 51
0 0 0 6 3 0 2 0 6 1 1 1 1 15 17 7
7 44 0 5 0 41 0 0 17 1 0 0 0 0 0 2
0 0 1 0 0 0 0 1 0 0 0 0 0 0 0 1
0 0 0 0 0 3 1 1 4 2 0 1 7 2 0 48
0 0 0 2 1 0 1 0 1 1 0 0 1 16 18 0
4 44 0 5 0 42 0 0 19 4 5 0 1 1 0 1
1 0 5 0 0 0 0 2 0 0 0 0 0 1 0 0
0 0 0 0 0 0 0 0 0 0 0 0 6 6 0 47
0 0 0 0 0 0 0 0 0 0 0 0 0 15 18 0
