9 0 2 7 10 1 0 7 12 1 22 0 3 3 2 22
0 17 7 3 1 4 4 13 7 5 0 2 12 4 3 10
2 0 2 13 0 6 1 3 1 2 1 3 9 1 1 8
10 2 3 0 0 9 6 32 6 15 5 1 1 0 5 13
5 0 1 6 0 0 0 0 3 0 3 8 6 16 0 17
4 2 7 33 2 0 11 18 11 4 8 0 2 3 6 1
14 0 0 5 8 3 3 0 2 14 6 1 14 0 0 4
10 5 4 7 8 0 2 3 24 1 4 14 5 7 1 5
12 3 14 11 9 3 35 1 19 0 7 23 2 5 1 3
0 3 0 0 4 5 2 1 3 12 2 9 5 13 22 8
13 3 0 7 2 0 11 3 4 0 3 0 15 21 2 0
10 1 2 8 14 3 3 0 8 1 9 5 0 4 1 30
0 0 5 20 2 13 14 24 8 5 3 14 5 3 1 25
6 0 4 8 0 10 3 36 0 6 13 0 0 5 4 1
0 0 3 10 13 5 10 1 12 11 2 0 16 11 3 0
2 4 2 6 5 8 9 8 12 28 0 1 3 2 2 1
