22 0 0 0 6 0 5 0 0 0 0 1 0 0 4 0
0 0 1 0 0 0 0 0 0 0 0 0 0 0 4 0
0 0 0 0 6 0 0 0 0 4 0 0 0 0 0 1
1 0 4 0 0 15 0 0 11 0 0 4 0 0 1 2
4 0 2 17 0 0 3 0 5 12 0 0 0 0 0 2
0 0 0 1 1 0 0 0 0 0 0 5 4 0 0 0
0 0 8 0 7 0 0 0 0 1 0 0 0 0 0 0
0 0 0 0 0 0 0 0 0 0 0 0 0 0 8 0
0 0 0 0 0 0 0 0 0 3 0 0 0 0 12 0
0 0 0 0 0 0 0 6 0 0 0 0 0 0 2 0
0 0 0 0 1 0 0 0 3 0 0 3 12 0 1 0
0 0 3 0 6 7 0 3 1 0 0 0 0 0 0 0
0 0 0 0 0 1 0 1 0 4 0 0 0 0 0 4
0 0 0 0 0 0 0 0 0 0 0 0 0 4 0 0
0 0 0 8 0 0 3 0 0 1 0 0 0 0 0 0
0 5 0 0 0 0 0 0 0 2 0 0 7 0 12 0
