0 2 -8 -6 4 -4 -2 -6 -2 -12 -6 -12 -7 -7 -10 -4
1 3 -5 -5 -6 -11 -13 -5 -5 -7 -2 -8 -2 -4 -11 -1
-9 -10 -8 3 5 -4 1 14 13 -2 2 0 9 -3 10 9
5 -3 2 -2 8 6 3 14 16 -7 6 10 14 14 11 5
11 8 2 2 3 -8 -3 2 11 18 12 10 5 17 0 9
-8 -13 -5 -10 6 -9 -5 7 4 0 -1 -8 -5 2 -3 -6
6 -11 -8 -9 -14 -14 -11 -3 -2 -9 -5 -6 -4 -8 -7 -8
8 1 -6 -15 -3 -4 0 -3 -7 -8 -3 -6 -1 -7 -6 -10
-10 -13 -15 -9 -5 -14 -9 -15 -12 -6 3 -17 -17 -12 -12 -19
-10 -11 -13 -12 -14 -4 -6 -1 -6 2 -4 3 -3 -1 -5 -10
-16 -5 -3 -9 0 -6 -3 -9 0 -11 -11 3 -3 -4 3 -9
-9 -11 -4 -5 -4 -5 -6 -7 -5 -7 -4 -4 -7 -8 -8 -8
-2 -2 -5 4 -3 -3 -3 0 -1 -8 -4 5 3 -14 -17 -6
-3 -5 -7 -6 -2 -9 -13 -5 -7 -1 -8 -5 -10 -13 -3 0
-5 -6 -8 -7 -9 2 3 -1 -2 -1 -3 -6 -4 3 -7 -5
-3 -9 -3 -4 -14 -6 -9 -5 6 9 9 -5 -8 1 0 -11
