3 24 11 4 0 3 0 0 16 0 0 0 0 3 0 7
0 8 2 1 34 0 3 2 0 4 0 11 3 0 0 0
0 0 2 0 0 31 0 3 0 0 5 0 5 5 9 0
6 13 1 0 0 10 1 5 0 0 1 0 0 7 3 7
2 0 0 17 3 11 4 0 24 0 6 4 14 0 0 2
3 4 3 8 2 4 4 1 3 6 12 1 16 0 0 0
0 0 16 10 1 3 0 7 1 3 2 1 1 11 11 34
0 0 0 6 5 1 12 7 19 0 3 0 0 6 2 3
5 0 0 0 0 1 0 0 0 1 9 0 0 3 1 0
0 11 1 3 0 2 3 0 0 5 0 0 1 0 9 1
0 0 0 0 0 2 0 0 1 1 0 0 0 1 6 1
9 4 8 9 3 20 8 0 0 0 2 7 0 0 0 4
0 7 2 0 0 0 0 3 3 0 2 1 0 2 0 0
0 0 0 0 5 0 4 7 4 7 0 0 0 0 3 2
0 0 0 3 2 9 0 0 2 0 8 15 0 7 9 3
0 10 4 13 3 11 0 0 0 5 2 0 5 0 3 0
