19 9 27 2 3 23 7 1 0 0 0 39 3 0 5 20
23 3 0 20 19 16 0 0 44 1 8 39 0 0 0 0
0 46 0 14 0 16 6 8 0 29 0 46 3 17 19 14
28 13 11 6 0 12 8 18 0 2 0 12 29 16 5 42
41 12 9 6 28 0 8 0 0 5 11 0 0 6 7 9
13 0 7 0 4 0 0 4 1 7 4 72 0 0 20 22
13 7 48 44 0 3 15 14 9 15 21 11 22 20 11 2
1 15 1 0 4 1 16 15 28 0 11 5 1 11 0 0
22 18 38 0 9 5 3 12 35 1 4 0 3 29 0 13
0 16 0 7 11 18 0 4 8 0 98 2 18 10 1 19
26 3 0 6 0 29 0 4 5 30 0 24 0 5 9 14
1 0 5 0 1 49 0 21 17 7 4 0 2 7 1 5
11 0 14 10 7 2 14 3 3 12 18 0 33 0 0 15
11 25 1 3 24 0 26 17 0 0 0 0 0 0 8 7
22 12 26 8 30 7 7 0 0 4 20 24 3 0 43 28
3 13 8 19 0 0 6 9 4 4 12 2 30 12 0 29
