13 83 21 3 23 10 27 24 61 0 0 19 0 6 28 0
0 26 30 5 0 0 7 26 0 4 0 84 24 25 0 0
0 3 18 0 0 0 0 18 0 19 1 0 0 16 15 0
21 19 15 10 0 16 5 37 15 9 28 0 0 35 16 0
10 30 12 15 0 14 0 0 6 0 8 34 0 22 23 5
16 37 30 0 25 24 0 1 10 36 20 11 23 30 22 0
32 0 24 16 4 26 0 0 19 30 18 9 23 20 10 19
0 0 0 33 27 25 0 0 12 0 0 0 0 18 0 29
21 0 0 0 0 12 6 1 20 37 21 0 22 0 18 0
0 5 8 0 27 7 43 0 0 16 36 0 24 15 9 27
27 9 0 0 0 33 0 0 29 3 0 2 0 0 0 0
10 26 0 2 17 49 14 11 0 0 0 17 0 0 0 13
0 8 23 0 0 0 0 8 24 0 0 21 0 28 29 0
0 0 14 28 3 0 40 33 14 30 0 0 0 0 23 12
0 0 0 29 7 16 9 5 7 0 18 20 31 27 15 9
0 0 29 22 0 29 11 0 0 29 0 0 14 0 0 0
