0 12 17 2 14 16 5 0 5 12 12 2 3 25 0 7
1 0 0 24 9 30 5 3 13 0 2 1 43 31 14 0
2 8 4 22 1 8 0 7 6 15 36 11 20 0 24 2
6 11 5 0 5 9 0 0 0 1 3 6 18 1 43 5
1 7 3 0 13 16 18 19 18 3 19 18 0 0 35 3
2 26 2 4 4 6 0 9 4 53 31 12 4 29 10 0
1 0 2 2 0 0 5 36 8 10 9 27 5 14 2 0
0 8 13 13 13 15 0 23 9 11 1 0 10 25 5 2
0 24 5 0 21 30 13 15 7 13 5 4 11 0 2 6
1 7 0 29 8 20 0 10 11 0 2 12 46 2 18 0
4 8 20 25 15 21 0 6 3 10 23 11 34 0 12 16
1 24 0 0 0 19 0 0 1 0 3 8 2 0 26 4
9 10 0 0 4 9 7 10 19 14 3 2 2 10 41 8
4 37 12 8 9 2 0 3 8 31 23 20 0 49 0 0
12 0 1 6 0 0 16 35 11 1 16 20 8 14 16 2
0 13 31 6 3 24 0 6 0 7 3 0 16 26 3 18
