31 0 22 46 4 11 0 3 31 0 0 0 60 19 3 37
19 25 0 106 6 10 30 13 0 0 8 0 15 0 24 1
0 1 14 16 77 0 0 34 36 0 0 6 6 32 17 0
0 0 0 5 24 60 0 0 28 0 7 0 31 0 35 32
0 54 0 0 35 0 6 0 36 48 23 11 0 0 0 1
0 0 7 34 0 0 0 4 0 0 25 1 34 28 8 18
29 68 20 64 0 48 2 0 28 3 0 39 70 0 3 0
0 36 29 0 0 16 0 16 0 34 14 58 0 0 0 66
0 41 18 39 0 42 18 51 20 17 49 2 13 3 0 23
24 4 1 19 18 0 22 0 21 66 17 35 0 5 20 4
3 22 17 38 0 24 28 83 0 46 0 5 0 27 0 24
0 0 29 0 0 4 0 0 107 0 4 33 26 0 0 58
1 17 0 36 0 0 2 0 46 5 0 3 4 50 27 0
0 36 17 1 0 0 3 46 4 0 4 32 37 0 31 0
15 13 3 27 0 67 0 90 0 0 0 4 0 40 23 0
20 0 0 0 6 15 7 19 5 19 0 16 0 13 18 0
