52 9 36 1 0 35 51 8 0 0 0 32 4 8 4 55
73 1 0 20 1 23 0 0 0 0 2 39 0 0 0 0
0 48 0 26 0 13 16 9 8 29 0 43 24 14 30 0
3 19 7 3 57 12 14 18 5 7 0 0 32 1 4 43
26 21 1 6 24 4 20 38 0 5 25 0 18 9 15 9
14 0 7 0 44 0 0 9 3 1 4 42 0 0 20 2
38 15 32 0 0 13 14 2 14 13 16 8 32 27 4 25
0 4 15 0 13 6 16 0 25 0 1 0 92 11 0 0
63 18 35 0 25 6 10 13 0 1 73 21 10 8 0 9
0 5 0 1 12 7 0 10 0 0 100 5 18 35 21 14
9 1 0 17 0 32 0 1 1 30 0 2 1 1 3 6
1 0 13 12 6 49 0 1 17 0 8 0 0 4 15 3
4 11 14 5 7 0 14 14 0 13 18 0 33 0 0 12
6 46 1 2 24 65 0 17 0 0 0 0 0 28 15 5
29 13 40 6 27 18 5 0 0 41 28 24 2 1 43 34
10 6 14 0 117 0 15 14 0 0 12 2 35 17 0 29
