1 1 0 0 2 4 0 0 6 1 9 1 7 11 13 1
0 0 31 0 0 0 0 3 0 5 0 0 0 3 0 3
0 0 3 0 1 1 1 0 9 1 8 3 2 2 0 1
1 0 0 3 0 0 0 0 1 0 0 0 0 0 0 7
7 1 0 0 4 5 0 0 1 0 11 6 16 7 28 0
3 0 5 0 0 0 0 4 0 0 0 0 0 0 0 7
1 0 0 0 0 9 0 0 6 5 6 5 3 2 0 7
2 0 1 6 3 0 1 0 4 1 1 1 3 2 0 10
6 1 0 0 4 4 0 0 1 0 11 7 16 5 27 0
3 0 3 0 0 0 0 4 0 0 0 0 0 0 0 7
1 0 0 0 0 8 0 2 8 5 10 5 3 2 0 7
2 0 0 5 3 0 2 0 5 2 2 0 2 3 0 10
7 1 0 0 4 4 0 0 2 0 11 5 15 5 27 0
2 0 3 0 0 0 0 4 0 0 0 0 0 1 0 7
1 0 1 0 0 9 0 2 7 5 3 5 3 4 0 6
2 0 0 4 3 0 2 0 5 2 4 0 3 3 0 10
