0 27 0 27 10 0 23 0 0 0 0 22 32 28 42 0
9 11 29 27 12 19 10 30 19 36 11 19 0 19 39 24
0 50 13 1 2 0 1 25 11 0 15 31 13 0 0 28
33 13 0 9 1 39 13 0 19 11 12 21 4 0 0 0
12 17 0 27 0 13 0 14 25 1 31 6 2 0 12 29
1 69 6 0 3 11 0 0 0 0 21 29 18 40 8 8
37 18 8 0 24 0 0 42 1 14 19 21 17 15 30 1
18 6 0 28 16 36 0 51 70 9 0 42 0 4 24 20
18 31 14 11 8 32 29 0 5 0 0 0 22 3 0 0
0 31 27 23 31 6 39 0 0 32 0 13 30 0 0 0
0 14 8 1 13 17 5 36 22 3 0 11 36 0 0 0
0 73 1 41 29 1 27 1 5 0 15 21 21 47 0 19
31 15 34 0 0 16 9 11 15 0 0 10 28 0 3 0
7 30 37 40 16 12 53 11 6 0 25 2 0 33 19 28
1 48 49 13 19 0 1 17 47 28 0 23 0 44 0 30
49 0 7 28 15 5 0 26 0 6 23 13 0 50 2 0
