0 17 9 0 0 9 12 0 2 5 0 8 2 2 0 0
1 14 2 3 4 0 0 0 0 5 0 0 0 4 8 1
10 19 13 7 3 0 0 1 1 0 0 0 17 0 1 4
0 0 2 2 9 11 8 1 6 3 0 44 0 0 8 7
0 43 1 0 4 0 22 0 0 17 2 3 11 9 27 3
9 12 0 2 0 4 4 0 2 13 18 3 0 0 1 0
2 9 12 3 3 13 22 0 23 12 0 9 17 10 11 10
9 4 11 0 2 14 26 3 0 0 5 49 0 0 3 14
11 0 0 16 2 26 4 0 11 9 0 8 16 17 0 1
12 2 0 5 11 0 8 12 8 7 4 2 4 13 0 0
0 0 9 0 9 1 5 6 9 0 0 9 0 20 6 6
7 0 10 3 7 0 1 15 0 15 10 27 25 43 1 25
0 8 42 4 8 0 9 0 28 9 5 0 0 2 1 7
8 3 16 14 3 2 7 0 3 3 4 1 23 10 14 4
0 30 1 0 11 1 0 20 0 11 15 2 3 22 10 5
17 12 12 4 7 3 6 5 12 0 1 1 13 2 14 6
