0 30 21 27 1 10 26 0 13 0 0 41 0 3 76 38
0 17 0 18 20 19 24 19 36 19 3 26 11 0 0 0
80 0 120 0 0 50 35 0 10 48 1 43 0 1 36 19
14 10 0 0 20 8 20 16 34 0 36 0 1 0 0 8
12 13 21 11 32 19 16 0 53 7 20 0 0 44 0 0
44 37 14 33 5 6 0 0 10 32 11 22 100 23 0 0
2 0 46 0 37 65 17 3 6 2 19 0 10 0 40 10
9 19 46 57 0 4 8 13 25 54 49 20 51 16 9 0
0 61 20 80 7 0 0 26 2 0 0 42 3 0 36 24
4 7 0 0 10 25 0 0 13 0 0 20 12 7 0 0
35 0 60 0 0 52 45 38 3 39 11 60 6 2 20 15
23 10 0 0 0 9 0 16 34 0 10 0 1 0 0 0
4 22 8 29 27 29 79 0 95 7 1 11 0 35 50 0
44 37 8 33 11 0 0 4 31 32 18 18 65 23 10 2
0 0 44 12 0 47 28 3 0 0 19 0 10 0 25 7
13 36 26 28 0 0 2 13 7 44 35 7 56 18 15 2
