20 15 1 0 0 8 24 0 0 36 34 9 0 0 0 0
0 27 0 4 0 0 0 0 21 0 0 21 19 20 23 23
15 38 15 0 22 0 5 10 33 0 0 37 18 1 27 0
0 0 1 0 11 0 19 24 10 26 24 0 0 0 19 0
17 8 21 31 5 0 0 0 0 16 0 10 13 4 0 1
28 2 7 24 36 0 0 0 0 7 21 0 0 0 0 0
2 2 0 9 23 20 26 0 47 15 1 0 26 0 0 40
18 12 12 0 0 0 30 11 0 0 20 21 32 0 1 30
34 0 0 16 7 0 31 26 7 0 1 0 10 26 0 22
0 1 35 17 10 0 5 7 31 16 0 35 29 2 12 0
20 0 0 0 1 33 36 11 0 0 0 18 24 1 0 10
0 12 23 12 36 0 0 18 0 22 8 4 10 6 17 19
0 0 22 15 0 34 26 25 30 2 5 0 0 4 36 18
8 34 35 0 13 2 18 0 27 6 8 21 0 25 0 0
0 16 4 0 0 22 0 33 0 9 0 25 0 13 31 1
18 23 0 8 24 19 0 25 0 0 0 23 26 12 25 18
