0 11 0 30 24 11 18 9 0 0 0 0 30 19 4 20
48 30 0 11 10 0 0 0 4 9 9 0 0 0 0 0
10 14 0 12 0 0 27 14 31 0 0 0 85 21 29 3
13 19 32 6 0 0 9 0 18 0 0 0 16 0 18 35
0 31 6 0 39 0 8 13 20 0 49 0 0 19 17 6
0 0 8 0 52 0 0 16 11 18 18 64 0 0 0 25
10 20 67 11 0 0 5 22 21 24 16 8 14 37 13 25
0 23 17 0 29 47 0 32 0 0 18 1 51 16 0 0
0 25 3 13 0 5 17 28 98 0 5 0 0 19 0 16
0 10 0 28 22 19 0 7 18 0 0 16 29 33 19 0
22 11 0 15 27 25 0 17 21 36 0 16 17 12 0 3
2 0 8 0 26 34 0 15 0 18 18 21 16 19 7 6
0 0 0 33 0 1 0 14 20 11 0 0 1 0 0 10
11 52 20 3 0 23 25 0 0 0 0 0 0 0 0 28
12 11 20 13 37 14 0 0 0 36 0 0 0 19 0 12
14 19 13 21 0 0 13 19 22 17 14 22 0 18 0 4
