2 12 0 0 0 7 1 0 5 4 1 13 8 0 0 0
1 9 7 19 4 0 0 0 0 7 0 0 0 6 3 0
4 2 8 13 0 0 0 0 1 0 0 0 18 0 7 2
0 0 0 5 2 8 6 9 0 2 0 16 0 0 3 10
3 35 1 0 1 0 1 0 1 16 2 1 11 4 27 0
1 6 1 3 0 14 1 0 2 0 0 3 0 5 0 0
0 12 12 8 2 1 12 0 36 11 0 9 20 12 0 18
12 0 9 0 3 0 9 5 1 0 2 30 0 0 0 0
2 7 0 21 11 0 1 0 5 0 0 1 12 13 0 0
0 2 0 5 5 12 1 7 10 1 0 4 1 20 2 0
4 0 0 0 3 6 1 8 2 0 0 7 0 1 8 29
0 0 6 12 9 0 3 3 0 1 0 25 27 36 4 20
0 10 4 7 0 2 2 3 19 22 12 0 0 0 1 7
1 1 8 12 5 0 10 0 0 6 1 0 17 11 8 10
0 29 2 0 3 2 0 4 0 6 5 2 1 1 2 2
11 8 4 15 5 1 1 3 0 0 0 0 4 3 5 4
