15 22 0 29 4 0 30 0 0 0 0 5 31 38 34 0
4 13 18 21 9 15 27 4 25 36 1 10 0 27 31 40
12 24 26 1 18 9 21 4 2 0 2 28 13 1 6 26
30 9 10 22 9 47 16 0 0 34 3 8 4 0 0 10
22 22 0 16 42 4 10 4 29 0 47 8 0 3 12 21
1 54 19 0 7 27 0 0 0 0 38 22 21 37 0 0
3 28 0 12 29 0 2 37 12 1 31 9 26 9 2 20
26 6 0 28 4 34 19 56 55 16 0 32 29 12 9 29
32 30 19 16 15 11 3 0 1 0 0 13 22 11 5 21
17 33 33 24 0 7 15 0 0 34 0 34 0 0 0 0
5 15 18 1 4 0 5 33 27 14 0 24 28 0 16 1
0 49 7 27 11 6 5 0 17 5 12 24 7 38 0 0
11 5 33 0 14 23 21 0 11 0 10 7 26 0 1 0
4 49 12 14 21 16 25 12 0 0 14 16 30 20 28 25
8 46 43 17 31 0 14 0 35 40 7 22 0 35 3 30
43 14 4 42 46 0 0 26 0 13 13 8 21 10 2 0
