10 46 0 2 6 39 0 2 21 33 11 13 8 11 32 21
0 0 38 0 0 0 0 27 0 7 0 0 0 19 0 24
13 0 40 33 2 10 8 35 14 30 7 18 7 42 0 46
4 0 0 4 18 0 10 0 19 16 0 0 0 0 0 31
14 45 0 12 6 41 12 6 2 8 14 5 7 6 10 18
0 0 7 0 0 0 0 39 0 32 0 0 0 19 8 33
11 0 21 33 1 10 0 34 10 29 1 32 8 16 0 61
2 0 0 9 13 0 26 0 15 11 0 0 0 0 7 2
2 40 0 3 14 53 1 3 23 0 23 3 13 1 28 19
11 0 8 0 0 0 0 14 0 0 0 0 0 15 0 15
1 0 10 34 7 3 0 22 22 33 2 27 8 26 0 42
1 0 12 0 19 0 12 0 19 20 3 0 0 25 11 36
7 1 0 5 1 7 1 2 6 0 9 7 15 1 0 22
0 0 0 0 0 0 0 36 0 14 0 0 0 13 10 22
7 0 1 17 6 14 0 22 14 32 2 33 13 26 0 8
0 0 0 7 0 0 24 0 0 37 0 25 0 12 27 11
