16 2 32 30 31 0 24 0 10 0 0 0 53 11 0 50
25 40 35 46 39 0 15 11 0 0 21 0 23 0 11 13
0 13 0 19 61 0 0 24 21 0 10 0 0 34 39 0
0 0 0 19 17 0 0 0 29 0 27 0 0 0 9 21
0 22 0 0 16 0 90 0 62 27 54 0 0 3 6 20
0 18 14 37 0 8 11 0 28 2 25 16 17 14 0 0
2 21 35 40 0 29 3 0 6 10 0 0 63 30 5 0
6 20 3 16 42 0 0 0 0 42 0 46 0 1 0 20
0 75 9 52 0 28 20 34 39 17 0 0 1 0 0 0
18 6 13 75 0 0 21 0 48 97 69 67 0 0 62 0
0 18 17 10 0 23 28 52 0 103 5 20 4 12 0 11
41 0 0 0 0 26 0 28 127 15 53 8 7 0 0 44
0 9 0 22 0 5 7 0 16 23 44 102 49 4 49 0
0 11 15 0 0 2 0 4 0 0 21 20 0 0 16 0
0 8 0 0 0 20 7 19 0 0 0 0 17 110 38 0
15 0 0 17 35 0 4 0 21 3 2 40 0 21 18 0
