12 9 0 0 13 12 21 0 0 1 0 2 6 0 0 0
0 10 0 9 5 9 2 8 0 0 5 3 0 1 0 2
0 6 4 0 20 3 0 9 0 0 2 11 4 0 0 1
4 9 4 2 2 3 3 0 0 1 42 18 1 6 0 5
5 1 0 10 7 1 2 16 3 0 6 1 10 11 5 11
8 3 10 0 0 8 0 0 0 0 18 1 0 1 2 8
16 22 9 4 9 0 7 0 4 0 32 0 5 5 13 8
3 11 0 2 19 1 0 3 1 0 0 0 2 9 8 11
4 0 19 4 0 0 10 2 14 0 0 0 9 1 4 18
0 9 5 6 0 0 11 29 0 14 0 8 2 0 0 0
11 2 2 11 1 3 1 0 3 0 0 10 22 0 1 0
0 6 3 7 12 0 12 3 20 8 13 2 1 0 0 22
0 4 7 0 0 2 10 2 17 0 13 24 26 0 0 3
31 1 4 2 1 12 3 14 0 0 0 7 4 0 3 16
3 26 3 6 14 0 30 19 9 0 6 11 0 6 0 0
5 0 2 0 4 3 0 3 0 0 1 15 9 15 0 0
