0 0 0 17 0 0 17 0 0 0 19 13 0 8 0 0
0 0 18 11 14 0 12 40 10 0 0 0 9 0 29 1
0 25 0 11 0 9 53 31 5 0 35 0 0 0 0 20
7 0 24 5 6 0 1 0 0 0 5 21 28 32 10 10
0 0 13 28 4 37 0 29 21 0 19 8 0 0 0 0
0 0 0 0 0 0 19 0 0 21 0 3 0 0 0 11
0 6 10 1 0 0 14 0 2 0 71 24 0 0 0 87
59 28 0 0 6 0 0 29 6 42 0 0 0 0 0 0
0 0 0 30 0 0 4 10 0 0 27 5 32 26 19 25
0 15 7 0 16 0 0 8 0 2 14 19 0 12 0 24
0 0 0 16 19 43 14 0 0 21 0 13 13 0 6 0
34 17 22 4 4 33 3 1 6 10 8 0 10 0 0 20
0 43 5 31 0 27 3 14 18 11 0 27 35 33 0 18
18 90 59 0 0 8 0 40 0 0 2 7 10 0 11 28
9 11 19 35 0 0 19 0 0 0 0 0 0 12 10 0
0 0 0 11 0 21 4 6 9 0 15 0 21 0 5 16
