0 6 10 33 0 32 0 26 0 16 0 0 0 8 0 18
11 0 0 27 0 11 14 0 25 0 17 2 5 13 8 14
0 30 0 0 19 0 7 8 0 0 29 0 6 0 0 0
10 25 0 13 14 19 0 9 0 32 0 19 30 23 0 2
3 19 18 0 8 0 0 39 0 0 2 0 25 30 0 11
0 33 34 26 20 49 0 7 4 1 0 22 3 30 0 14
0 27 0 0 2 0 0 15 0 7 17 0 5 18 2 21
0 13 0 0 0 15 14 7 22 3 0 30 0 0 25 13
0 21 0 0 18 4 0 6 2 0 10 10 12 0 3 0
0 28 0 0 0 9 31 47 39 0 12 4 0 14 27 21
10 0 17 0 5 21 0 60 19 0 16 5 0 25 0 1
22 13 12 18 22 9 0 0 0 29 19 19 0 17 0 6
0 15 41 34 20 11 3 4 46 0 0 19 1 9 33 16
0 0 0 0 23 0 0 0 13 0 13 0 0 0 0 0
0 9 0 9 0 0 13 0 0 0 17 0 25 0 9 9
24 0 15 20 0 0 0 0 3 0 0 0 5 16 0 0
