28 26 0 21 22 1 12 0 0 0 0 13 42 31 17 1
1 9 34 34 15 3 21 20 26 36 7 18 8 10 42 29
0 43 31 1 0 50 0 0 10 24 13 16 30 7 7 14
24 5 0 0 2 25 15 0 14 1 6 29 1 0 0 0
3 17 0 13 2 8 25 9 23 20 45 0 0 5 5 20
1 61 8 0 0 31 0 0 0 0 24 0 27 41 4 0
70 0 0 1 15 2 0 45 0 1 24 26 14 30 18 0
9 9 0 34 0 28 13 42 75 0 0 40 0 0 20 34
0 31 25 50 0 3 0 0 18 0 0 0 19 15 33 0
0 38 38 0 9 0 20 19 10 17 0 6 0 0 0 0
0 18 16 13 21 18 0 35 25 0 0 25 25 0 28 0
0 45 0 59 5 14 35 5 7 0 15 17 4 47 0 25
34 15 25 0 0 22 2 2 7 0 28 12 28 0 1 0
3 20 41 19 20 13 0 21 5 0 10 16 35 21 54 25
1 3 41 22 27 0 0 8 46 39 0 27 0 16 2 30
40 9 9 21 10 0 0 0 0 22 0 7 0 62 9 0
