25 6 0 9 19 22 27 24 19 0 0 19 0 14 25 0
0 27 28 9 0 0 22 26 0 21 0 34 6 29 0 0
0 0 18 0 0 8 0 31 0 20 0 0 0 20 22 0
13 10 12 0 0 12 5 22 0 17 28 0 0 34 0 8
12 30 0 14 19 28 0 5 0 0 7 29 10 23 23 22
31 27 30 0 6 26 0 21 5 33 13 21 17 31 21 0
32 0 22 25 13 0 0 6 0 29 19 15 23 6 0 8
0 0 0 33 25 25 2 0 13 0 3 0 0 6 22 28
22 0 0 0 9 21 2 0 18 37 7 0 22 13 22 0
0 23 12 8 29 18 0 0 0 0 36 0 22 17 13 26
34 0 0 1 0 25 0 0 25 6 0 0 0 10 0 0
4 29 0 14 16 31 15 0 0 0 7 0 0 0 0 24
0 2 26 0 0 0 0 5 7 0 13 21 0 21 29 0
0 0 17 19 2 0 38 35 14 26 0 0 0 0 13 15
0 0 0 23 18 19 25 0 18 0 18 13 31 17 7 15
0 11 19 26 0 22 0 0 0 22 8 0 22 0 15 0
