21 35 0 9 0 0 7 0 0 0 0 47 51 38 4 0
7 18 20 26 2 3 0 4 15 36 6 18 0 17 40 33
0 20 28 1 5 42 0 0 13 6 3 16 23 12 9 25
25 1 0 0 1 30 7 0 36 0 0 21 1 0 0 0
14 11 0 23 0 36 4 3 6 28 31 0 0 0 15 8
1 54 1 0 0 15 0 0 0 0 5 11 25 43 26 3
58 0 5 4 29 25 12 42 4 1 21 45 10 30 18 0
12 2 0 25 1 37 0 43 80 0 0 35 0 0 13 11
2 31 38 39 0 3 6 0 8 0 0 0 21 12 25 0
0 46 25 0 0 2 37 0 0 12 0 0 6 0 0 0
0 31 8 1 3 0 0 35 20 12 0 29 21 0 21 0
0 43 0 49 20 1 15 1 5 0 5 22 23 46 0 14
2 30 33 0 0 14 11 6 13 0 12 5 13 0 4 0
0 23 46 21 15 28 11 0 5 0 3 17 36 11 34 23
1 4 8 28 27 0 0 0 55 31 0 4 0 38 6 24
43 2 21 26 24 2 0 16 0 20 15 0 0 61 12 0
