5 0 1 2 5 2 4 9 0 0 0 7 6 0 4 4
9 4 0 15 21 6 0 0 19 8 18 12 0 0 0 0
0 0 0 0 0 8 2 12 0 6 0 6 34 6 18 21
0 18 0 6 0 0 2 0 13 0 0 4 4 13 1 29
18 0 0 0 20 0 0 2 0 0 7 0 6 1 6 1
13 0 0 0 6 0 0 2 1 1 12 3 4 0 0 4
0 6 6 33 0 8 5 10 2 3 10 11 25 20 0 12
0 3 6 0 16 0 0 7 16 0 7 0 10 1 0 0
16 0 0 0 30 4 0 0 17 2 0 0 0 1 0 5
0 19 0 7 0 2 0 1 0 0 36 1 0 18 7 0
26 10 0 8 0 2 0 5 2 17 0 11 0 0 3 4
27 0 8 6 0 9 0 0 2 0 2 0 4 9 6 1
7 1 0 0 0 3 0 5 1 5 0 0 0 2 0 1
12 16 4 9 0 0 4 2 0 0 0 0 0 0 11 5
3 0 13 1 7 10 7 0 0 5 7 0 0 1 0 26
3 5 0 5 0 0 0 10 5 0 0 0 6 0 3 13
