25 2 3 30 1 5 21 14 4 0 0 0 14 7 0 50
1 12 35 30 14 19 2 4 0 0 5 0 7 8 5 10
0 3 6 0 26 0 0 10 7 0 22 2 0 6 35 0
8 0 19 16 11 55 21 0 1 0 2 0 22 0 9 21
0 3 0 0 11 0 82 0 40 20 53 15 0 1 3 5
0 18 12 14 0 8 7 9 25 18 11 2 14 3 6 11
30 21 3 4 8 19 21 0 8 10 0 17 19 30 31 0
6 4 11 6 42 22 20 0 0 42 0 30 9 1 0 17
0 33 9 30 0 19 0 10 38 17 0 0 18 2 0 21
1 6 10 50 0 0 1 0 17 90 34 42 0 4 37 0
3 18 17 1 0 3 10 7 0 100 5 2 9 13 0 2
39 0 0 0 0 22 0 2 15 6 43 8 8 0 4 37
0 12 13 12 0 5 4 13 4 14 25 65 30 4 19 1
0 11 15 0 0 2 0 36 5 28 12 4 14 22 11 0
12 6 0 1 31 20 2 1 0 0 2 29 6 79 32 9
6 0 0 17 31 0 4 14 12 27 0 3 0 21 18 0
