2 0 35 26 20 12 16 0 0 0 10 0 25 18 12 9
10 19 30 116 18 11 21 0 0 0 15 0 19 0 31 1
0 20 12 9 76 0 0 34 25 0 0 36 0 45 0 0
0 0 0 0 28 52 19 0 48 0 29 0 0 0 8 18
0 48 0 0 0 0 0 0 31 24 0 0 0 0 0 38
0 62 2 33 0 2 76 29 0 20 29 11 15 28 17 8
20 11 11 35 0 23 0 0 12 29 0 0 98 1 0 0
0 20 30 7 19 9 9 13 0 41 1 43 9 0 0 52
0 44 41 45 0 0 20 40 23 0 51 5 11 7 0 6
18 1 24 2 0 0 16 0 82 33 52 45 0 0 15 23
9 5 13 42 0 20 27 45 0 45 0 5 0 25 0 36
0 2 9 0 0 4 0 0 111 21 40 14 24 0 23 16
0 0 0 7 0 27 23 0 18 52 20 32 34 33 17 0
0 0 50 8 0 1 3 0 25 14 29 6 0 0 28 17
0 27 0 0 0 0 30 44 0 0 2 0 4 60 33 0
19 4 0 20 8 0 1 0 34 21 0 3 1 28 8 0
