0 6 0 9 0 0 17 0 0 0 27 1 0 0 0 0
0 0 17 4 14 5 0 39 0 8 0 0 0 0 0 0
0 3 0 8 0 19 21 35 28 0 23 0 0 0 0 20
17 0 22 25 23 0 2 0 0 0 20 18 8 19 14 10
0 0 9 21 3 31 0 29 21 6 18 19 23 0 0 0
0 0 0 0 0 0 15 1 0 1 0 9 0 0 0 15
0 15 9 8 0 0 18 0 0 0 48 0 0 0 0 49
57 25 10 0 12 0 0 33 9 24 0 0 0 0 0 0
0 0 6 30 0 0 0 2 0 0 26 12 44 26 16 20
2 21 14 0 18 0 0 14 0 1 22 20 0 8 0 24
0 0 19 20 41 31 18 0 0 21 0 13 12 0 19 0
33 21 1 0 9 31 7 0 19 14 17 0 4 0 2 20
0 40 11 20 0 26 12 0 37 0 0 18 22 13 0 25
0 38 35 0 1 9 3 12 0 0 1 6 15 0 17 25
10 11 21 37 0 7 19 0 17 0 0 0 0 17 10 0
0 3 0 0 5 22 4 0 0 0 19 0 21 0 4 17
