5 4 6 4 3 5 3 0 1 0 8 11 4 6 5 2
2 2 0 4 10 4 1 1 3 7 3 6 7 0 1 10
4 1 0 2 5 2 5 10 9 7 14 8 15 11 8 9
4 6 3 3 5 1 6 5 4 4 4 6 7 17 9 6
6 4 0 5 5 2 6 9 6 10 10 18 11 18 7 3
6 4 6 8 1 4 4 1 2 7 2 8 2 11 0 12
7 2 5 2 4 6 4 6 2 6 4 5 1 2 5 3
11 11 7 5 12 5 1 12 6 4 5 2 8 6 1 3
0 8 1 1 1 15 5 1 10 3 12 6 4 6 1 5
5 1 3 13 9 6 16 5 12 1 4 6 6 8 6 5
0 7 6 10 0 1 4 0 4 2 1 0 5 3 4 0
5 8 0 0 7 1 4 1 3 6 0 4 11 5 3 2
1 4 3 1 3 2 8 2 2 4 4 9 1 2 3 4
6 0 4 4 7 0 3 6 5 4 0 3 6 3 11 3
1 1 1 8 1 4 0 4 4 2 2 5 4 3 0 1
0 3 4 1 5 3 10 5 11 8 12 12 2 1 7 1
