3 6 0 8 0 0 2 4 8 6 10 4 0 2 27 31
15 24 6 10 2 10 22 23 18 30 19 0 10 0 14 26
10 1 0 11 0 4 20 4 30 0 6 16 0 12 0 2
3 2 9 1 13 0 0 10 6 0 1 7 13 40 1 14
0 0 7 24 2 9 0 5 2 20 5 9 0 12 0 0
0 0 1 27 33 19 0 2 7 11 20 1 0 10 3 10
0 7 3 1 40 0 8 14 2 4 105 6 0 0 12 9
33 4 0 0 10 0 0 23 11 24 1 0 0 12 10 0
9 0 9 14 0 14 13 24 17 0 5 4 5 10 10 1
1 15 5 0 2 1 0 6 16 25 3 5 0 8 16 7
0 7 26 3 1 22 2 20 0 2 10 1 9 0 4 14
2 1 40 63 5 1 6 1 4 9 10 0 15 0 1 2
3 1 3 36 0 12 14 8 6 8 0 9 17 45 0 7
11 12 10 0 9 0 3 19 0 1 25 0 12 0 4 13
9 0 4 5 26 10 10 0 6 0 16 11 0 8 12 5
0 0 15 37 18 3 0 0 9 0 5 0 0 3 10 7
