12 17 31 11 5 13 36 2 2 14 20 4 3 0 7 19
20 8 8 62 11 12 7 25 1 0 4 20 15 26 11 0
33 4 7 12 8 2 0 5 21 4 17 6 21 0 2 3
0 6 1 0 0 22 0 0 6 19 13 8 10 22 52 3
14 6 4 0 10 3 12 43 15 3 22 27 25 0 32 19
4 1 2 15 8 4 0 27 0 12 24 3 5 5 0 0
9 0 21 14 12 19 33 14 7 0 15 10 1 8 3 0
0 19 14 20 16 20 0 10 6 10 0 0 2 21 37 21
10 16 1 4 34 9 0 0 11 21 18 17 2 0 11 3
8 10 18 13 2 6 2 47 5 0 18 33 5 31 33 0
22 11 18 4 6 15 0 17 13 3 18 12 10 0 21 20
5 31 5 0 0 10 0 0 6 21 7 26 4 58 31 2
11 5 14 0 67 12 2 36 1 14 0 15 18 28 41 59
16 10 20 2 4 19 0 62 0 18 35 13 1 42 1 0
42 0 2 2 11 0 7 0 10 6 1 0 11 1 11 5
0 14 31 31 3 6 0 30 19 2 3 0 8 1 7 4
