12 3 0 23 4 10 22 0 0 0 0 33 6 4 14 0
1 5 9 13 1 15 18 9 2 3 0 13 0 12 11 8
12 13 5 0 18 37 21 3 12 0 26 6 10 15 8 2
1 3 10 21 8 25 8 0 27 26 1 16 3 4 0 2
10 6 0 6 42 19 8 0 10 23 12 8 0 9 4 7
0 14 4 0 7 6 0 0 0 0 38 20 6 6 11 16
68 27 0 12 18 8 23 6 6 1 28 14 23 11 13 20
24 1 0 4 12 3 19 6 23 16 0 10 29 2 11 29
8 1 68 41 15 11 16 0 21 0 0 13 1 5 16 21
11 3 2 24 3 1 18 0 0 18 0 34 4 0 0 7
2 9 17 0 21 10 5 3 19 6 0 8 9 0 9 1
0 4 7 31 5 5 7 14 15 5 12 5 2 7 0 1
6 19 1 0 14 7 16 6 8 0 10 4 3 0 5 0
4 32 25 10 1 6 9 12 0 0 2 6 16 4 7 8
7 42 3 16 3 0 14 0 16 8 7 17 0 3 3 0
0 10 3 7 12 0 0 22 0 13 2 8 21 54 0 0
