0 11 0 18 0 0 0 6 16 35 7 7 0 7 26 46
2 24 6 7 5 10 22 8 7 50 19 0 14 0 3 11
0 1 0 2 0 7 35 8 18 0 6 23 0 11 7 1
7 5 3 21 3 0 0 0 8 0 2 7 12 40 1 31
0 0 16 43 2 26 0 2 2 32 6 9 15 12 0 0
0 0 1 0 33 19 16 5 26 39 47 1 0 10 0 5
0 4 1 5 44 0 3 14 2 4 65 5 0 0 13 20
27 0 12 0 13 0 0 23 27 7 1 0 0 0 12 0
2 0 1 9 0 14 13 28 17 0 7 0 11 8 8 1
14 5 2 0 10 4 0 4 0 0 5 9 0 8 16 9
0 7 11 3 8 27 5 20 0 2 5 9 9 0 0 9
4 31 37 63 0 2 6 13 11 7 1 0 9 0 7 14
3 15 6 36 0 13 19 23 6 7 0 7 17 47 0 10
8 10 0 0 29 12 18 10 0 9 3 18 17 0 5 13
14 0 22 15 26 10 1 0 23 0 31 11 0 6 1 34
0 0 6 37 19 5 0 0 3 0 0 0 1 13 6 3
