53 9 36 3 5 25 14 1 0 0 0 46 6 0 6 27
21 3 0 20 37 22 0 0 27 2 17 26 0 0 0 0
0 37 0 15 0 18 7 5 3 29 0 46 20 3 7 22
34 13 24 5 0 12 6 18 2 6 0 0 26 1 1 16
28 9 8 6 10 0 3 33 9 2 8 0 0 0 12 9
14 1 7 0 12 0 0 0 5 12 0 67 13 0 20 19
14 9 48 10 0 4 15 14 13 13 2 25 32 25 11 18
0 1 1 0 1 38 16 0 28 0 16 5 38 11 0 0
36 8 31 0 0 5 4 2 50 0 6 0 4 23 0 5
0 9 0 5 13 13 0 6 18 0 100 4 18 26 2 19
19 6 0 8 0 27 0 1 4 1 0 9 0 3 9 11
1 0 8 0 6 15 0 15 11 6 5 0 0 0 3 5
17 3 14 9 7 9 14 2 0 1 18 0 33 0 0 17
0 19 2 1 11 0 1 17 0 0 0 0 0 15 0 23
0 12 40 5 41 13 17 0 0 12 28 24 3 0 39 22
3 11 3 18 0 0 7 11 8 0 12 2 35 3 7 29
