0 0 31 31 18 16 0 10 0 0 0 0 26 19 0 32
19 25 0 0 0 0 0 0 0 17 3 0 0 0 0 0
16 11 0 5 0 10 26 14 23 6 0 0 58 6 38 1
0 0 43 4 0 0 11 0 15 0 0 0 20 26 12 20
15 22 0 0 36 0 0 12 0 0 18 0 0 16 13 0
0 11 0 0 45 0 0 23 1 13 14 65 1 0 0 33
10 0 52 19 0 12 15 13 18 25 20 11 43 0 4 11
4 18 18 0 8 0 0 32 14 0 9 15 0 12 0 0
14 7 0 13 7 13 17 22 103 0 0 0 2 28 0 26
0 18 0 34 1 12 0 3 0 0 0 16 26 7 19 0
45 17 0 15 0 21 0 0 20 0 0 23 17 7 0 0
50 0 14 19 24 0 0 7 0 14 10 21 14 20 19 3
0 0 0 33 0 0 0 22 24 16 0 0 0 0 0 15
53 63 17 17 0 16 12 0 0 0 0 0 0 0 19 21
2 8 0 13 3 15 8 0 0 0 0 0 0 15 44 0
22 0 22 22 13 0 6 9 17 3 11 22 0 9 0 23
