20 15 1 0 0 2 18 0 19 41 35 24 10 0 0 0
0 1 0 12 2 1 0 0 21 13 0 32 19 20 23 23
25 25 28 0 22 0 8 0 33 0 0 36 0 1 31 8
0 0 1 17 0 2 17 17 17 21 24 31 0 0 27 5
14 27 18 31 15 0 24 0 0 28 0 6 12 6 4 1
16 10 6 18 36 6 2 0 5 0 22 0 0 10 0 0
0 0 14 9 12 21 19 0 15 32 1 0 25 3 0 0
29 20 20 0 1 2 15 19 4 0 29 26 32 0 0 33
26 0 0 22 10 0 35 1 2 0 10 0 6 18 0 22
1 0 35 0 24 0 10 6 32 25 0 35 24 24 8 0
20 0 0 0 1 5 34 3 7 0 1 26 24 17 17 3
0 14 24 16 33 0 0 17 0 16 3 7 0 1 16 35
0 16 4 15 1 32 27 4 29 19 4 1 0 6 34 18
9 34 30 22 10 0 6 12 32 21 13 35 8 33 19 8
0 0 10 6 17 6 1 16 0 6 0 25 0 0 23 2
10 17 12 22 21 15 0 19 0 0 0 24 0 17 22 23
