0 12 0 17 0 0 0 0 14 15 13 8 0 8 31 0
0 8 2 11 5 0 4 24 1 2 0 0 9 0 24 22
0 21 0 4 0 5 52 1 38 0 32 3 0 0 0 4
17 0 2 10 10 0 1 9 0 0 14 1 14 23 5 2
0 0 2 8 2 8 0 0 3 25 7 0 0 4 0 0
0 0 0 0 0 3 1 10 20 6 0 6 0 0 0 4
0 9 7 12 0 0 6 4 3 0 37 24 0 0 4 24
2 17 3 0 9 0 0 7 18 31 0 0 0 0 7 0
0 0 0 1 0 0 4 10 0 0 9 17 4 4 4 0
0 2 6 0 3 0 0 0 0 2 11 8 0 12 0 1
0 0 0 4 3 18 3 0 0 2 10 3 2 0 19 12
0 10 21 12 0 0 1 1 5 3 13 0 2 0 9 0
1 26 7 24 0 2 14 14 1 5 0 5 19 2 0 5
5 58 20 0 0 6 1 3 0 12 2 5 2 0 5 0
11 1 1 7 0 0 5 0 17 0 17 0 0 1 4 0
0 4 8 11 9 1 0 6 8 0 12 0 1 0 1 4
