0 1 15 17 0 23 0 22 5 16 28 0 0 0 1 10
18 0 0 27 0 2 3 0 16 0 26 0 5 6 14 5
0 36 0 0 19 0 0 47 1 0 15 0 9 0 1 0
10 31 0 15 7 13 0 16 0 21 6 3 72 12 0 4
5 24 15 1 7 4 21 31 0 0 0 0 0 11 0 12
0 18 34 27 35 51 11 0 7 0 0 28 0 14 0 3
0 29 2 17 0 9 0 9 11 6 31 0 1 11 0 9
0 17 2 0 0 5 0 14 17 4 1 24 0 26 34 14
0 0 0 3 3 1 0 1 12 0 39 6 15 0 16 0
0 21 0 0 0 27 37 45 14 5 13 8 0 12 18 35
10 0 14 0 5 10 1 60 38 0 9 7 0 13 18 0
23 11 32 24 22 12 0 0 0 55 0 8 0 5 0 9
38 42 19 27 20 6 0 21 51 0 0 26 4 0 23 22
0 0 0 0 23 14 13 0 10 0 21 0 1 5 0 7
0 5 0 0 0 0 14 0 0 0 20 0 7 35 20 9
14 0 10 20 0 0 0 0 9 0 5 0 12 12 0 0
