28 6 9 0 58 34 14 0 3 0 12 1 11 0 16 8
8 1 15 4 0 0 9 12 3 0 0 0 2 10 13 0
24 0 0 0 0 22 1 2 19 0 3 0 0 9 4 2
36 8 10 2 0 16 12 2 0 22 17 0 12 16 13 0
4 0 14 0 0 0 44 0 8 0 6 4 28 0 11 4
11 0 0 30 9 0 15 12 0 12 18 13 0 7 0 28
0 25 32 7 0 0 0 0 0 0 4 41 3 8 6 0
31 0 0 5 29 0 0 24 0 5 5 2 0 9 14 51
0 4 0 11 21 27 6 23 27 9 6 10 6 0 6 0
1 2 0 0 28 3 7 17 21 0 23 6 7 0 16 34
1 5 5 31 48 2 7 0 0 0 11 50 5 0 0 20
0 19 10 0 2 2 0 1 0 0 2 0 9 5 10 7
5 17 35 6 17 0 7 22 17 24 0 29 0 32 0 6
0 10 0 0 0 37 3 19 26 0 7 5 0 15 0 0
9 0 0 21 10 9 2 9 0 0 3 2 0 14 0 0
33 8 25 5 4 8 5 0 5 14 0 20 32 6 41 0
