0 32 24 2 15 13 5 3 11 13 18 2 0 15 0 26
8 4 0 16 7 23 16 3 1 0 0 43 10 30 15 0
26 10 16 12 21 1 0 13 12 1 13 6 2 0 5 29
0 0 4 0 0 9 0 0 9 8 0 11 19 14 28 3
8 10 0 0 3 9 11 8 0 3 22 27 8 0 28 19
4 38 6 12 8 6 0 23 0 18 1 10 3 11 0 0
18 0 0 14 0 0 10 13 8 10 1 9 9 2 7 10
0 0 11 23 12 12 0 21 4 2 0 0 20 19 0 31
0 48 34 0 14 37 2 24 3 21 10 8 13 0 2 18
12 20 0 10 8 26 0 2 4 0 7 33 13 31 17 0
17 0 26 20 2 1 0 10 4 6 4 12 17 0 26 22
26 2 9 0 0 6 0 0 9 4 20 25 20 5 20 10
2 21 11 0 7 30 18 6 7 14 0 2 5 12 36 42
5 34 8 5 4 62 0 20 3 35 40 16 1 24 0 0
18 0 3 11 0 0 34 0 9 11 3 9 9 4 10 2
0 14 27 4 1 9 0 22 11 17 6 0 16 20 3 10
