-2 6 -9 -8 2 -2 -2 -7 -3 -12 -9 -11 -4 -5 -11 -2
-2 2 -5 -4 -7 -10 -14 -4 -2 -7 -6 -8 -2 -2 -9 3
-8 -3 -1 5 11 0 -3 11 9 -6 0 0 7 1 8 10
2 -2 6 -4 7 8 7 11 12 -5 9 8 16 14 10 3
9 3 3 5 4 -3 6 6 17 23 19 15 9 25 4 9
-9 -14 -5 -9 6 -7 -6 7 3 -3 -4 -10 -9 2 -3 -8
6 -13 -8 -5 -12 -10 -12 -4 -3 -10 -6 -3 -6 -12 -4 -6
8 7 -2 -10 -4 -1 2 0 -7 -7 -5 -3 0 -7 -3 -12
-10 -13 -17 -10 -3 -19 -8 -13 -16 -5 0 -17 -14 -12 -12 -18
-6 -9 -10 -11 -11 -5 -5 -1 -8 0 -7 -3 -7 -1 -4 -13
-17 -10 -8 -10 -1 -6 -4 -9 -6 -8 -11 0 -5 -2 0 -9
-9 -6 -3 -8 -10 -6 -9 -8 -7 -8 -9 -5 -10 -14 -11 -10
-5 -5 -9 1 -7 -6 -5 -5 -4 -11 -5 0 -2 -13 -16 -9
-5 -7 -9 -8 -5 -12 -13 -6 -9 -5 -11 -8 -12 -14 -8 -2
-6 -8 -12 -11 -10 -3 1 -6 -4 -6 -5 -9 -5 1 -12 -11
-8 -14 -9 -8 -18 -12 -10 -11 3 2 4 -6 -10 3 -4 -9
