0 4 0 11 0 0 17 0 3 17 13 5 0 0 0 0
5 18 18 5 13 0 0 73 6 3 0 0 0 0 0 33
0 3 0 14 0 20 0 29 47 0 7 0 0 0 0 17
0 0 20 3 38 0 1 18 1 0 16 19 3 43 0 12
0 0 18 30 6 29 0 27 21 27 0 51 6 0 0 0
0 0 2 0 0 2 14 0 0 1 11 10 0 0 8 14
0 3 7 10 8 0 13 0 7 0 68 0 0 0 11 55
62 21 3 0 17 0 0 53 6 34 0 0 0 0 2 0
0 0 1 30 0 0 6 20 0 0 23 11 55 33 19 10
0 20 14 0 18 0 0 16 0 0 7 10 0 4 0 22
0 0 26 19 45 2 17 0 0 21 0 22 27 0 3 13
33 53 19 21 8 33 0 0 19 1 13 0 5 0 18 20
0 30 15 35 0 22 4 0 41 0 0 19 4 40 0 26
0 33 24 0 0 10 0 20 0 0 0 22 13 0 7 28
19 0 19 33 0 0 19 0 18 0 3 0 0 17 6 0
0 0 0 0 0 14 4 0 3 0 19 0 22 2 5 18
