2 6 1 2 6 3 11 1 1 1 5 4 1 1 0 0
1 6 2 2 3 4 8 1 3 2 2 0 4 4 1 8
2 1 2 3 6 2 3 12 4 4 8 7 5 10 6 9
1 3 1 5 7 7 7 9 7 3 9 10 12 11 9 2
5 0 6 3 7 9 2 0 3 1 2 1 1 6 0 1
8 11 9 3 1 5 5 3 4 6 0 3 3 5 6 5
7 4 2 4 3 7 3 5 3 0 1 7 7 15 3 0
3 1 1 1 4 6 0 1 4 3 3 3 1 8 3 7
3 4 6 1 3 12 2 1 8 1 6 5 8 9 7 7
2 2 2 5 3 4 0 4 0 5 4 5 5 1 1 5
1 9 9 5 1 3 3 3 2 1 6 4 3 2 3 4
1 7 1 7 6 0 5 0 1 0 1 5 3 7 3 4
2 1 2 3 3 1 2 1 2 3 0 6 5 1 3 3
6 4 5 4 0 2 1 2 3 2 2 2 1 0 8 2
1 0 4 2 1 3 3 2 2 0 5 1 2 3 7 0
3 2 5 4 3 8 4 7 0 3 2 7 2 3 9 4
