0 7 8 19 0 5 10 6 5 0 0 0 0 23 3 2
3 4 16 0 1 7 1 10 6 1 24 23 21 23 0 0
0 0 15 13 0 0 0 1 0 9 1 22 7 7 15 10
7 2 8 40 23 14 24 12 0 10 4 0 0 7 37 17
5 5 3 33 10 14 0 0 53 12 0 3 31 3 0 13
1 26 6 0 11 2 7 8 6 2 11 1 11 16 3 10
2 2 58 13 4 20 0 0 6 5 1 16 11 0 24 43
1 0 8 2 10 7 15 8 3 0 0 0 0 31 18 9
0 0 0 0 12 5 10 38 18 9 19 15 21 18 8 8
2 1 8 14 18 5 2 0 4 8 2 0 15 1 14 1
12 2 4 6 10 4 27 0 2 2 0 9 0 0 0 5
3 18 0 9 12 8 9 18 0 13 30 2 8 0 3 3
0 6 5 2 6 4 22 4 2 3 8 12 0 3 1 0
0 0 2 18 26 0 14 0 0 3 39 0 0 0 13 4
3 0 0 3 2 0 21 0 17 0 14 6 5 4 12 5
4 0 17 7 5 12 27 0 0 8 12 0 23 38 0 0
