40 19 0 2 29 31 13 0 0 0 3 0 17 0 5 15
22 18 0 46 0 0 0 13 18 0 0 0 9 15 20 0
25 5 0 0 0 52 5 2 0 18 0 0 0 21 5 1
13 17 14 27 0 21 16 14 0 24 17 0 0 0 0 0
13 0 14 0 9 0 13 0 7 37 15 8 37 5 13 31
12 0 9 0 13 0 15 16 0 0 0 28 0 0 0 29
0 18 29 0 0 0 0 0 0 12 6 5 7 13 33 0
8 0 0 13 2 0 0 0 0 2 0 15 23 18 2 27
0 7 22 0 20 8 9 16 22 23 0 2 0 0 0 0
24 6 0 0 13 0 40 5 28 12 22 44 18 0 32 0
0 26 16 7 29 0 7 0 0 0 36 18 15 0 0 4
0 7 0 0 21 11 0 34 0 0 0 0 23 15 4 10
35 0 30 12 5 0 0 20 29 8 0 21 29 5 0 0
0 13 5 0 0 19 5 6 31 0 0 0 0 11 0 16
29 37 15 5 0 0 0 0 0 0 6 0 0 7 0 0
20 10 18 0 45 43 17 0 7 11 0 23 26 0 38 0
