0 3 0 49 0 20 0 0 0 0 0 46 0 13 42 0
10 0 0 16 35 9 25 20 29 5 13 0 0 14 42 42
15 50 31 5 0 21 0 0 14 3 36 20 45 0 0 0
29 39 14 0 14 0 9 0 0 49 16 42 1 0 0 0
47 14 0 0 9 25 16 21 24 43 34 0 0 25 38 0
24 76 0 0 6 44 0 20 0 0 0 0 25 21 0 0
49 10 27 12 0 0 34 81 63 1 20 0 36 6 0 3
0 73 0 0 75 21 16 4 104 0 4 37 27 0 57 0
15 0 84 59 0 0 21 0 70 0 0 6 33 24 35 0
0 0 25 39 19 10 36 27 0 0 7 12 0 0 0 18
0 0 4 7 42 0 0 33 19 22 0 36 4 0 20 2
0 13 52 0 39 1 11 27 24 0 0 0 24 47 0 0
0 8 15 0 0 29 0 0 0 29 19 7 0 0 16 10
0 2 6 35 9 30 0 9 28 0 0 2 7 0 8 33
44 0 22 24 6 0 15 18 0 24 0 42 0 35 0 29
79 0 59 21 51 10 9 0 0 25 0 18 2 18 20 0
