1 4 0 0 0 7 9 0 1 8 0 7 2 0 0 0
1 3 7 0 4 0 0 0 0 7 0 0 0 3 0 2
10 3 4 8 5 0 5 0 1 0 0 0 6 0 4 6
0 0 0 10 7 6 2 5 7 12 0 5 0 0 1 10
9 8 5 0 16 0 21 0 0 3 4 1 5 3 16 0
4 2 1 8 0 1 1 0 1 5 0 3 0 0 0 0
0 6 3 2 0 1 9 0 0 7 0 3 9 1 0 10
11 1 7 0 1 0 14 3 0 0 0 2 0 0 0 0
4 1 0 2 8 0 4 0 5 0 0 1 19 10 0 0
0 2 0 3 5 0 9 2 3 0 0 4 0 13 0 0
2 0 0 0 3 0 5 6 7 0 0 0 0 0 7 1
1 9 0 2 1 0 3 1 0 13 7 5 4 16 9 17
0 5 0 7 0 2 0 7 5 11 0 2 0 5 2 3
4 1 6 5 1 9 1 0 1 1 4 0 17 11 0 0
0 20 14 1 6 2 0 7 0 4 0 2 1 4 5 0
0 2 9 14 5 2 2 2 0 0 0 1 0 2 3 6
