5 59 39 1 4 19 40 0 85 40 48 15 43 11 1 45
12 20 46 2 6 8 13 11 0 0 0 0 36 26 17 0
46 14 26 23 1 12 0 47 40 18 14 20 7 0 33 60
40 42 39 0 0 13 0 0 2 73 41 34 19 26 27 54
4 30 46 0 0 14 12 11 0 29 21 8 0 0 25 5
42 38 0 37 24 75 0 64 1 24 5 3 33 10 14 0
37 0 47 5 20 17 22 18 7 33 1 27 62 47 5 2
0 39 11 14 6 23 0 2 9 22 75 15 30 22 15 40
13 48 2 20 7 15 9 7 32 20 48 20 39 22 15 53
62 0 58 11 2 26 4 14 6 0 0 0 31 31 43 0
44 0 0 12 3 10 0 22 47 22 0 0 7 0 40 40
12 31 27 0 9 22 0 0 1 80 39 21 15 44 1 56
38 47 17 0 0 0 15 1 9 29 32 32 3 31 6 2
40 13 0 0 3 45 0 15 37 55 6 10 11 62 41 0
15 0 54 12 8 22 12 4 9 18 7 0 57 39 21 0
0 0 0 26 28 23 0 19 15 27 58 5 0 33 23 47
