11 0 0 31 23 0 2 14 0 0 0 9 31 19 6 21
14 31 0 0 0 0 0 7 43 20 22 20 0 0 0 0
16 45 0 15 0 0 24 28 12 0 0 0 84 32 46 3
0 0 43 19 0 0 11 0 4 0 0 32 4 16 9 0
5 23 0 0 35 0 0 6 0 15 39 0 10 19 21 24
0 6 0 0 51 0 0 11 17 14 3 55 14 0 0 19
13 28 39 0 0 10 0 17 10 19 21 0 46 83 32 8
13 0 26 0 30 0 8 26 21 0 21 6 1 16 0 0
0 0 38 13 0 0 0 43 66 0 0 0 1 23 6 1
0 26 0 27 17 22 0 18 9 0 0 12 28 25 18 0
43 0 0 0 0 25 0 12 18 0 0 0 17 15 0 9
51 0 13 0 26 28 0 8 36 14 12 21 16 14 14 11
0 0 12 32 0 10 0 18 23 14 16 0 0 0 0 4
49 38 22 5 45 6 28 0 0 0 0 0 0 0 0 36
0 13 0 19 8 16 17 0 14 10 0 0 0 18 15 6
8 16 20 31 0 0 8 1 22 0 14 22 0 16 30 0
