1 1 0 0 1 3 3 0 2 6 9 0 0 10 11 0
0 0 33 0 0 0 0 2 0 0 0 0 0 3 0 8
9 0 29 16 0 3 4 1 7 0 9 4 1 3 0 37
3 0 0 3 18 0 3 0 3 25 0 0 0 14 9 6
4 0 0 0 1 5 0 0 1 1 8 2 15 6 10 2
6 0 5 0 0 0 0 8 0 0 0 0 0 0 0 15
10 0 24 25 0 6 2 5 4 5 6 5 4 7 0 58
2 0 1 1 17 0 1 0 6 34 1 4 2 12 17 15
4 0 0 1 1 4 1 0 0 2 1 4 11 0 0 0
5 0 4 0 0 0 0 8 0 0 0 0 0 0 0 12
10 0 23 25 0 6 3 3 11 5 11 6 5 9 0 56
2 0 6 3 13 0 0 0 14 36 2 1 3 13 19 6
2 0 0 0 0 0 1 0 1 0 2 3 2 0 0 0
3 0 1 0 0 0 0 4 0 0 0 0 0 0 0 19
11 0 25 27 0 6 2 3 8 3 4 1 0 11 0 54
1 0 4 6 13 0 1 0 7 35 4 0 3 13 18 2
