2 13 7 4 16 7 13 0 17 6 3 0 17 5 0 0
0 8 3 9 5 17 0 0 1 8 1 9 4 2 0 4
2 38 3 9 0 0 8 0 3 0 0 11 17 6 0 13
0 0 10 14 20 3 8 8 6 9 0 15 0 0 1 15
8 22 2 0 14 18 1 0 3 16 36 14 6 2 17 6
3 11 0 10 2 6 5 0 18 5 0 3 1 5 8 0
11 0 3 15 0 3 8 0 17 8 5 29 2 13 21 28
8 1 6 8 1 1 15 16 5 0 1 4 1 0 6 2
13 15 4 3 4 3 5 11 20 34 20 0 0 6 0 0
10 1 15 26 4 19 2 1 0 3 4 1 8 8 1 0
10 7 2 4 3 19 6 20 17 0 21 3 0 1 14 18
2 2 1 4 3 0 13 11 0 15 19 7 10 40 3 15
0 17 8 4 16 0 17 1 7 9 4 9 0 29 5 3
4 8 2 20 7 13 4 8 4 2 14 7 3 9 2 6
0 23 8 2 2 2 0 7 0 25 6 3 16 25 7 53
3 1 16 1 13 3 1 8 0 0 0 14 8 1 9 17
