19 1 3 17 1 13 3 0 13 1 4 17 0 27 9 9
0 1 0 16 12 11 14 9 27 13 3 29 8 20 0 0
3 0 5 0 0 14 16 0 4 16 1 12 0 52 21 13
13 0 0 0 13 1 2 0 12 21 5 0 9 0 0 43
3 4 16 9 5 13 16 0 14 23 5 0 0 2 0 0
16 23 2 1 3 0 0 17 10 0 8 6 4 0 2 4
21 0 46 9 7 7 2 0 6 2 15 0 6 0 36 7
11 24 23 34 0 1 6 0 3 0 2 7 7 2 5 0
17 7 4 27 7 0 0 26 1 0 0 24 3 0 12 3
1 3 4 2 28 10 10 0 9 4 0 43 2 7 0 0
7 0 9 22 0 6 44 2 1 12 10 6 8 2 24 10
17 0 0 11 0 2 0 0 15 16 15 2 14 10 0 0
4 22 4 9 0 5 29 0 72 7 4 3 0 3 25 0
12 1 7 0 1 0 0 13 31 0 5 17 21 2 8 13
23 0 44 17 0 25 6 0 0 0 33 0 5 23 25 6
3 3 3 3 0 0 0 0 2 5 1 11 16 0 5 2
