5 2 0 33 10 7 1 0 9 9 0 6 6 0 1 14
7 2 10 2 0 0 0 8 17 0 0 0 5 5 25 3
0 8 0 0 0 26 4 0 7 0 15 0 0 8 14 0
13 10 14 5 0 26 8 3 0 29 23 0 47 19 9 3
4 0 8 0 0 0 11 0 21 1 13 3 12 0 10 1
2 11 0 8 3 0 0 6 0 0 8 5 0 1 0 2
6 17 27 11 0 0 0 0 0 0 5 9 10 4 6 0
3 0 0 23 5 0 0 20 0 1 11 2 0 21 12 1
16 22 4 11 22 0 0 7 60 8 0 11 31 0 9 0
24 40 0 0 11 11 1 7 11 1 14 0 21 0 3 20
0 1 0 12 8 31 22 0 0 0 19 45 9 0 0 17
0 3 0 0 0 16 1 0 0 1 2 0 23 1 0 1
35 9 16 0 21 0 1 0 7 30 2 1 11 10 0 17
1 5 5 0 0 23 0 0 32 0 20 1 0 14 0 14
10 19 1 10 21 0 0 18 0 0 2 0 0 0 6 0
13 21 4 0 12 26 17 0 7 8 0 5 20 21 24 0
