0 47 36 38 17 15 38 0 1 0 0 64 0 34 66 49
0 15 0 0 14 52 0 0 63 56 0 33 9 15 0 0
83 0 116 0 0 45 44 0 1 42 0 56 0 30 51 4
0 10 0 0 35 8 13 15 33 0 40 0 1 0 0 18
10 21 21 13 28 11 34 0 84 7 20 0 0 37 29 0
40 37 0 33 0 0 0 13 0 32 44 19 112 19 6 0
15 0 0 0 26 65 53 3 26 0 31 0 10 0 31 6
5 8 39 54 0 0 29 13 21 53 49 27 49 18 13 0
0 32 39 53 6 0 0 0 0 0 0 0 0 18 29 30
0 17 2 16 14 14 25 47 0 0 0 8 7 0 0 0
47 0 59 0 23 36 26 44 0 38 38 68 13 0 27 7
37 10 0 0 0 5 18 16 22 0 23 0 2 68 0 8
10 20 0 29 33 35 72 0 108 26 0 0 0 19 45 0
45 24 0 33 21 0 0 0 0 32 41 27 60 19 0 0
9 0 0 28 24 47 7 3 0 0 15 0 10 55 39 2
14 28 23 45 0 24 3 13 12 52 35 0 53 18 14 17
