1 -1 -18 -8 6 -7 -8 2 2 -15 -9 -4 0 -7 -12 -8
-17 -4 -11 -12 -19 -4 -18 -3 -11 -11 -7 -10 -8 -11 -15 -13
-12 -15 -8 -5 -6 -13 -17 -1 -1 -9 -14 -11 -3 -10 3 1
-6 -6 5 0 14 13 16 12 12 0 10 7 15 2 13 9
8 10 8 4 0 -2 -1 3 1 3 2 -9 0 0 -3 6
-5 -14 -2 -6 0 2 -7 -3 -11 -13 -15 -9 -13 -16 -3 -25
-9 -12 -17 -3 -15 -4 -18 -20 -2 -21 -15 -2 1 -11 -1 -12
-12 -6 -1 -8 -11 -11 3 -8 -11 -15 -4 -7 5 -22 3 -16
-11 -22 -13 -1 -2 -10 0 -12 -1 -5 4 -15 -5 -9 -12 -11
-16 -2 -9 -25 -24 -13 -22 8 6 -2 -7 0 -1 15 7 -9
-9 -5 -8 -9 -7 -10 -6 -6 -13 2 -8 0 1 6 -5 -10
3 -6 -3 -5 -5 -4 -10 -8 -6 -8 -4 4 3 -9 -11 -14
0 3 -6 -1 -1 -6 -4 5 -1 -7 -5 8 0 -6 -17 -5
-3 -10 -8 -1 -8 -13 -10 -2 -7 -4 -7 -9 -5 -19 -4 -1
-1 -6 -16 -4 -10 -3 4 -2 1 -8 -6 -3 0 2 -15 -16
-7 -12 -11 -10 -16 -6 0 -12 3 1 -1 -1 -5 4 -4 -6
