2 8 0 7 51 21 0 0 1 0 7 4 9 0 11 10
5 6 0 16 0 0 0 13 19 0 0 0 15 5 9 0
17 0 0 0 0 7 0 2 31 2 0 0 0 20 7 2
13 15 0 1 0 0 8 5 0 15 20 0 7 1 0 0
5 0 19 0 0 0 8 0 18 6 5 11 11 3 18 1
15 0 0 14 0 0 23 6 0 12 0 19 0 7 0 16
0 42 4 0 0 0 0 0 0 0 1 0 14 27 8 0
23 0 0 7 29 0 0 0 0 11 0 12 3 4 4 38
22 0 15 7 32 2 1 17 1 4 0 10 0 0 0 0
0 2 0 0 34 3 4 3 0 15 5 18 4 0 3 7
0 0 2 8 46 8 7 0 0 3 1 8 17 0 0 11
0 7 20 0 2 1 0 0 0 0 0 0 11 5 11 5
1 4 20 12 0 0 6 5 5 11 0 23 0 27 0 6
0 10 0 0 0 8 13 17 3 0 14 29 0 14 0 4
3 20 0 4 0 3 0 26 0 0 3 0 0 14 0 0
9 9 15 0 14 12 10 0 9 6 0 2 11 6 0 0
