53 28 8 4 5 16 0 41 42 25 18 38 15 34 17 16
0 15 15 12 7 18 20 18 35 13 28 40 17 30 2 11
5 10 31 8 50 11 30 26 13 12 25 34 4 58 14 31
10 25 35 20 55 20 39 26 11 17 24 5 3 34 32 87
8 14 5 18 7 6 25 31 15 27 11 13 29 16 17 55
40 45 24 49 12 33 25 19 67 23 6 22 10 16 38 4
17 0 0 15 2 35 2 32 6 23 12 60 60 44 13 36
25 25 32 41 33 45 16 16 26 48 26 38 3 24 47 28
28 23 41 15 34 26 24 21 7 32 18 16 14 24 14 3
48 41 40 11 39 31 39 11 15 17 23 17 26 15 53 50
11 20 13 30 17 38 17 24 18 31 23 0 30 25 18 46
42 20 3 11 40 5 15 0 6 28 41 59 18 24 18 15
5 2 5 52 11 68 7 27 12 15 32 17 44 20 24 26
2 2 12 33 29 45 37 31 17 5 2 13 68 38 29 19
13 11 38 29 24 32 6 8 11 4 37 19 23 10 11 47
17 29 66 24 35 10 30 7 15 11 7 40 3 14 15 56
