7 15 4 83 0 20 23 0 49 1 4 33 0 27 31 18
0 5 4 15 36 50 1 9 63 64 0 0 8 20 0 0
9 0 5 0 0 9 8 0 6 9 0 4 0 1 4 15
12 0 0 0 25 1 8 0 5 19 3 0 5 0 0 32
8 9 46 20 5 27 107 0 60 39 16 0 0 26 0 0
7 23 12 4 2 1 0 17 47 3 7 15 6 3 2 4
11 0 45 9 22 27 15 7 28 34 2 0 0 7 31 11
2 27 0 7 0 3 0 0 47 1 14 5 3 37 11 4
17 0 1 24 29 0 0 0 26 0 0 24 0 0 8 27
40 1 4 2 29 31 10 29 37 4 0 47 18 0 0 0
23 0 45 22 0 11 1 21 32 55 8 13 14 4 83 13
8 0 19 9 0 1 0 3 9 16 5 2 13 42 0 0
0 28 12 9 2 4 21 0 2 0 13 14 0 0 70 0
14 1 12 7 14 3 0 10 0 3 17 39 18 2 58 15
22 0 44 12 0 5 23 25 0 0 42 0 10 23 0 13
16 6 0 11 0 0 0 0 5 14 15 20 1 5 20 2
