8 1 33 6 32 3 0 3 12 1 16 26 1 3 16 21
0 16 4 2 6 1 3 11 7 13 12 11 8 6 4 3
0 2 2 11 6 5 3 0 3 11 1 4 9 14 3 1
2 1 3 3 19 20 4 20 9 9 4 11 7 2 3 5
3 0 0 5 13 9 2 0 9 7 19 7 6 3 21 11
3 2 7 33 1 2 9 10 9 1 8 11 8 9 3 4
10 0 0 2 7 24 3 0 27 11 0 12 10 3 2 4
7 21 3 5 8 1 1 3 24 1 4 4 21 5 1 1
9 7 12 7 8 2 30 13 8 0 4 13 17 3 28 12
7 29 2 8 3 3 14 26 3 48 3 9 1 3 21 8
11 10 2 6 2 1 10 6 3 18 0 0 12 12 2 1
5 0 2 3 14 3 9 1 4 4 17 8 1 1 1 24
2 5 3 14 1 12 12 15 5 12 2 6 1 0 8 10
0 10 4 2 19 1 3 29 1 11 9 13 0 4 1 3
3 12 1 3 9 4 7 1 3 21 2 1 11 13 3 0
7 1 0 6 3 11 6 7 16 27 2 1 21 7 26 6
