16 27 0 3 6 25 0 2 15 0 11 13 15 10 32 21
0 0 34 0 0 0 0 27 0 5 0 0 0 19 0 29
13 0 30 34 1 11 5 34 9 30 6 18 6 45 0 38
3 0 0 3 18 0 10 0 18 17 0 0 0 0 0 25
5 1 0 5 2 3 1 3 3 5 14 11 10 7 31 18
5 0 11 0 0 0 0 37 0 0 0 0 0 19 0 46
11 0 24 34 1 9 2 33 6 31 2 32 10 19 0 59
2 0 0 7 17 0 24 0 18 11 1 0 13 0 0 4
6 1 0 7 2 6 0 2 6 5 14 6 0 5 32 21
1 0 5 0 0 0 0 39 0 0 0 0 0 19 0 54
12 0 26 34 1 17 3 32 18 29 0 28 8 20 0 59
2 0 0 9 11 0 25 0 12 10 0 0 13 0 0 11
7 1 0 7 2 4 0 2 4 0 9 8 0 4 32 20
0 0 9 0 0 0 0 42 0 0 0 0 0 19 0 55
12 0 25 34 1 20 1 33 16 27 0 29 7 15 0 59
2 0 0 13 10 0 24 0 11 9 0 0 14 0 0 11
