19 55 15 2 9 46 11 0 2 0 56 35 0 7 0 2
49 9 20 50 0 0 49 1 2 2 13 15 0 2 3 2
11 2 51 32 3 4 2 2 0 30 2 41 20 0 2 36
17 5 42 0 3 43 2 2 43 1 3 52 21 0 50 0
10 1 17 0 36 0 26 0 1 9 0 5 27 2 48 33
52 2 6 11 53 1 1 51 2 0 32 2 1 2 4 55
2 2 24 54 21 50 2 0 2 11 0 50 2 59 3 25
1 1 3 2 1 1 0 6 0 7 2 0 1 0 1 6
1 2 26 55 1 2 53 0 48 19 2 0 0 20 1 3
58 31 2 52 0 41 27 0 5 42 2 9 0 21 38 0
3 0 44 2 29 15 0 2 23 2 21 34 44 0 45 51
48 50 49 2 1 2 51 43 45 0 56 1 0 49 0 58
1 51 23 2 61 0 6 22 1 29 0 48 46 1 40 19
52 0 51 0 8 0 30 2 39 2 2 22 2 48 2 46
46 20 2 12 2 0 28 2 7 4 0 2 26 0 3 2
3 58 45 1 2 35 2 0 48 26 1 0 2 41 11 49
