27 12 0 16 0 1 20 0 11 7 6 8 0 6 0 0
0 0 16 13 9 4 0 30 15 0 0 0 7 0 1 27
0 3 0 16 7 5 16 29 24 0 13 2 0 0 0 20
22 25 21 0 18 0 1 0 6 0 22 6 0 3 0 17
0 0 9 24 0 33 0 22 19 4 18 22 9 0 0 0
0 0 0 13 0 5 38 11 0 6 0 7 0 0 7 17
0 3 7 6 31 0 12 3 0 3 58 0 0 0 10 53
66 7 0 0 14 11 0 14 21 35 0 0 0 0 0 0
5 0 3 23 0 0 0 1 0 0 20 18 45 31 0 15
6 24 10 0 12 0 0 10 0 0 9 18 0 8 0 20
0 0 25 17 9 30 12 0 0 20 0 16 10 0 17 3
33 46 0 0 4 30 0 5 1 6 18 0 6 0 4 20
0 24 16 0 0 25 9 20 13 0 0 25 0 42 0 23
0 29 37 0 0 5 4 49 0 13 15 20 18 0 12 27
25 23 18 31 0 0 18 0 26 0 9 0 0 20 9 11
0 0 5 0 18 16 4 0 1 0 21 0 22 0 2 9
