20 19 40 5 0 6 13 0 0 18 4 9 0 3 18 9
0 9 0 2 11 30 10 27 17 5 0 4 2 5 0 0
6 0 4 0 0 30 10 0 5 8 0 31 0 23 26 18
10 18 0 0 15 0 20 0 8 0 7 0 12 0 0 13
27 6 4 29 3 5 3 0 39 8 17 0 0 3 4 0
5 19 9 14 2 6 0 17 0 0 14 4 16 1 2 4
0 0 36 3 35 46 23 36 8 0 15 0 6 0 36 7
5 20 0 24 0 3 21 10 14 6 0 5 6 23 9 10
20 51 7 9 0 0 0 0 3 16 0 5 0 3 15 3
3 0 3 2 2 23 2 7 6 3 0 11 4 0 0 0
6 0 16 22 0 28 12 5 4 15 5 17 11 23 38 16
17 1 0 7 0 0 10 0 12 5 3 2 13 9 0 0
32 0 0 10 7 11 7 4 5 3 5 14 0 5 17 0
15 10 19 11 4 6 0 17 0 0 8 18 5 2 2 14
0 0 44 14 11 48 14 23 0 0 19 0 5 5 40 10
8 3 0 2 0 3 0 16 2 2 1 7 2 24 9 20
