14 18 0 17 2 0 21 0 0 0 0 11 19 6 5 3
4 12 11 16 21 4 27 22 1 0 3 9 14 18 6 2
9 11 12 1 4 18 21 4 1 0 20 6 10 0 6 1
6 1 10 9 8 5 4 0 0 29 22 2 0 0 0 12
22 13 0 16 42 20 10 24 10 0 11 7 0 10 12 0
14 11 13 0 7 4 1 0 0 0 11 22 4 6 10 0
17 28 5 12 14 0 2 17 12 0 5 15 6 21 9 20
4 0 4 15 9 11 19 8 33 8 0 6 11 11 21 29
2 10 19 10 2 7 9 0 14 0 0 11 5 10 7 21
2 24 5 4 21 3 15 0 0 31 0 2 5 0 0 0
4 10 7 0 2 16 4 1 22 13 0 26 26 0 17 17
0 21 34 7 6 5 3 21 24 5 11 0 1 9 0 1
19 5 4 0 14 9 20 4 1 0 10 7 10 0 0 19
4 48 7 7 1 9 21 6 17 0 14 36 9 2 25 3
2 46 13 4 31 0 4 0 8 8 7 17 0 10 23 11
2 8 34 39 9 0 0 26 0 1 13 8 21 22 1 0
