13 44 0 2 6 40 1 2 19 31 12 12 15 11 32 21
0 0 32 0 0 0 0 25 0 11 0 0 0 19 0 29
13 0 32 34 2 12 5 35 22 29 0 14 6 49 0 38
1 0 0 0 18 0 11 0 23 17 0 0 0 0 0 31
5 45 0 2 6 42 0 2 20 3 14 10 10 5 32 19
0 0 11 0 0 0 0 41 0 3 0 0 0 19 0 49
11 0 24 34 1 11 1 32 0 29 7 33 9 14 0 60
2 0 1 12 17 0 25 0 7 11 2 2 7 0 0 4
6 46 0 2 5 44 0 2 25 7 14 12 10 5 32 19
6 0 8 0 0 0 0 36 0 1 0 0 0 19 0 43
11 0 17 27 1 7 0 32 7 31 16 34 12 22 0 16
2 0 0 0 0 0 23 0 19 40 1 0 10 13 18 5
7 10 0 6 2 11 0 2 2 0 4 13 0 2 29 17
0 1 5 0 0 0 0 37 0 0 0 0 0 18 0 34
2 0 1 9 1 5 0 29 20 29 0 29 13 25 0 10
2 0 0 8 0 0 21 0 4 47 0 0 14 14 18 11
