3 12 0 16 0 0 1 0 25 0 2 0 0 8 0 25
8 34 0 11 11 0 9 32 0 8 0 0 9 0 27 34
3 15 0 1 0 1 38 5 15 0 35 0 0 15 0 3
28 2 4 2 10 0 1 0 7 0 15 0 19 32 10 6
0 0 1 15 1 12 0 6 2 9 4 8 17 0 0 0
0 0 10 0 0 13 9 14 0 21 21 6 0 0 0 3
0 3 10 1 0 0 14 0 2 0 25 24 0 0 0 52
8 17 0 0 10 2 0 9 10 31 0 0 0 0 0 0
6 1 3 0 0 0 4 23 0 0 1 14 21 9 0 22
12 5 2 0 2 0 0 1 0 2 13 8 0 6 0 5
0 0 10 4 13 5 4 0 0 0 9 5 13 0 12 19
3 55 22 4 17 0 3 1 1 8 1 0 4 0 12 2
0 16 5 0 0 0 16 18 18 11 0 16 33 10 0 5
18 83 17 14 0 6 0 6 0 5 2 1 0 0 1 2
2 14 9 3 0 0 18 0 13 0 25 0 0 6 1 0
0 0 0 11 8 4 0 6 5 0 5 0 1 2 3 4
