4 2 6 14 0 3 0 8 0 57 3 0 0 0 0 0
8 10 5 1 0 23 10 33 17 5 18 0 11 6 2 8
0 12 0 0 8 0 4 20 23 0 8 19 6 0 5 0
9 9 0 5 11 7 4 1 5 30 35 15 2 2 0 5
14 3 1 0 2 0 1 3 0 2 2 0 0 5 0 5
32 26 11 0 15 3 0 5 7 0 9 36 0 3 9 2
0 0 0 1 0 20 4 7 18 4 7 0 10 3 1 2
0 8 26 0 32 0 8 22 7 0 1 1 0 7 7 9
0 23 38 16 20 3 0 6 12 29 14 6 15 0 7 0
5 8 0 0 14 48 20 11 0 4 1 7 21 9 16 18
2 10 7 0 2 1 11 1 51 0 16 8 0 17 17 0
12 2 10 4 7 17 2 30 17 4 18 19 0 2 3 3
4 4 7 0 2 2 0 57 19 0 0 22 0 23 17 2
2 0 2 0 9 29 19 9 3 0 23 0 3 0 0 2
0 17 0 0 0 20 2 0 6 0 1 12 4 0 5 3
3 17 2 0 12 0 0 0 8 0 3 0 16 34 0 4
