2 41 0 2 2 38 7 0 20 24 10 0 2 10 7 1
0 0 33 0 0 0 0 1 0 0 0 0 0 1 0 3
1 0 4 0 0 1 0 0 9 1 8 3 1 2 0 1
1 0 0 3 0 0 0 0 1 0 0 0 0 1 0 8
10 45 0 3 1 45 1 0 19 0 11 0 4 7 14 1
4 0 10 0 0 0 0 6 0 0 0 0 0 0 0 3
1 0 1 0 0 7 2 0 6 5 6 5 3 2 0 7
2 0 1 6 3 0 1 0 4 1 1 1 3 3 0 10
9 44 0 4 1 46 1 0 19 0 11 1 4 5 13 1
4 0 8 0 0 0 0 6 0 0 0 0 0 0 0 7
1 0 0 0 0 9 0 2 8 5 11 5 4 2 0 7
2 0 0 5 3 0 2 0 5 2 2 0 1 3 1 10
8 44 0 4 1 45 0 0 19 4 10 0 3 5 13 1
2 0 7 0 0 0 0 6 0 0 0 0 0 0 0 7
1 0 1 0 0 9 1 2 7 5 4 5 3 4 0 6
2 0 0 4 3 0 1 0 5 2 4 0 3 2 0 10
