0 7 18 0 9 10 16 2 5 1 7 13 21 13 0 10
9 19 2 26 1 11 1 5 10 0 8 29 16 12 10 0
22 22 8 4 16 3 0 4 9 6 6 21 15 0 6 41
0 16 1 0 1 13 0 0 4 16 1 23 20 5 6 6
14 17 1 0 16 26 9 27 1 8 22 8 9 0 4 5
2 24 19 2 4 16 0 17 0 27 22 1 7 87 5 0
43 0 2 16 0 1 1 62 3 3 10 18 0 48 11 8
0 5 12 24 52 16 0 25 8 2 14 4 28 19 14 54
2 12 13 6 17 27 24 0 1 9 1 26 2 1 8 3
6 11 1 63 0 24 2 7 9 0 5 29 38 1 8 0
20 21 18 22 10 5 0 5 16 13 12 10 40 0 17 33
0 25 13 0 0 27 5 0 5 20 21 10 21 6 3 27
3 17 1 0 0 1 1 13 2 7 2 12 1 11 21 19
13 43 11 30 19 47 0 26 8 34 2 4 0 59 0 0
19 0 4 2 6 9 6 33 1 4 0 18 10 29 10 0
0 13 39 4 1 23 0 1 3 17 35 9 0 5 0 12
