4 22 3 0 9 19 37 0 0 35 35 18 0 0 0 0
1 4 7 0 4 0 0 0 21 0 0 32 19 18 21 27
10 9 23 16 22 0 0 2 33 0 0 37 27 1 29 21
0 0 1 41 3 0 18 33 31 6 24 0 0 0 30 32
20 31 29 31 16 0 6 0 0 34 0 2 5 0 11 2
28 0 9 36 36 13 26 0 14 9 17 3 0 10 0 0
4 17 0 17 15 18 25 0 26 28 1 0 29 14 0 6
0 21 7 7 6 3 19 18 4 0 24 21 32 1 0 33
17 0 0 5 9 1 35 0 0 5 0 14 1 19 0 22
0 0 35 2 0 0 22 2 23 36 2 31 14 6 3 0
20 0 0 0 15 0 34 3 10 0 13 23 24 21 20 2
13 0 16 19 37 0 16 7 0 17 8 2 21 5 6 30
0 12 3 11 7 30 26 23 30 25 0 0 0 12 26 22
0 29 33 0 7 3 2 0 35 16 1 32 17 23 0 0
0 4 19 0 1 14 1 33 0 5 0 35 1 28 20 0
16 29 0 12 21 24 22 19 0 0 8 15 6 18 15 20
