8 3 3 2 0 3 6 2 7 7 12 8 3 3 6 2
7 0 4 1 4 6 12 0 2 3 10 4 3 0 1 4
8 1 2 1 5 0 4 6 2 2 2 0 5 6 4 2
1 5 7 1 4 5 8 9 11 7 8 7 14 8 5 4
5 2 1 1 1 2 1 3 2 1 3 2 6 10 3 3
13 13 8 5 3 4 7 3 3 5 2 6 3 2 4 1
6 6 7 9 8 3 5 0 1 3 2 7 12 16 1 4
4 3 3 7 0 6 2 2 3 3 6 7 2 1 4 8
7 3 8 4 5 11 7 2 9 4 11 6 11 5 8 7
2 7 7 3 0 6 1 3 5 4 4 4 6 2 0 5
2 9 9 6 2 5 6 1 4 2 1 1 3 2 0 2
1 2 2 2 5 5 5 6 2 1 3 4 8 12 6 7
3 0 7 2 1 1 1 3 1 2 1 0 2 2 6 3
6 3 7 6 4 3 3 1 9 3 1 3 8 4 10 1
4 7 3 5 7 6 7 1 2 6 2 4 2 2 6 2
4 2 3 5 8 7 6 7 0 3 2 4 6 6 9 4
