-9 -13 -14 -10 -4 -14 -25 2 -3 -11 -12 0 -2 -3 -7 -6
-3 9 -1 -6 -21 1 -32 1 4 -13 -11 -17 -7 -13 -16 -8
-17 -26 -21 -20 -12 -21 -4 -1 -11 -5 -20 -23 3 -7 -10 -9
-25 -11 -7 7 6 9 11 3 9 -10 8 3 11 -12 -3 2
-3 15 2 -9 -7 -8 -7 -6 7 1 4 -19 -6 -2 -9 7
-3 -15 1 0 8 2 -9 13 -5 -3 -19 -6 -6 3 -2 -21
-2 -14 -16 0 -5 -3 -30 -28 9 -9 -15 -27 -11 -15 6 1
-10 -9 -1 -9 -14 -17 -14 -23 -24 -27 -4 0 -3 -27 -9 -19
-15 -20 -16 0 2 -21 9 -8 4 -11 0 -21 -6 -15 -23 -24
-9 4 -16 -30 -10 -13 -5 19 10 -4 -4 6 -1 28 12 -7
-12 -8 -7 -5 1 -7 -11 -7 -8 -6 -15 4 2 9 8 -7
-2 -4 3 -6 -10 -2 -8 0 -5 -7 -4 -1 11 -3 -11 -12
-1 3 5 8 -4 -7 -3 2 -4 0 -9 15 -3 1 -12 -5
5 -9 -6 1 -7 -11 -10 -2 -3 2 -5 -9 -4 -26 4 0
2 4 -14 1 -6 -5 2 6 10 -10 1 0 2 10 -9 -9
3 -6 -12 -17 -14 -3 6 -16 12 3 16 6 -6 14 5 -10
