0 3 7 4 16 9 2 0 14 1 9 4 10 5 0 0
0 2 1 10 5 17 0 0 1 5 3 9 4 1 0 1
9 4 14 16 0 0 20 0 8 0 0 11 7 6 0 5
0 0 10 19 0 2 9 4 0 25 0 2 2 0 0 17
11 21 6 0 10 18 1 0 3 16 41 14 6 2 25 6
4 19 0 14 2 1 7 0 21 7 0 3 1 4 8 0
11 0 9 14 5 4 5 0 9 5 5 29 0 13 21 32
8 0 4 8 3 9 6 16 11 0 3 13 1 0 6 2
18 16 6 0 14 3 6 0 39 35 29 1 6 14 0 0
10 1 15 13 8 19 2 4 0 2 4 1 3 15 4 0
10 7 2 4 0 19 5 12 21 0 21 5 0 4 9 19
3 10 0 1 5 0 13 2 0 3 3 12 7 16 1 1
0 17 9 7 16 0 16 6 10 16 15 9 0 29 4 7
5 8 1 38 9 4 5 6 2 6 21 7 9 6 11 6
0 28 10 6 4 0 0 12 0 8 6 4 15 0 4 53
3 0 36 7 12 5 0 8 0 0 0 14 8 1 1 10
