5 82 34 0 24 30 7 0 78 23 34 10 50 16 1 72
1 28 0 3 0 36 5 1 9 0 31 44 36 21 0 0
50 17 25 24 1 8 0 37 43 33 36 27 1 0 3 46
38 40 51 0 0 30 0 0 6 35 34 16 39 7 20 57
29 44 1 0 9 23 32 5 22 29 41 12 30 0 61 21
38 42 31 21 20 60 0 26 0 31 7 12 1 8 41 0
3 0 51 19 0 34 4 32 7 45 3 27 63 45 20 0
0 45 0 4 14 15 0 14 9 6 59 0 30 6 65 21
9 64 42 2 36 29 18 0 57 25 29 20 56 1 1 60
12 22 0 6 0 29 15 1 22 0 30 41 34 19 2 0
38 20 7 11 1 10 0 42 40 33 58 18 1 0 0 53
29 41 27 0 0 30 0 0 15 12 49 19 30 4 24 48
12 37 1 0 23 32 35 1 19 29 40 3 30 0 61 56
20 36 18 0 19 51 0 2 16 22 29 4 1 24 41 0
0 0 54 13 0 29 10 27 2 43 1 18 53 15 24 0
0 38 0 9 1 32 0 13 2 22 38 1 23 0 47 5
