0 0 77 0 17 30 0 83 0 0 0 0 0 0 0 0
63 11 7 26 21 25 0 39 41 0 0 0 17 0 2 54
0 0 33 0 15 19 43 11 0 0 0 18 0 0 0 0
17 23 0 20 21 11 0 84 54 0 0 0 9 0 0 0
0 0 34 0 17 0 5 13 0 0 0 21 0 0 0 0
5 35 0 19 21 13 0 52 42 0 0 0 10 0 0 27
0 0 67 0 16 58 6 26 0 0 0 24 0 0 0 3
0 5 0 14 21 7 0 60 45 0 0 0 32 0 0 26
0 0 39 0 14 7 23 0 0 0 0 21 0 0 0 0
13 27 0 20 21 14 0 59 40 0 0 0 37 0 0 30
0 0 39 0 17 19 0 40 0 0 0 0 0 0 0 0
0 12 0 33 21 13 0 56 41 0 0 0 14 0 3 33
0 0 7 0 15 0 8 15 0 0 0 19 0 0 0 1
12 21 0 19 21 12 0 55 41 0 0 0 20 0 1 0
0 0 121 0 15 104 13 0 0 0 0 19 0 0 0 0
20 22 0 20 21 21 0 51 38 0 0 0 20 0 2 35
