1 0 35 0 0 0 22 0 0 0 2 0 0 0 0 0
0 0 23 0 0 0 0 0 0 0 0 0 0 0 0 0
8 0 0 0 11 0 0 0 0 0 0 0 0 0 0 9
17 0 0 0 0 3 0 0 0 0 0 10 0 0 0 0
2 0 19 5 0 0 0 0 0 1 0 0 0 0 0 0
0 0 0 1 0 0 0 0 0 0 2 0 0 0 0 0
0 0 0 0 20 0 0 0 0 3 0 0 0 0 0 4
0 0 0 0 0 0 0 2 0 0 0 0 0 0 0 0
0 0 0 0 0 0 4 0 0 2 0 0 0 0 9 0
0 0 0 0 0 0 0 1 0 15 0 0 0 0 0 0
0 0 1 0 6 0 0 0 2 0 0 1 3 0 0 0
0 0 2 0 11 21 0 0 0 0 0 0 0 0 0 0
0 0 8 0 0 0 0 0 0 0 4 0 23 0 0 3
0 0 0 0 0 0 0 0 0 0 0 0 0 13 0 0
0 0 0 18 4 0 6 0 0 0 0 0 0 0 0 0
0 0 0 0 0 0 0 0 0 11 0 0 20 0 0 0
