8 2 1 5 5 2 0 0 2 2 9 0 1 3 3 7
0 6 0 5 1 11 2 2 0 3 1 0 1 4 0 4
2 2 1 0 2 4 0 7 1 1 2 1 0 3 2 3
2 2 5 3 3 2 5 8 2 2 21 0 2 1 10 4
3 0 3 4 1 3 0 1 3 8 7 6 5 4 1 4
1 3 0 5 1 1 1 0 2 1 1 4 15 0 1 3
3 0 0 1 12 1 3 1 5 0 6 6 9 2 0 5
1 7 4 1 1 0 1 1 9 1 1 4 3 4 4 1
1 0 6 9 1 3 6 5 10 4 1 18 1 3 2 0
2 13 0 0 1 0 1 2 2 2 15 0 1 1 7 5
3 2 1 0 3 1 3 1 0 0 1 0 2 3 0 0
6 1 0 5 2 1 5 3 6 0 8 8 6 0 1 3
1 0 1 3 3 4 3 8 1 1 3 6 6 3 5 8
6 7 1 6 2 3 0 12 7 2 2 2 1 0 2 0
0 1 9 16 7 1 3 0 5 5 2 0 0 8 1 5
2 1 1 1 2 1 1 0 1 1 2 0 1 2 0 4
