18 16 0 0 0 1 17 0 36 0 26 7 0 0 0 0
20 0 15 0 7 3 0 12 16 18 0 0 0 0 5 14
2 3 0 6 0 6 0 24 29 0 2 0 0 0 0 18
0 6 18 6 14 0 0 0 17 0 14 16 0 0 0 10
0 0 7 24 0 75 0 18 20 26 18 23 0 0 0 0
0 0 0 50 0 0 0 12 19 25 0 10 0 0 0 15
0 33 6 0 25 0 9 0 0 0 40 4 0 0 0 43
66 11 2 0 24 0 0 14 21 20 0 0 0 0 54 0
10 6 1 27 0 0 0 9 0 0 21 21 37 48 8 0
24 15 9 6 12 0 0 11 23 0 28 20 19 0 0 7
0 0 1 20 28 106 13 1 0 13 8 13 17 0 45 11
31 61 0 0 8 33 0 44 0 7 0 0 6 0 20 8
0 14 78 7 0 26 0 0 3 4 0 26 0 19 0 23
0 8 21 0 23 0 0 29 0 25 23 9 2 2 5 18
24 29 15 32 0 0 11 0 5 0 29 0 5 36 11 16
1 0 3 0 6 19 4 0 15 0 24 0 20 19 10 24
