26 5 0 14 14 2 0 19 19 12 20 0 9 19 4 42
0 18 7 7 11 9 8 0 18 14 7 6 24 5 3 3
9 2 12 17 2 11 1 19 0 1 13 18 13 2 0 9
3 8 12 2 4 2 3 49 4 10 8 1 1 15 3 24
1 1 5 2 0 0 5 23 18 3 4 1 17 51 9 44
1 6 8 26 0 4 23 10 3 9 15 14 19 10 11 3
14 0 0 6 9 8 2 2 1 17 0 2 13 3 2 13
47 11 18 6 4 13 5 5 21 5 2 15 2 18 4 1
17 2 28 7 31 10 39 9 4 11 9 46 1 4 3 2
4 26 3 12 13 13 5 1 5 7 1 20 10 3 21 5
21 10 4 1 6 1 6 13 4 0 14 0 13 11 2 7
5 8 1 6 27 2 11 3 6 6 22 9 18 1 2 64
6 0 3 5 3 18 6 24 16 3 2 9 11 26 3 32
11 0 8 30 7 4 4 20 31 6 5 8 2 22 0 7
1 0 21 16 9 20 2 2 13 16 5 2 28 12 6 3
5 4 15 2 9 6 14 6 13 34 4 1 6 2 8 5
