30 0 39 7 15 31 24 49 13 0 9 0 30 20 5 30
23 33 53 115 17 5 26 0 0 0 2 0 26 6 26 1
0 8 12 0 83 0 0 34 32 0 0 21 0 44 0 0
0 0 0 0 28 42 0 0 55 0 28 0 0 0 16 1
0 75 0 0 8 0 0 0 31 17 0 0 0 5 10 34
0 0 18 53 0 5 34 45 0 0 24 13 39 25 33 11
16 0 6 24 0 25 8 0 0 0 0 0 90 0 0 0
0 15 22 3 0 15 18 14 0 23 0 42 0 0 0 75
0 45 39 35 0 0 19 8 14 0 11 8 57 1 0 0
10 14 0 5 0 0 18 10 12 28 9 37 0 15 21 26
3 36 0 43 0 21 22 64 0 41 2 4 0 29 0 15
0 0 6 0 0 0 0 0 112 23 0 0 47 0 0 8
1 0 0 0 0 5 23 0 27 17 41 29 76 5 24 0
4 0 43 5 0 0 6 22 0 31 23 11 19 0 17 0
18 19 2 0 0 32 23 41 0 0 0 22 12 30 33 13
18 0 0 18 15 0 9 0 36 16 0 2 4 21 0 0
