14 43 0 2 5 41 0 2 26 30 11 12 9 11 32 21
0 0 32 0 0 0 0 24 0 0 0 0 0 16 0 30
12 0 30 34 1 12 4 34 21 28 1 16 7 54 0 2
3 0 0 0 18 0 10 0 19 17 0 0 0 13 10 33
15 46 0 2 2 46 0 2 22 4 14 7 0 7 32 19
1 0 6 0 0 0 0 41 0 0 0 0 0 19 0 54
12 0 24 34 1 18 2 34 15 27 0 29 15 20 0 8
2 0 0 13 14 0 26 0 12 10 0 1 14 15 17 11
13 45 0 2 2 47 0 2 23 4 14 6 0 5 32 19
1 0 4 0 0 0 0 40 0 0 0 0 0 19 0 55
12 0 26 34 1 20 4 33 14 27 0 29 15 22 0 11
2 0 0 11 10 0 26 0 11 9 0 0 12 16 18 11
11 45 0 2 2 46 0 2 23 4 14 8 1 5 32 19
1 0 4 0 0 0 0 40 0 0 0 0 0 18 0 55
12 0 25 34 1 20 1 33 16 27 0 29 13 21 0 12
2 0 0 13 10 0 24 0 11 9 0 0 14 15 18 11
