12 0 29 0 0 0 23 0 0 0 2 0 0 0 0 0
0 0 27 0 0 0 0 0 0 0 1 0 0 0 0 0
4 0 0 0 6 0 0 0 0 5 0 0 0 0 0 9
17 0 0 0 0 4 0 0 2 0 0 4 0 0 0 0
5 0 14 1 0 0 0 0 0 5 0 0 0 0 0 0
0 0 0 6 0 0 0 0 0 0 2 0 0 0 0 0
0 0 0 0 20 0 0 0 0 4 0 0 0 0 0 0
0 0 0 0 0 0 0 0 0 0 0 0 0 0 0 0
0 0 0 0 0 0 0 0 0 0 0 0 0 0 6 0
0 0 0 1 0 0 0 5 0 19 0 0 0 0 0 0
0 0 1 0 0 0 0 0 8 0 0 3 3 0 0 0
0 0 0 0 2 23 0 0 0 0 0 0 0 0 0 0
0 0 6 0 0 0 0 4 0 0 4 0 23 0 0 0
0 0 0 0 0 0 0 0 0 0 0 0 0 8 0 0
0 0 0 12 0 0 5 0 0 0 0 0 0 0 0 0
0 0 0 0 0 0 0 0 0 2 0 0 0 0 0 0
