6 3 -12 -6 2 1 4 -5 4 -5 3 -3 -1 -2 -5 0
5 2 -1 -3 -3 -4 -2 -4 0 -4 4 -4 -5 -2 -10 -1
0 -2 1 6 6 0 1 5 7 -4 -2 0 2 -5 4 8
1 -7 -1 -5 3 3 -1 2 1 -12 1 1 2 6 5 7
4 5 4 4 3 -1 5 3 15 22 16 13 3 15 7 6
4 -1 3 -4 9 -3 1 10 6 2 -2 -4 -6 0 1 -9
0 -7 -1 4 -4 -7 -7 -4 -4 -7 -4 4 6 4 -3 -2
4 4 -5 -3 -4 5 0 -2 -4 -10 -11 -10 -2 -6 1 -4
-3 -10 -9 -6 2 -8 -1 -11 -7 -1 11 -11 -3 -7 -4 -11
-8 -2 -3 -8 -11 1 -6 2 -3 4 -3 1 -1 -3 -4 -8
-15 -1 1 -4 1 -1 2 -8 -2 -6 -12 1 -2 -4 0 -7
-8 -8 -1 -6 -5 -1 -4 -2 -9 -9 -6 -1 -2 -2 -5 -3
-2 -5 -2 3 -8 -5 -6 -2 -3 -9 -4 0 0 -11 -10 -6
1 -4 -2 -2 -1 -9 -10 -5 0 -2 -10 -5 -4 -10 2 -3
-10 -1 -9 -6 -3 3 -6 -5 -6 0 -3 -5 -3 3 -6 -9
-4 -12 -6 -3 -10 -5 -4 -4 3 5 6 -2 -4 -3 5 -5
