25 6 6 10 10 5 17 0 8 0 0 4 11 0 2 5
1 10 7 5 0 0 0 10 4 0 0 0 12 6 16 0
12 0 0 0 0 19 1 4 0 7 7 0 0 3 3 0
3 7 0 25 0 9 20 2 0 22 14 0 2 14 2 3
30 0 0 0 0 0 8 0 23 3 5 7 10 2 2 7
15 11 0 3 0 0 54 4 0 0 0 9 0 5 0 1
0 0 4 0 0 0 0 0 0 0 3 11 2 1 15 0
0 0 0 5 5 0 0 21 0 45 0 3 8 3 1 14
4 6 1 7 46 35 0 20 17 10 0 2 0 0 10 0
31 34 0 0 7 0 3 14 28 0 4 18 3 0 4 8
13 4 26 4 8 31 7 0 0 0 15 8 18 0 0 16
0 3 17 0 3 1 0 0 0 0 19 0 16 5 18 5
1 55 8 7 2 0 1 8 15 7 0 27 2 2 0 9
7 18 5 0 0 25 0 1 1 0 6 21 0 2 0 14
1 7 1 0 14 0 0 17 0 0 18 0 0 0 2 0
23 35 11 0 16 16 3 0 9 12 0 4 1 2 13 0
