7 1 35 1 32 1 0 10 15 1 0 26 6 4 10 10
0 6 1 1 5 4 3 5 6 11 11 13 9 5 6 5
1 0 1 7 5 15 2 1 4 11 3 3 7 13 0 12
10 4 2 2 16 17 1 25 10 2 1 12 6 1 6 12
4 0 2 3 13 8 1 2 6 5 16 10 19 7 16 3
3 1 2 24 3 0 2 1 5 3 2 6 0 11 1 1
21 0 0 14 9 25 4 0 29 5 6 6 17 2 0 16
11 18 4 7 1 0 5 7 33 1 5 16 25 12 1 1
1 8 14 5 0 4 31 11 10 2 9 23 14 5 25 15
5 31 4 8 3 6 14 26 2 51 2 1 1 6 22 1
21 4 1 1 2 1 3 3 8 18 3 0 7 4 1 1
9 1 0 9 19 3 1 1 6 3 13 13 0 3 1 27
0 5 2 11 0 8 7 9 3 16 4 8 14 5 3 5
4 9 11 8 19 12 8 21 9 5 9 7 1 5 2 4
3 12 1 4 8 2 11 0 3 21 3 1 21 19 1 5
8 3 1 0 1 17 2 5 20 8 2 2 18 7 26 6
