22 55 33 9 2 54 35 0 2 0 56 42 0 2 19 2
49 1 43 51 0 0 49 1 2 2 31 24 0 2 22 2
23 2 68 2 15 2 2 2 0 46 2 41 42 0 2 39
18 1 40 0 3 41 2 2 56 1 3 37 50 0 50 0
26 1 15 20 39 0 26 0 1 20 0 1 31 2 50 33
52 2 2 19 53 1 1 54 2 0 32 5 1 2 1 55
2 2 1 54 11 50 2 0 2 21 0 50 2 59 1 20
1 1 3 2 1 1 0 19 0 26 2 0 1 0 1 2
1 2 26 51 1 2 53 0 1 24 2 0 0 2 1 1
60 31 2 49 0 41 40 14 20 19 2 1 0 27 42 0
3 0 44 2 28 1 0 2 25 2 24 27 50 0 42 51
48 50 46 2 0 2 51 40 45 0 56 1 0 49 0 58
1 51 14 2 61 26 1 38 1 29 20 48 46 1 40 16
52 0 54 0 1 0 30 2 38 2 2 22 1 40 2 46
46 52 2 23 2 0 26 2 1 2 0 2 27 0 3 2
3 58 1 1 2 54 3 0 48 14 1 0 2 45 2 47
