18 7 7 27 5 9 7 5 41 0 8 0 0 17 3 5
2 14 5 0 11 7 44 13 0 2 12 69 6 14 0 0
0 0 5 10 0 0 0 2 0 3 1 2 7 13 9 6
2 4 2 40 19 11 22 2 0 5 2 0 0 20 15 16
0 0 30 43 1 22 11 0 53 12 0 23 3 1 0 5
4 4 2 0 13 8 3 5 8 10 0 4 15 0 0 11
0 6 58 15 3 6 0 3 5 9 3 12 10 6 57 40
0 3 23 4 3 6 15 8 1 0 0 0 0 12 44 8
3 0 0 0 6 8 11 29 20 2 10 15 13 27 9 10
2 4 19 14 4 7 2 0 8 6 0 0 14 7 17 3
12 2 4 10 10 3 21 0 2 1 0 5 0 5 0 7
13 18 6 4 11 10 9 8 9 13 39 3 3 0 0 11
0 0 17 10 6 9 22 4 28 3 8 23 0 22 0 0
0 0 12 18 21 0 16 1 0 13 0 0 0 0 13 5
6 0 0 5 7 8 37 0 1 0 13 2 0 3 4 5
4 0 20 6 3 4 10 0 12 0 12 0 13 8 0 0
