39 0 0 26 10 7 13 14 6 0 10 0 14 0 12 9
14 9 30 40 7 8 4 15 0 0 11 0 3 8 15 2
0 10 6 10 41 0 0 0 11 0 32 34 0 17 4 0
8 0 19 3 0 3 2 0 18 0 0 0 22 0 8 18
0 23 0 0 5 0 8 0 9 17 1 15 0 2 3 13
0 62 0 10 0 2 58 20 3 0 7 3 16 11 11 3
12 11 21 1 8 13 24 0 2 29 0 17 54 1 36 0
0 4 16 3 19 13 11 13 0 41 1 27 0 0 0 15
0 2 41 23 0 9 0 16 22 0 51 5 8 5 0 15
1 11 21 23 0 0 6 0 51 26 17 20 0 4 10 23
6 5 13 31 0 6 9 0 0 42 10 13 13 0 0 27
2 2 9 0 0 0 0 26 1 12 30 14 9 0 19 9
0 21 13 3 0 17 20 13 2 15 1 5 15 33 13 1
0 0 50 8 0 3 3 40 20 14 20 10 14 22 1 17
12 13 0 1 31 0 21 26 0 0 0 29 7 29 27 9
2 4 0 20 4 0 1 14 25 9 2 40 1 28 8 0
