10 14 56 3 5 23 13 19 53 0 0 8 0 24 1 14
16 1 7 4 7 0 38 8 96 4 118 1 47 3 0 0
6 0 10 0 0 31 0 22 0 20 1 5 5 25 5 39
13 7 15 25 7 2 36 3 51 17 12 0 28 0 28 13
1 0 0 15 10 14 19 6 0 0 7 5 4 8 0 20
7 1 8 0 15 17 15 0 11 39 9 1 22 31 0 16
0 18 8 22 7 2 0 2 34 15 12 10 8 39 37 4
0 0 8 5 2 1 18 0 12 0 50 0 13 32 6 5
2 0 23 127 0 5 29 24 6 4 7 0 7 4 7 16
0 13 5 18 10 10 8 1 0 5 0 0 1 4 1 20
31 0 0 8 0 35 55 0 22 13 0 0 0 4 6 1
3 11 0 13 11 16 10 0 0 0 9 0 0 0 11 16
46 2 22 0 0 0 0 50 18 4 51 4 0 27 0 51
0 0 5 2 16 43 9 4 2 29 61 0 0 0 5 1
0 0 0 6 7 3 4 0 16 0 4 3 0 1 9 6
0 2 3 17 8 9 7 0 10 26 33 0 1 0 1 0
