11 19 0 2 0 14 19 0 2 1 0 0 3 0 1 42
39 13 0 36 0 0 0 16 24 0 0 0 19 15 13 2
6 3 0 0 0 57 5 9 0 12 0 0 0 36 10 1
20 4 11 38 0 3 14 9 0 52 37 0 13 0 0 0
14 0 16 0 0 0 10 0 21 35 16 17 28 2 9 47
11 2 9 11 15 0 14 10 0 0 0 28 0 0 0 18
0 21 8 0 1 0 0 0 0 3 5 0 0 14 34 0
18 0 0 6 10 0 0 0 0 27 0 1 0 26 6 44
0 22 0 10 0 42 14 29 27 19 0 17 12 0 12 0
20 0 0 0 13 0 49 27 32 0 34 10 14 0 31 16
0 26 29 0 16 0 6 0 0 0 26 21 16 0 0 7
0 16 12 0 20 0 0 34 0 0 0 0 39 17 0 1
22 19 21 0 4 0 0 22 22 0 0 6 28 17 0 0
0 3 5 0 0 35 4 19 46 0 11 0 0 32 0 0
29 30 15 26 7 5 0 8 0 0 0 0 0 6 10 0
47 22 0 0 13 16 9 0 16 22 0 6 15 7 36 0
