27 9 16 0 2 21 20 2 0 0 0 16 10 5 10 8
42 4 0 17 4 7 0 0 19 10 11 33 0 0 0 0
0 45 0 17 0 15 3 8 7 19 0 31 8 2 52 65
34 13 0 10 15 4 8 18 1 16 0 0 31 19 4 0
2 17 7 6 22 0 8 34 6 5 12 0 0 4 10 4
8 0 7 0 2 0 0 11 3 7 3 35 0 0 20 11
10 1 39 0 0 5 27 15 14 14 1 6 33 32 2 7
0 0 4 0 1 10 16 0 8 0 13 0 49 11 0 0
10 18 17 0 4 6 1 8 58 0 4 0 1 10 0 24
0 1 0 6 12 19 0 0 4 0 100 4 17 26 8 19
9 0 0 9 37 27 5 1 3 52 0 19 0 7 8 14
10 0 13 0 6 49 0 23 3 3 2 0 0 11 13 10
6 0 14 3 7 0 14 13 0 6 13 0 33 12 0 9
14 20 1 6 24 44 18 17 11 0 0 0 0 0 2 25
26 13 40 13 22 19 4 0 0 22 12 24 3 5 43 0
1 7 3 0 36 0 6 5 4 11 12 5 35 1 0 29
