5 7 0 18 0 0 17 6 16 42 15 13 0 0 27 46
0 24 12 22 13 10 22 58 18 8 19 0 4 0 14 25
0 4 0 17 0 20 0 31 6 0 6 23 0 12 0 18
7 5 28 0 13 0 0 0 6 0 11 15 31 40 1 32
0 0 16 43 5 55 0 14 19 0 19 16 0 12 0 0
0 0 1 0 33 19 0 13 26 0 47 9 0 10 0 5
0 7 10 11 44 0 9 14 2 4 127 6 0 0 13 66
59 11 0 0 9 0 0 35 12 3 1 0 0 0 28 0
9 0 0 16 0 14 13 0 17 0 18 22 38 31 3 0
11 9 8 0 8 4 0 16 0 0 22 14 0 13 16 15
0 7 26 17 14 29 16 20 0 19 10 14 9 0 12 19
31 48 40 63 23 31 0 16 12 26 7 0 21 0 9 20
3 0 11 36 0 13 36 39 6 9 0 16 17 76 0 15
11 11 44 0 0 0 18 31 0 6 0 6 29 0 15 14
3 0 22 32 26 10 19 0 23 0 6 11 0 13 0 34
0 0 18 37 0 11 4 0 14 0 29 0 21 13 10 14
