0 5 0 4 0 0 17 0 0 2 25 3 0 0 4 0
0 0 18 0 12 0 4 48 3 10 0 0 0 0 40 3
0 11 0 15 0 17 0 35 19 0 0 0 0 0 0 20
8 0 26 0 16 0 0 2 0 0 20 8 38 21 13 12
0 0 13 14 4 35 0 31 21 0 11 14 0 0 0 0
0 0 0 0 0 7 39 0 21 27 0 6 0 0 0 14
0 19 6 11 0 0 16 0 0 0 65 9 0 0 1 45
64 17 3 0 11 2 0 48 13 2 0 0 0 0 0 0
0 0 3 30 0 0 0 0 0 0 23 16 38 31 14 22
1 5 16 0 18 0 0 20 0 0 20 19 0 3 0 23
0 0 0 18 19 34 17 0 0 21 0 13 13 0 13 7
32 34 10 13 9 33 9 0 9 12 12 0 38 0 0 20
2 12 9 19 0 26 10 1 10 0 0 23 22 39 0 24
0 52 37 0 0 0 12 27 0 0 0 6 18 0 18 28
13 18 18 34 0 6 24 0 23 0 0 0 0 11 7 0
0 0 10 15 6 19 4 0 0 0 21 0 21 3 6 20
