22 0 0 11 23 18 26 24 52 0 0 17 0 25 29 18
1 17 24 3 3 0 18 21 0 19 10 49 6 22 0 0
0 0 14 0 0 1 0 31 0 20 0 0 10 2 7 0
9 18 11 1 0 8 11 24 6 22 27 0 0 34 13 15
13 31 9 23 13 20 0 0 9 2 0 34 12 22 23 13
15 40 22 0 0 18 27 15 2 20 46 23 20 30 22 0
32 4 8 24 0 6 0 10 8 26 17 5 23 0 37 0
0 0 26 31 18 15 0 7 36 0 0 0 3 28 35 30
17 0 0 4 0 14 0 2 12 38 10 0 22 41 20 0
0 22 15 0 19 14 6 3 0 0 36 0 20 16 16 27
34 21 0 28 0 14 7 0 22 16 0 0 0 10 0 0
0 31 17 11 10 51 11 6 0 0 16 21 0 0 0 18
0 0 20 0 0 0 0 5 12 0 35 11 0 19 29 0
0 0 18 20 19 0 54 27 19 32 0 0 0 0 23 18
0 0 0 29 6 17 27 0 13 0 11 7 31 14 3 18
0 3 19 23 0 19 3 0 0 18 23 0 10 0 0 0
