1 1 35 13 42 4 0 4 0 0 6 26 2 0 18 1
0 1 3 1 7 3 7 2 0 18 12 13 4 10 7 7
2 2 0 2 6 1 4 3 4 13 0 7 0 15 4 7
8 3 0 3 19 29 2 12 15 6 9 12 8 2 8 8
2 0 1 1 13 9 2 0 12 7 22 1 0 19 21 6
7 4 0 0 3 2 2 8 2 5 0 11 10 12 3 5
4 0 0 3 15 27 0 0 29 3 6 13 4 3 2 0
3 26 7 12 0 1 3 0 0 2 0 18 26 2 2 4
3 10 2 4 1 1 5 14 11 0 3 10 19 2 29 15
7 32 2 8 1 2 16 27 0 60 5 0 4 10 1 0
2 13 2 1 0 1 1 9 1 18 3 0 3 9 4 1
5 1 0 5 28 0 12 1 4 5 26 13 1 3 0 6
2 5 2 6 3 1 2 9 3 17 5 8 4 3 9 15
6 10 0 6 19 9 0 7 1 17 4 13 0 1 3 4
3 12 2 7 4 1 17 0 9 32 4 1 5 24 0 0
9 3 2 0 2 19 3 1 28 1 2 2 24 9 28 7
