12 18 24 9 6 7 6 8 0 0 0 30 0 42 6 4
0 7 0 14 26 14 10 32 2 13 4 40 7 9 0 0
17 0 1 0 0 8 2 0 5 26 0 4 0 16 33 16
2 0 3 1 11 5 15 1 9 20 5 0 23 0 0 4
8 11 29 11 7 2 25 0 99 60 12 0 0 6 0 0
8 47 24 7 32 2 0 8 40 9 26 7 16 0 0 1
8 0 29 4 3 0 2 36 3 0 10 0 5 0 22 13
23 28 14 9 0 5 6 13 12 1 2 17 0 2 1 8
9 37 3 15 6 0 0 25 4 0 0 32 0 3 24 18
0 3 0 5 3 2 5 1 15 14 4 29 7 0 0 0
4 0 3 0 0 32 11 9 6 36 6 15 6 15 51 12
10 0 3 9 12 45 4 1 11 17 10 5 31 16 0 31
0 5 2 4 12 19 56 0 83 20 3 0 0 13 51 0
4 3 25 5 10 10 0 17 28 10 7 12 38 2 3 8
15 0 36 17 15 31 23 26 0 12 2 0 9 7 17 6
1 2 1 18 0 0 1 15 15 33 11 6 4 0 13 3
