1 10 0 1 0 0 0 6 16 8 15 6 0 0 27 46
11 24 6 8 1 9 14 36 13 4 19 0 3 0 14 17
0 1 0 17 0 3 37 1 15 0 15 23 0 12 0 3
28 5 3 0 5 0 2 1 6 0 7 2 27 40 10 17
0 0 8 18 5 10 0 11 3 12 0 1 0 12 0 0
0 0 1 11 33 19 0 10 3 12 35 2 0 10 0 9
0 5 10 11 18 0 2 14 2 4 81 6 0 0 13 21
9 1 0 0 5 0 0 23 7 17 1 0 0 0 20 0
0 0 3 14 0 14 13 3 17 0 5 8 1 3 3 17
3 12 2 0 10 4 0 2 1 0 0 4 5 4 16 9
0 7 26 3 3 42 1 20 0 2 10 0 9 0 4 14
2 10 40 63 7 2 7 1 2 6 1 0 18 0 3 0
1 12 3 36 0 11 30 29 6 8 0 12 16 55 0 1
11 6 10 0 19 0 3 31 0 6 23 0 6 0 0 14
15 0 4 12 26 10 11 0 1 0 59 6 0 7 8 4
0 0 5 37 19 10 3 0 14 0 10 0 1 13 2 7
