5 1 0 9 0 0 0 6 16 42 12 12 0 0 27 46
0 24 5 18 1 5 22 19 18 0 19 0 4 0 14 25
0 1 0 9 0 1 21 4 22 0 17 23 0 12 0 2
10 5 6 25 10 0 2 0 6 0 9 3 23 21 13 22
0 0 7 22 2 24 0 15 2 6 1 3 23 12 0 0
0 0 1 0 33 19 15 12 26 1 47 0 0 10 0 10
0 8 1 3 44 0 9 14 2 4 79 6 0 0 13 17
2 14 10 0 3 0 0 2 3 21 1 0 0 0 28 0
9 0 6 14 0 14 13 2 17 0 8 10 6 5 13 20
9 12 6 0 10 4 0 2 0 1 0 6 0 5 16 9
0 7 7 3 27 2 2 20 0 2 10 1 3 0 7 19
2 27 39 63 14 0 7 16 7 12 10 0 17 0 7 0
3 40 0 16 0 13 24 39 31 9 0 2 5 63 0 10
11 27 9 0 1 9 15 19 0 6 1 0 14 0 2 11
7 11 1 5 26 3 0 0 6 0 6 11 0 4 10 34
0 3 18 37 5 11 0 0 14 0 10 0 0 13 6 3
