15 16 35 13 2 18 6 14 6 0 0 0 12 2 5 20
24 16 10 4 8 5 4 13 0 0 11 0 14 2 4 2
0 6 4 0 2 0 0 6 0 0 26 0 14 27 4 7
3 0 17 3 0 37 6 6 17 0 1 0 11 0 29 8
0 3 0 0 39 0 8 0 24 5 5 9 0 2 3 5
0 0 9 23 0 1 18 9 1 6 2 4 7 6 6 12
16 83 3 2 8 7 6 0 16 5 0 17 8 0 33 0
0 10 4 10 0 22 19 15 0 25 25 2 54 1 0 18
0 16 25 3 0 9 0 3 5 0 9 9 19 12 0 19
17 3 12 7 0 0 5 5 28 12 15 2 23 7 18 0
3 0 0 7 0 7 2 4 0 3 3 18 13 0 2 2
18 3 18 0 0 4 0 26 2 9 10 9 11 0 13 2
0 15 2 5 0 2 7 13 24 10 16 28 10 28 30 1
0 32 26 10 0 9 3 10 10 28 6 16 2 22 8 0
12 7 21 35 29 0 3 18 21 0 2 8 7 22 10 2
2 0 0 0 18 0 0 11 32 14 13 24 2 24 0 0
