41 0 35 0 30 5 3 14 6 0 0 0 39 18 0 0
24 28 0 76 25 19 17 15 0 0 26 0 16 8 16 3
0 10 6 19 35 0 0 34 14 0 32 2 0 28 4 0
8 0 19 3 28 55 21 0 30 0 29 0 22 0 0 0
0 25 0 0 5 0 8 0 22 7 1 15 0 2 3 25
0 0 2 23 0 0 18 9 3 20 36 14 31 17 6 11
32 0 32 36 8 10 24 0 14 0 0 17 44 0 36 0
0 24 14 10 0 22 20 0 0 0 0 16 9 0 0 37
0 42 0 22 0 9 20 24 1 0 0 0 19 2 0 21
17 12 3 25 0 0 22 0 31 7 35 25 0 4 25 0
3 0 0 11 0 26 18 45 0 3 10 18 13 25 0 9
2 0 0 0 0 4 0 26 112 9 10 0 15 0 4 7
0 21 13 10 0 10 3 13 20 37 19 37 19 0 30 1
0 0 0 0 0 4 0 40 5 28 9 16 14 22 27 0
12 14 0 1 31 0 9 18 0 0 2 29 11 31 6 9
21 0 0 0 4 0 0 14 9 30 2 43 0 0 0 0
