3 8 0 2 0 3 1 0 0 36 18 0 0 0 0 0
25 10 3 0 0 3 2 33 34 32 0 0 2 6 2 12
3 18 0 0 0 0 0 10 5 13 8 29 6 0 0 0
1 3 0 9 11 6 0 1 5 9 0 15 60 25 0 0
9 0 0 0 20 0 1 5 0 2 2 15 0 8 0 1
32 26 11 3 23 20 1 5 7 0 10 8 0 12 13 9
0 3 2 20 0 3 0 11 18 2 11 0 3 9 0 7
0 6 27 0 10 27 14 15 2 0 5 1 0 7 5 0
0 31 21 2 28 0 0 10 0 13 2 38 5 16 5 0
4 7 0 0 10 5 5 0 66 60 0 2 16 20 12 11
2 5 4 0 7 6 11 5 36 0 3 2 0 15 6 8
20 2 20 3 3 16 4 30 0 10 20 16 0 2 4 4
9 14 33 9 4 5 0 17 37 0 0 31 3 0 19 4
5 0 28 0 9 0 23 1 1 0 11 0 4 0 0 2
0 17 0 0 0 2 6 0 0 0 2 0 7 0 0 10
18 17 11 0 12 0 0 0 21 0 0 0 16 45 0 4
