4 8 17 19 0 10 0 1 0 61 18 0 0 1 3 0
4 10 3 1 0 9 3 28 0 7 2 2 2 0 5 4
0 8 0 0 0 0 0 35 1 0 8 0 6 0 7 0
9 4 0 8 5 1 0 8 5 21 0 7 25 10 0 0
7 0 0 0 0 0 1 9 0 2 2 17 9 12 0 10
32 26 4 3 49 1 15 5 0 0 17 11 0 24 13 11
0 1 0 25 0 2 7 4 14 2 14 0 3 6 0 4
0 6 2 0 8 0 6 11 0 3 0 0 0 7 4 0
0 0 0 6 20 0 0 17 0 4 10 16 4 0 16 0
7 2 0 0 9 6 2 12 9 3 4 0 21 14 4 8
5 10 11 0 0 10 11 0 51 0 2 6 0 13 2 0
4 5 1 4 10 8 2 30 0 2 20 5 0 12 3 0
2 8 48 0 4 1 1 35 26 0 0 40 0 0 0 5
3 0 1 0 9 0 25 1 4 0 3 0 3 1 0 2
0 1 0 0 0 15 6 0 0 0 1 0 1 0 21 5
1 17 3 0 10 0 0 0 0 0 0 0 12 7 0 4
