2 1 0 0 1 2 1 0 1 0 1 1 1 1 0 0
0 0 0 0 0 0 0 2 0 6 0 0 0 3 0 8
9 0 29 17 0 5 4 1 3 1 4 3 2 7 0 38
2 0 0 1 1 0 1 0 0 0 0 0 0 0 1 2
0 0 0 0 0 0 0 0 1 0 0 0 0 0 1 0
1 0 0 0 0 0 0 2 0 0 0 0 0 0 0 16
11 0 24 25 0 4 2 3 2 2 2 0 2 3 0 58
2 0 0 0 0 0 1 0 0 0 0 1 0 0 0 0
0 0 0 0 0 1 0 0 0 0 0 1 0 0 0 0
0 0 1 0 0 0 0 2 0 0 0 0 0 0 0 15
11 0 25 25 0 6 3 4 0 1 3 1 1 5 0 56
2 0 0 0 0 0 0 0 0 0 0 0 1 0 1 0
1 0 0 0 0 0 0 0 1 0 0 0 0 0 0 0
0 0 0 0 0 0 0 2 0 0 0 0 0 0 0 15
11 0 25 25 0 6 2 3 2 1 1 0 0 6 0 54
2 0 0 0 0 0 1 0 0 0 0 0 0 1 0 0
