10 13 1 0 0 10 26 0 21 47 35 25 13 0 2 0
0 19 14 0 13 7 0 0 21 5 2 32 19 18 23 27
12 36 35 14 21 0 0 0 27 0 0 32 8 1 29 45
0 0 1 16 11 4 17 28 9 17 24 35 0 0 23 14
0 46 25 31 11 0 18 0 0 20 16 11 21 4 19 1
4 8 6 11 36 16 7 0 10 4 22 8 0 0 0 0
0 3 23 21 21 25 13 0 28 28 4 1 27 12 6 26
18 7 1 0 12 4 24 3 0 0 31 23 32 0 0 34
16 0 0 14 18 0 35 0 15 4 3 0 0 8 0 22
0 11 35 0 25 0 5 5 33 27 0 35 18 20 2 0
18 0 0 0 0 0 37 1 1 0 0 13 24 18 25 32
1 4 15 23 31 0 3 3 0 4 0 16 16 6 20 35
0 20 0 17 0 34 25 0 24 15 24 0 0 2 37 4
11 31 31 28 6 8 23 0 31 16 17 35 12 10 14 0
0 5 0 8 22 0 0 23 0 5 10 22 9 12 28 17
3 25 31 19 30 19 0 26 0 0 0 21 0 19 20 28
