0 2 0 9 2 7 6 4 0 0 0 0 9 8 17 33
9 4 0 0 24 50 0 0 4 3 18 12 0 6 0 0
13 31 0 6 0 4 1 8 3 6 0 0 61 14 59 27
8 18 15 3 0 0 0 0 0 0 0 4 0 11 22 25
14 4 0 0 10 2 0 0 47 0 20 0 6 5 3 60
13 0 14 0 10 0 0 7 11 2 6 30 4 0 0 3
6 15 10 72 0 0 16 9 2 1 11 17 24 15 0 11
4 2 4 0 8 12 0 17 27 0 15 0 0 6 0 0
22 0 0 0 54 14 5 11 58 0 13 0 2 17 0 5
0 24 0 7 8 0 0 2 10 0 17 0 3 26 2 0
10 4 0 7 0 2 0 10 8 24 0 11 2 17 0 1
0 0 21 6 5 15 0 8 1 3 2 0 0 15 1 1
0 11 1 2 0 10 2 7 15 7 9 0 0 7 0 12
46 17 20 5 0 3 1 0 0 0 0 0 0 0 30 9
7 0 6 6 27 9 15 0 0 34 32 0 0 2 0 11
6 4 0 14 0 0 5 13 3 11 0 2 8 3 2 22
