8 34 0 15 10 12 1 0 0 1 0 6 10 2 3 13
9 37 2 9 6 41 7 5 21 0 3 5 0 15 13 3
0 7 5 0 18 2 17 23 8 2 0 9 5 0 10 12
8 6 18 5 1 13 10 0 0 14 33 14 1 6 0 0
10 13 0 0 3 6 21 14 5 7 2 0 5 15 4 11
8 3 26 0 2 4 0 0 0 0 10 7 5 0 2 0
23 41 10 10 26 0 7 4 10 0 16 0 9 9 8 9
1 15 0 2 67 17 5 11 8 20 0 1 7 13 8 18
2 11 4 13 10 67 7 2 7 0 0 13 6 12 3 10
0 18 4 5 6 13 9 32 0 14 0 15 0 0 0 0
11 7 11 11 4 9 1 0 3 9 0 9 2 0 15 0
0 3 12 1 4 7 6 0 17 9 0 5 11 0 0 14
3 12 5 0 10 6 5 28 36 0 2 27 9 0 0 14
37 11 8 16 2 2 25 23 7 0 0 3 16 1 7 4
6 14 9 13 18 0 26 19 26 4 6 4 0 1 5 0
0 4 0 29 2 3 3 3 0 12 4 2 13 37 2 0
