1 1 0 0 1 1 1 0 7 1 1 0 6 0 0 0
0 0 0 0 0 0 0 1 0 11 0 0 0 3 0 1
1 0 2 0 1 0 1 1 1 1 1 2 1 5 0 36
2 0 0 0 0 0 1 0 4 0 0 0 0 13 10 2
10 1 0 0 4 4 0 0 2 1 0 3 10 2 0 0
1 0 5 0 0 0 0 0 0 3 0 0 0 0 0 5
1 0 0 0 0 7 1 2 15 2 7 4 6 6 0 52
0 0 1 1 3 0 1 0 5 1 2 1 7 15 17 7
7 1 0 0 3 3 0 0 2 3 0 6 10 0 0 0
5 0 4 0 0 0 0 4 0 1 0 0 0 0 0 12
1 0 9 7 0 13 4 1 7 4 16 5 3 0 0 5
0 0 0 11 10 0 3 0 8 31 1 0 2 3 0 6
4 35 0 4 0 35 0 0 21 4 10 5 1 3 3 2
1 1 1 0 0 0 0 3 0 0 0 0 0 0 0 21
10 0 24 25 0 15 1 4 4 2 0 0 0 4 0 2
0 0 0 5 10 0 3 0 7 38 0 0 0 1 0 0
