22 55 36 2 2 54 22 0 2 0 56 42 0 2 18 2
49 1 37 51 0 0 49 1 2 2 31 24 0 2 22 2
19 2 68 2 13 2 2 2 0 46 2 41 42 0 2 39
22 1 46 0 3 38 2 2 56 1 3 51 50 0 50 0
26 1 18 20 39 0 26 0 1 21 0 1 31 2 50 33
52 2 2 21 53 1 1 54 2 0 32 5 1 2 14 55
2 2 0 54 3 50 2 0 2 22 0 50 2 59 1 25
1 1 3 2 1 1 0 14 0 26 2 0 1 0 4 2
1 2 26 55 1 2 53 0 1 31 2 0 0 2 1 1
60 31 2 52 0 41 39 22 20 12 2 1 0 27 42 0
3 0 44 2 29 1 0 2 19 2 24 32 49 0 42 51
48 50 49 2 0 2 51 43 45 0 56 1 0 49 0 58
1 51 16 2 61 27 1 49 1 29 20 48 46 1 40 17
52 0 54 0 1 0 30 2 34 2 2 22 1 44 2 46
46 52 2 35 2 0 23 2 1 2 0 2 27 0 3 2
3 58 1 1 2 54 2 0 48 17 1 0 2 45 6 49
