19 55 26 2 2 54 25 0 2 0 56 42 0 2 16 2
49 1 30 51 0 0 49 1 2 2 31 24 0 2 22 2
24 2 68 2 19 2 2 2 0 46 2 41 42 0 2 39
24 1 49 0 3 40 2 2 56 1 3 50 50 0 50 0
23 1 15 0 39 0 26 0 1 12 0 1 31 2 50 33
52 2 2 21 53 1 1 54 2 0 32 2 1 2 0 55
2 2 3 54 12 50 2 0 2 13 0 50 2 59 1 21
1 1 3 2 1 1 0 7 0 26 5 0 1 0 1 2
1 2 26 55 1 2 53 0 1 31 2 0 0 2 1 1
60 31 2 52 0 41 40 12 20 28 2 1 0 27 37 0
3 0 44 2 29 1 0 2 22 2 24 32 50 0 45 51
48 50 45 2 8 2 51 43 45 0 56 1 0 49 0 58
1 51 21 2 61 27 1 30 1 29 20 48 46 1 40 18
52 0 54 0 1 0 30 2 39 2 2 22 1 51 2 46
46 52 2 13 2 0 28 2 1 2 0 2 27 0 3 2
3 58 1 1 2 54 2 0 44 13 1 0 2 45 2 49
