0 0 0 0 0 0 1 0 1 0 9 0 0 10 14 1
0 0 33 0 0 0 0 0 0 0 0 0 0 1 0 8
8 0 29 16 0 6 4 1 0 0 0 0 0 0 0 0
0 0 0 3 18 0 3 0 1 29 0 0 0 0 1 0
0 0 0 0 0 2 0 0 0 1 11 0 2 7 24 1
0 0 10 0 0 0 0 0 0 0 0 0 0 0 0 16
11 0 24 25 0 4 2 3 9 0 5 0 0 0 0 0
1 0 1 4 17 0 2 0 4 34 1 0 1 0 0 3
2 0 0 1 1 5 1 0 2 1 11 1 5 5 12 0
4 0 8 0 0 0 0 3 0 0 0 0 0 0 0 14
9 0 25 25 0 6 3 6 8 3 11 5 3 1 0 5
2 0 0 0 13 0 0 0 13 36 2 0 1 2 1 10
4 0 0 1 1 3 0 0 0 0 10 0 3 5 13 1
2 0 7 0 0 0 0 6 0 0 0 0 0 0 0 14
9 0 25 25 0 6 2 5 7 5 4 5 3 4 0 6
2 0 0 1 13 0 1 0 11 36 4 0 3 2 0 10
