15 21 0 0 0 12 5 0 0 1 0 16 6 4 0 0
1 47 0 21 20 21 14 5 24 0 0 11 0 6 0 3
8 6 11 0 9 8 17 24 15 0 3 3 0 0 3 0
2 4 10 1 2 21 0 0 0 10 28 11 5 6 0 10
5 2 0 12 13 0 17 17 1 0 5 0 0 17 2 6
8 16 1 0 1 2 0 0 0 0 11 18 0 0 3 8
18 38 0 4 20 0 6 7 18 0 30 7 11 8 10 11
5 26 0 6 24 3 0 8 0 20 0 3 10 13 4 1
3 0 16 3 17 41 9 17 22 0 0 1 3 12 5 19
5 4 1 28 2 13 4 48 0 5 0 19 0 0 0 0
10 10 4 1 5 11 1 8 3 0 0 7 14 0 18 0
0 6 9 17 2 0 12 0 33 9 0 12 1 0 0 4
7 2 10 0 0 2 5 21 39 0 5 21 20 0 0 8
30 11 14 11 5 13 34 45 0 0 0 22 1 14 13 17
8 1 8 3 30 0 20 19 23 3 6 1 0 1 0 0
8 13 0 0 10 3 0 3 0 4 4 16 16 37 10 0
