10 55 29 2 2 54 35 0 2 0 56 42 0 2 19 2
49 1 43 51 0 0 49 1 2 2 31 24 0 2 22 2
19 2 68 2 13 2 2 2 0 41 2 41 42 0 2 39
24 1 49 0 3 39 2 2 54 1 3 48 50 0 50 0
19 1 6 19 39 0 26 0 1 17 0 1 31 2 50 33
52 2 2 20 53 1 1 54 2 0 32 2 1 2 0 55
2 2 0 54 0 50 2 0 2 18 0 50 2 59 1 25
1 1 3 2 1 1 0 0 0 26 2 0 1 0 1 2
1 2 26 55 1 2 53 0 1 31 2 0 0 2 7 1
60 31 2 51 0 41 40 18 20 36 2 1 0 27 42 0
3 0 44 2 29 1 0 2 24 2 24 30 50 0 45 51
48 50 49 2 3 25 51 43 45 0 56 1 0 49 0 58
1 51 24 2 61 27 1 45 1 29 20 48 46 1 40 19
52 0 54 0 1 0 30 2 39 2 2 22 1 43 2 46
46 52 2 14 2 0 23 2 1 2 0 2 27 0 3 2
3 58 1 1 2 54 2 0 48 9 1 0 2 45 2 49
