11 0 39 124 100 12 5 0 33 0 30 0 10 0 0 0
0 8 0 10 68 3 42 41 0 0 22 0 18 0 0 1
0 12 4 0 73 0 0 23 6 2 59 50 0 47 5 0
11 0 0 0 11 60 9 0 49 0 0 0 0 0 0 3
0 27 0 0 41 0 13 0 18 27 0 22 48 0 16 0
0 61 0 10 0 0 38 28 31 0 22 12 11 15 22 11
50 2 51 72 0 47 0 0 16 0 0 12 127 95 58 0
18 2 16 37 57 0 0 50 0 0 0 19 127 0 0 54
0 33 8 66 0 0 20 30 9 14 76 30 0 1 0 2
3 0 9 48 0 22 18 29 52 85 108 57 3 50 29 72
0 8 0 6 0 8 35 39 0 32 6 0 0 8 24 0
1 31 0 0 0 69 0 0 88 5 18 16 19 0 17 0
0 0 0 14 0 46 15 0 3 0 37 42 19 12 11 0
0 8 13 21 20 0 15 3 1 0 94 28 46 73 63 58
10 55 127 0 0 0 0 0 14 0 0 19 23 49 4 0
13 18 0 0 47 0 57 0 0 37 0 0 20 0 0 0
