5 10 0 11 0 0 0 6 16 42 11 8 0 0 27 25
0 15 6 3 1 10 22 17 14 8 19 0 4 0 14 11
0 1 0 6 0 20 0 6 21 0 6 23 0 12 0 1
29 13 7 20 7 0 0 0 0 0 12 4 31 37 1 3
0 0 3 24 0 42 0 3 2 2 19 3 31 12 0 0
0 0 0 46 33 33 22 10 26 32 47 1 0 10 0 8
0 13 5 3 43 0 3 14 1 4 127 6 0 0 13 29
1 0 0 0 2 3 0 15 46 17 1 0 0 0 28 0
9 0 0 14 0 14 9 5 17 0 5 0 4 8 3 23
9 9 8 0 5 4 0 9 0 0 2 3 0 13 14 9
15 7 1 3 43 21 1 20 0 1 7 6 7 0 31 4
3 15 40 63 23 2 0 11 12 6 3 0 20 0 8 7
1 8 14 9 0 13 26 39 20 5 0 4 12 16 0 8
6 33 8 0 0 0 18 23 0 20 0 1 10 0 2 14
7 0 14 1 26 10 10 4 23 0 6 11 0 2 4 7
0 5 15 37 16 10 0 0 8 0 21 0 3 5 2 11
