17 10 28 31 2 7 0 0 15 4 5 0 15 11 25 18
2 23 0 15 30 23 1 13 0 0 6 0 12 14 16 4
0 23 2 14 0 0 0 0 0 0 29 9 4 1 9 0
5 0 0 0 4 60 43 4 3 0 2 0 16 0 30 22
0 4 0 0 7 1 0 0 2 3 9 2 0 0 11 4
0 0 0 2 0 0 10 7 0 8 2 10 0 2 0 23
2 81 29 16 0 37 11 0 21 0 0 3 34 0 19 0
16 5 7 0 0 0 5 24 0 2 44 27 34 3 0 11
0 5 28 3 0 12 0 16 14 0 4 6 35 14 0 32
13 17 0 0 0 5 1 13 27 8 29 7 10 0 19 6
11 0 0 17 0 3 3 12 0 25 2 29 0 1 4 32
5 27 18 0 0 0 0 4 7 16 6 27 15 0 19 6
0 6 10 4 0 22 8 6 27 37 18 38 32 28 56 2
0 0 18 5 0 13 5 20 34 29 8 17 46 16 7 0
19 5 27 8 2 0 8 28 2 0 4 25 2 28 3 24
5 12 0 0 44 0 0 7 34 0 10 33 0 32 1 0
