71 25 44 44 0 23 9 31 0 9 4 38 0 19 1 25
76 2 0 47 8 6 8 14 64 69 16 8 9 13 0 0
17 0 3 0 0 31 3 0 6 18 0 15 0 70 5 4
1 9 11 0 33 40 80 16 22 16 3 63 7 0 0 27
9 17 48 20 4 32 39 0 39 9 29 0 0 11 0 0
16 23 24 4 0 3 0 17 16 3 7 7 31 23 2 4
8 11 27 4 77 48 3 8 0 25 24 0 27 0 36 17
5 43 65 23 0 3 37 0 63 35 44 2 24 0 3 26
110 49 24 74 58 66 0 0 0 0 0 11 0 53 7 19
3 75 4 38 28 1 0 0 22 4 49 6 9 0 0 0
42 0 69 22 0 58 50 1 123 4 29 18 14 127 83 5
103 10 25 18 0 1 18 16 2 4 14 34 14 69 0 0
0 49 12 18 17 3 14 0 5 0 5 14 0 1 21 1
10 1 39 0 12 0 0 17 0 1 19 30 8 30 31 15
17 79 44 5 16 1 22 3 113 0 44 0 24 11 36 13
11 33 15 11 0 0 1 0 5 26 45 14 2 0 3 18
