4 5 0 9 12 0 0 14 6 2 18 0 17 0 4 12
0 14 13 4 2 5 7 13 2 8 0 0 6 7 6 4
1 8 5 10 1 14 9 17 0 1 7 9 9 4 7 26
26 5 5 1 5 12 8 35 4 12 10 0 4 1 4 15
10 0 9 12 3 5 1 2 3 1 6 15 10 16 6 15
12 3 5 17 0 2 7 12 2 1 4 1 13 1 6 3
21 0 0 3 13 1 3 0 2 8 10 9 27 1 2 12
8 5 7 9 4 2 7 24 32 2 0 8 6 14 4 8
16 1 11 12 2 12 28 5 17 3 12 23 1 2 3 0
0 3 5 0 5 6 6 1 3 14 11 6 11 14 17 8
15 10 4 13 1 1 6 6 8 0 0 0 9 6 2 1
18 13 2 13 10 2 4 1 11 2 9 13 4 0 2 21
5 0 5 16 5 9 13 21 5 4 1 25 16 4 14 18
3 7 5 8 0 14 7 32 14 11 13 2 0 12 1 0
0 0 7 2 14 4 7 1 22 10 2 0 13 4 2 2
0 1 3 5 3 0 4 3 0 6 4 0 1 3 1 7
