0 3 3 24 0 8 2 25 0 49 0 0 0 2 0 0
17 0 0 27 0 7 6 0 6 0 23 0 12 0 13 8
0 25 0 0 19 0 0 47 0 3 26 0 11 0 0 0
4 32 0 25 0 16 0 18 0 19 0 17 55 46 0 0
14 26 17 0 7 0 0 31 0 0 0 37 10 12 0 11
0 4 39 29 33 6 0 7 0 1 2 25 0 28 22 3
0 30 0 28 0 10 0 11 33 0 21 0 7 20 0 14
0 14 0 0 0 0 25 13 21 20 0 26 0 0 29 0
0 13 0 3 20 0 0 32 0 29 41 25 13 0 14 0
0 20 0 0 0 11 41 42 9 0 12 3 19 9 34 27
8 0 19 0 1 15 11 66 16 0 8 14 0 13 3 0
14 12 22 0 19 13 0 0 4 49 0 16 0 18 0 14
14 1 42 0 20 11 0 8 33 0 0 53 8 0 29 23
11 0 3 0 23 0 9 0 12 4 17 0 4 0 0 0
0 11 0 0 0 0 16 0 4 0 15 0 8 0 3 13
25 0 13 20 12 0 0 0 13 0 0 0 4 20 0 0
