12 3 0 1 0 14 2 6 2 5 4 0 16 6 0 2
0 0 8 0 0 0 0 25 0 4 0 0 0 2 8 13
4 0 2 3 3 6 4 16 18 0 9 1 6 0 0 0
0 0 0 5 18 0 4 0 16 19 0 5 13 6 10 15
6 9 0 8 4 17 15 5 3 4 4 13 16 1 8 4
4 1 8 0 0 0 0 61 0 32 0 0 0 8 0 11
11 0 8 9 3 3 9 18 13 5 6 15 2 12 0 13
2 0 1 1 4 0 11 0 16 6 1 0 9 1 17 7
3 2 0 0 3 4 18 7 8 4 9 12 0 1 6 2
4 0 3 0 0 0 0 0 0 27 0 0 0 4 0 18
0 0 18 4 1 5 6 9 6 1 18 7 10 3 0 37
4 0 0 11 13 0 2 0 5 11 1 0 11 13 12 16
0 27 0 2 1 37 0 4 24 0 6 13 2 1 10 0
4 0 5 0 0 0 0 19 0 0 0 0 0 14 0 33
11 0 18 11 4 5 2 7 9 0 0 6 5 11 0 18
0 0 25 5 13 0 1 0 14 8 4 0 1 13 8 3
