11 9 36 1 1 35 21 3 0 0 0 37 2 0 0 21
14 3 0 20 1 23 0 7 1 10 22 19 0 0 0 0
0 3 0 15 0 20 6 10 11 29 0 46 43 5 0 3
34 13 27 16 0 12 10 18 14 16 0 32 34 15 7 0
36 14 9 6 8 0 8 6 0 10 7 0 10 2 14 15
14 6 7 0 1 0 0 3 14 10 8 72 14 0 20 10
8 13 68 0 0 4 30 14 3 7 1 28 0 56 21 1
13 3 3 0 11 11 8 0 7 0 13 6 10 11 0 0
36 18 1 0 0 6 10 7 61 0 4 0 4 12 6 8
0 2 0 0 16 7 0 18 9 0 100 0 17 23 4 19
16 17 0 17 0 22 0 4 3 6 0 2 0 6 9 5
50 0 0 0 6 21 0 15 19 3 1 0 0 10 1 10
17 0 2 5 7 10 14 6 0 7 2 0 33 0 0 4
49 17 3 1 21 6 2 17 0 0 0 0 0 0 1 26
0 10 40 11 42 16 0 0 14 18 28 24 3 1 28 6
14 10 6 31 0 0 2 8 5 0 12 2 35 1 30 29
