20 0 0 31 22 3 31 16 0 0 0 0 27 19 0 20
0 27 0 0 24 50 0 0 6 11 18 12 0 0 0 0
16 0 0 6 0 5 26 25 30 6 0 0 61 8 76 27
0 18 25 15 0 0 13 0 5 0 0 4 8 13 22 25
4 16 0 0 35 0 0 0 0 0 33 0 6 21 20 0
13 0 0 0 46 0 0 16 6 19 9 77 0 0 0 29
8 3 46 72 0 8 16 6 20 26 26 0 36 24 0 13
0 5 31 0 14 0 0 43 27 0 11 8 13 15 0 0
22 0 0 13 54 14 16 25 120 0 0 0 0 24 0 21
0 4 0 25 11 16 0 6 0 0 17 16 25 38 16 0
42 8 0 18 0 30 0 5 14 38 0 14 17 0 0 4
0 0 21 6 26 0 0 0 4 18 20 21 16 15 16 9
0 0 0 33 0 10 0 19 23 18 0 0 0 12 0 14
46 50 0 12 0 0 23 0 0 0 0 0 0 0 0 26
3 11 6 16 27 4 0 0 0 5 32 0 0 18 0 32
25 12 22 8 0 0 5 13 22 0 14 22 8 14 4 22
