28 24 0 13 14 0 15 0 5 0 16 0 16 0 3 36
54 19 7 23 0 0 0 0 25 0 0 0 2 14 12 0
0 0 0 0 0 52 3 9 20 18 35 0 0 46 14 2
32 10 14 38 0 32 11 4 0 21 34 0 0 12 8 0
12 0 19 0 0 0 23 0 8 31 16 8 37 1 16 32
1 0 9 27 9 0 2 0 0 0 0 21 0 0 0 16
0 11 26 21 0 0 0 0 0 0 9 0 0 16 24 0
45 0 0 9 7 0 0 0 0 49 0 8 0 13 8 37
0 22 18 9 16 31 0 25 28 9 0 19 0 0 10 0
20 4 0 0 15 0 26 11 2 0 36 0 25 0 22 9
0 19 39 7 8 0 0 0 0 0 14 18 16 0 0 0
0 16 9 0 23 0 0 34 0 0 12 0 0 15 7 1
21 26 20 6 4 0 0 19 8 0 16 18 29 15 0 50
8 8 5 0 0 23 8 13 17 0 3 6 0 8 0 0
27 23 15 25 17 0 0 28 0 0 0 0 0 18 0 0
32 7 19 0 24 20 31 0 13 19 0 31 46 5 49 0
