0 3 24 12 0 32 0 5 5 10 2 0 0 0 0 3
6 0 0 9 0 6 4 0 8 0 2 0 2 2 2 3
0 8 0 0 5 0 21 8 0 0 0 0 4 0 0 0
0 3 0 8 19 1 2 4 0 23 0 18 11 0 0 38
9 2 4 0 4 19 0 8 0 0 0 0 52 7 0 2
0 7 2 3 22 35 10 2 1 0 0 17 1 20 0 9
0 1 23 0 10 6 8 1 0 0 4 0 6 3 9 28
3 3 0 12 0 8 0 5 1 19 1 8 0 0 0 6
0 3 0 16 15 8 0 22 11 0 6 3 4 8 0 0
0 2 0 0 0 18 9 2 2 9 1 7 31 7 10 10
1 2 5 0 4 1 10 12 3 0 1 1 0 30 9 0
9 1 3 10 5 20 0 0 4 20 8 4 0 3 0 1
2 17 3 26 0 2 0 0 17 0 1 1 3 2 5 1
0 0 6 0 2 19 0 10 0 4 11 0 10 0 0 14
0 1 0 0 0 0 7 0 0 0 1 23 5 0 10 1
33 0 3 1 0 0 0 0 11 0 0 0 3 21 5 6
