12 6 0 7 9 0 0 3 9 4 5 0 9 0 1 11
0 15 23 8 6 16 8 11 0 7 0 1 5 9 1 7
4 4 1 11 3 10 0 11 1 3 1 5 8 0 11 15
27 6 15 0 4 6 19 23 10 1 10 0 1 2 15 8
12 0 6 2 1 1 0 1 1 1 8 22 2 12 7 19
0 0 3 14 0 1 1 8 12 1 3 1 9 0 5 13
31 0 0 6 9 1 6 0 0 11 17 3 38 2 0 14
6 3 7 14 1 0 2 18 10 2 1 9 4 2 2 6
2 2 4 12 5 3 32 9 25 7 6 24 2 1 1 0
2 2 10 0 9 2 4 1 2 18 24 0 4 10 26 1
9 9 10 22 4 0 1 9 10 0 0 0 7 7 2 3
12 10 0 16 10 4 2 0 11 1 5 4 2 0 2 31
4 1 3 7 2 7 11 25 2 1 0 21 11 2 2 26
1 0 11 14 0 18 5 31 8 8 23 4 1 11 0 0
0 0 10 4 15 1 0 0 13 5 2 0 18 12 2 6
1 4 1 1 2 2 13 2 1 5 1 0 7 0 1 2
