5 2 1 8 9 2 0 0 4 5 8 0 1 9 2 10
0 6 5 4 3 16 0 9 1 3 5 4 5 11 2 0
0 5 0 4 3 1 4 1 0 1 0 2 1 2 3 6
14 3 3 3 2 9 21 1 10 3 14 0 2 0 8 3
7 1 0 0 2 4 0 1 3 9 5 1 3 22 3 5
4 2 1 2 0 3 5 4 10 1 1 1 17 1 8 15
2 0 0 6 3 0 6 0 1 1 6 2 8 3 0 2
6 10 3 3 7 7 2 13 15 4 2 16 0 1 3 3
8 2 11 11 7 4 2 2 19 2 1 7 3 3 1 4
4 14 8 0 5 1 4 1 2 11 6 8 1 2 8 5
2 6 5 21 4 1 0 1 6 0 10 0 5 4 2 3
8 3 0 2 0 2 5 3 7 0 5 9 6 2 0 3
2 1 1 6 2 9 6 11 11 6 4 12 0 4 6 5
2 7 0 17 1 7 2 5 3 0 8 7 2 4 5 3
0 1 9 12 24 6 1 2 4 8 1 0 15 8 2 5
3 0 1 1 1 1 4 3 2 5 2 0 3 3 1 0
