15 6 4 80 44 13 23 0 0 1 31 22 0 4 19 45
0 12 0 2 24 27 10 0 13 6 12 55 7 3 0 8
9 0 44 0 0 29 19 0 6 9 25 12 0 42 4 10
1 0 0 37 9 0 1 0 9 12 28 0 13 0 0 15
1 24 5 25 10 21 0 3 39 23 13 0 0 2 26 0
16 23 12 1 2 6 0 17 0 0 7 2 31 0 2 4
8 0 44 21 20 43 11 0 42 0 6 0 6 0 26 2
8 23 1 14 0 1 0 4 28 5 16 31 3 0 1 12
17 54 14 53 0 6 9 0 7 0 0 3 0 0 24 21
0 12 4 21 6 1 8 7 22 38 0 25 6 18 0 0
4 0 54 23 0 41 33 21 4 2 14 33 14 2 16 2
45 0 20 8 0 1 3 0 11 14 10 24 13 10 0 0
1 17 9 38 19 26 10 0 5 7 3 14 0 38 25 0
1 1 27 2 5 8 0 16 9 1 8 20 12 8 19 15
7 5 43 1 34 2 22 0 0 0 27 0 5 82 38 13
0 33 39 10 0 0 20 3 48 18 16 13 4 0 8 5
