15 20 0 1 0 5 6 0 2 9 0 11 4 0 22 0
30 9 32 0 4 0 0 0 0 5 0 0 15 12 0 22
4 6 19 13 0 0 0 45 1 0 0 0 32 0 2 20
0 0 0 43 41 23 5 5 3 85 4 21 15 0 4 32
0 44 3 1 4 10 23 0 1 9 69 1 2 18 43 2
8 5 14 2 0 13 36 0 6 27 7 23 0 0 0 0
17 1 27 8 6 2 30 0 28 22 28 7 14 51 31 21
50 5 9 118 17 0 3 11 1 0 11 6 0 0 0 4
2 7 0 0 14 19 1 0 10 6 0 22 4 10 0 22
0 0 14 6 7 0 10 13 11 27 60 4 4 16 6 0
3 11 33 13 3 22 9 4 10 0 0 1 0 14 12 32
0 0 14 10 1 0 21 16 0 16 4 8 4 43 4 30
0 21 44 8 0 2 3 3 26 3 12 3 0 29 11 38
6 0 0 32 3 31 5 0 0 3 4 10 29 7 0 0
0 32 1 5 11 1 0 19 0 7 1 4 5 13 15 0
23 26 12 4 7 7 24 3 12 0 0 4 0 17 9 30
