20 21 8 4 16 2 25 0 0 42 26 25 19 5 0 0
0 10 0 10 5 17 0 0 20 13 0 23 15 17 23 26
21 14 43 16 22 0 21 0 25 0 0 26 17 7 33 13
0 0 11 19 1 4 9 32 16 33 24 37 2 0 25 17
16 13 27 31 21 18 21 0 3 3 41 14 14 13 4 7
7 19 6 26 34 11 7 0 22 12 22 5 1 0 8 0
11 7 9 25 18 23 20 0 11 37 6 29 21 13 21 39
27 21 19 8 1 3 26 0 11 0 31 25 31 0 6 32
8 16 6 13 20 3 29 0 39 35 29 0 0 32 0 22
10 0 20 27 28 19 9 15 33 31 4 34 29 23 4 0
10 7 2 4 3 19 30 21 21 0 21 26 24 22 0 37
3 10 15 20 32 0 13 20 0 31 19 10 18 47 20 12
0 27 9 16 16 34 11 18 16 0 19 9 0 30 37 10
0 34 33 63 15 13 6 8 36 23 22 28 22 17 17 6
0 36 0 6 13 5 0 21 0 0 7 31 20 0 25 53
3 33 44 12 16 17 0 26 0 0 0 10 8 17 27 36
