0 12 2 10 0 30 0 1 0 6 0 0 0 0 0 3
8 0 63 8 2 1 8 0 22 0 10 0 5 6 1 9
0 0 0 0 0 0 21 31 0 0 3 21 11 0 21 0
2 0 0 22 19 1 0 1 0 5 0 2 3 37 0 28
14 4 4 0 7 21 3 9 0 0 0 28 66 7 0 3
0 7 3 2 32 35 13 5 5 0 0 21 1 25 0 4
0 2 23 0 0 0 8 2 5 1 16 0 12 16 0 18
0 12 5 12 0 8 17 4 1 22 0 16 0 16 6 4
0 9 10 10 3 1 0 35 2 13 16 32 6 0 3 0
0 3 0 0 0 9 9 6 22 21 1 2 21 4 13 11
2 18 4 0 2 0 1 4 22 0 2 9 0 27 0 65
0 0 14 13 4 10 2 0 4 28 17 2 0 1 0 4
20 31 25 19 0 0 0 14 2 0 3 24 4 0 4 21
0 0 0 0 1 0 2 12 1 0 13 0 12 0 0 14
0 14 0 0 0 0 16 0 0 0 2 24 10 0 10 7
30 0 6 5 0 0 0 0 13 16 0 0 5 28 2 0
