2 53 0 17 20 12 15 0 0 1 0 10 9 4 0 0
0 6 0 7 16 43 30 8 29 0 40 6 0 20 7 4
8 8 2 2 17 34 19 26 7 9 20 13 32 0 0 0
1 10 1 5 6 4 6 0 2 11 26 12 1 6 0 0
8 20 0 5 17 39 26 6 3 18 9 7 5 4 4 2
7 19 37 0 32 2 0 0 0 0 17 26 5 3 3 8
14 0 0 12 26 13 7 5 1 0 18 23 28 20 19 3
24 12 0 1 83 4 4 14 27 0 0 5 7 8 12 3
3 5 8 11 5 65 9 0 22 0 0 10 14 21 25 8
0 39 15 1 3 10 5 63 0 15 0 35 0 0 0 0
11 2 33 5 20 0 1 2 10 49 0 0 12 0 15 2
0 6 11 11 10 8 9 0 39 9 11 0 12 0 0 6
9 9 23 0 0 10 22 28 36 0 16 19 29 0 0 14
38 18 11 25 11 7 58 8 20 0 0 17 32 0 28 0
2 29 6 7 17 0 30 18 30 17 6 3 0 3 0 8
21 0 24 21 7 3 12 1 0 18 9 13 7 27 0 0
