0 1 8 13 0 7 0 24 5 52 0 0 0 0 0 0
25 0 0 25 0 0 10 36 0 0 27 0 13 10 15 9
0 31 0 0 6 0 0 47 11 7 0 0 11 10 8 0
2 31 0 12 8 18 0 17 2 37 0 26 62 47 0 0
1 26 15 0 7 0 0 28 0 0 0 33 18 9 0 14
0 35 34 29 48 27 0 10 1 0 0 32 0 25 0 13
0 29 0 1 0 6 0 14 31 1 0 0 3 12 0 11
7 18 0 0 0 0 7 16 22 18 0 19 0 0 20 0
0 0 0 10 7 0 0 36 0 9 30 17 16 0 21 0
0 23 0 0 10 26 57 38 10 0 14 3 0 14 31 33
11 1 15 0 6 11 0 43 21 0 20 15 0 12 25 0
20 12 33 6 20 15 0 0 0 46 0 17 0 9 0 10
13 32 30 0 20 10 0 33 39 0 1 27 5 2 21 23
15 0 0 0 20 4 0 0 10 0 30 0 0 0 0 0
0 0 0 0 0 0 15 0 0 0 21 0 24 0 10 11
10 0 16 20 10 0 0 0 4 0 0 0 5 14 0 26
