0 6 7 4 16 0 7 0 19 1 9 1 9 5 0 0
0 9 0 2 3 16 0 0 1 0 0 9 4 3 0 3
4 11 15 16 0 0 13 0 8 0 0 10 17 6 2 5
0 0 10 2 1 2 8 15 1 12 0 6 2 0 2 12
2 14 9 0 6 18 3 0 3 25 41 8 2 7 0 6
9 9 0 8 2 5 5 0 17 12 0 5 1 10 8 0
11 7 5 16 6 2 1 0 4 5 5 29 4 10 21 39
2 1 1 8 0 1 11 19 7 0 2 1 1 0 6 1
18 16 6 9 10 3 6 1 37 35 19 0 6 14 0 0
9 0 15 27 4 19 1 9 1 6 4 1 5 1 4 0
10 7 2 4 2 14 4 18 14 0 20 0 0 5 17 34
3 4 9 4 1 0 13 3 0 15 16 3 18 46 4 23
0 11 5 1 15 2 16 14 13 19 15 8 0 24 3 8
9 0 3 41 5 13 0 4 4 2 9 7 14 16 2 2
0 36 10 0 4 1 1 5 0 6 7 6 20 0 2 51
7 16 32 10 5 2 0 7 0 0 0 14 8 0 5 13
