26 0 10 6 21 20 26 24 20 0 0 19 0 0 29 5
5 18 22 3 11 0 17 15 0 22 0 39 13 29 0 0
0 0 16 0 0 1 0 30 0 20 0 0 0 9 15 3
17 18 11 0 12 2 0 20 3 6 23 0 0 35 0 14
11 30 0 7 16 26 3 1 16 0 0 29 0 23 23 29
34 26 22 0 7 28 7 20 9 37 23 16 24 31 22 4
32 9 26 23 6 0 0 2 0 19 19 13 18 0 9 3
1 0 0 32 19 29 4 10 4 0 0 0 0 26 10 19
21 0 0 0 12 18 6 0 2 38 10 0 21 4 21 3
0 24 6 3 29 16 0 0 7 18 36 0 23 19 9 27
32 0 0 0 0 19 0 0 27 1 0 12 0 11 0 0
0 25 17 11 11 42 17 0 0 0 17 3 0 0 0 24
0 0 26 0 0 0 0 0 5 0 9 23 0 14 29 0
0 0 15 26 7 0 17 35 17 21 0 0 0 0 22 18
0 0 0 26 0 18 10 0 18 0 18 12 31 31 0 18
0 6 26 25 0 32 3 0 0 24 0 0 10 0 0 0
