0 17 0 7 0 0 17 0 0 0 4 5 0 0 0 21
0 9 18 19 14 20 0 75 4 0 0 0 0 0 0 14
0 3 0 11 0 0 0 25 27 0 0 0 0 0 0 19
36 18 21 20 6 0 0 0 6 0 23 19 0 3 0 35
0 0 13 19 5 13 0 17 21 2 0 13 31 0 0 0
0 0 1 46 0 52 22 3 0 32 0 10 0 0 0 13
0 20 5 8 1 0 12 0 1 0 0 0 0 0 0 37
58 11 0 0 11 3 0 20 58 20 0 0 0 0 0 0
0 0 0 30 0 0 4 5 0 0 23 22 34 23 0 23
2 0 16 0 3 0 0 25 0 0 24 11 0 0 2 24
15 0 25 14 57 50 17 0 0 20 3 20 16 0 43 23
34 33 0 0 0 33 0 5 0 20 4 0 1 0 1 13
4 8 25 27 0 26 10 0 26 14 0 20 5 60 0 23
17 44 36 0 0 0 0 54 0 26 0 7 19 0 13 28
10 0 8 31 0 0 9 4 0 0 0 0 0 15 4 41
0 5 3 0 16 21 4 0 6 0 8 0 24 18 8 25
