53 13 52 34 0 8 21 14 73 0 0 18 0 4 15 29
73 4 0 4 8 42 20 26 20 34 19 0 30 9 0 0
38 0 12 2 0 26 8 0 0 26 16 12 4 43 44 17
4 15 4 1 13 0 3 4 34 1 1 0 21 0 0 18
23 69 41 6 28 15 24 0 99 60 10 0 0 16 0 0
8 47 10 15 17 7 0 0 40 5 12 2 10 4 0 0
13 0 4 4 19 27 45 33 3 0 45 0 64 0 1 13
10 38 17 32 0 0 61 0 6 27 51 49 19 2 13 10
111 2 27 51 0 95 5 59 7 0 50 33 0 1 29 20
39 116 0 123 26 17 6 16 10 22 33 3 39 0 0 0
35 68 65 0 0 31 22 41 121 19 6 69 4 127 49 2
101 2 38 1 12 2 3 16 34 6 12 65 29 1 0 0
34 5 24 15 13 29 80 0 87 27 4 3 0 2 15 0
2 3 25 24 20 10 0 0 28 6 18 20 59 19 17 2
19 10 4 8 14 34 19 26 0 0 28 0 94 13 13 6
15 6 105 60 0 67 126 75 28 14 88 6 32 0 0 3
