19 12 0 8 0 0 17 0 1 29 29 13 0 3 0 0
8 7 18 25 9 18 7 16 5 11 10 0 0 0 0 24
0 4 0 5 0 8 30 31 14 0 9 0 0 0 0 20
34 0 17 0 3 0 10 19 6 0 21 16 15 7 0 26
0 0 16 38 2 59 0 26 21 1 19 15 9 0 0 0
0 0 0 35 0 0 0 11 4 21 0 8 0 0 0 2
0 20 0 1 31 0 9 0 0 1 81 0 0 0 0 42
61 11 0 0 10 0 0 25 29 34 0 0 0 0 12 0
0 0 0 30 0 2 0 20 0 0 23 19 45 39 4 16
2 18 12 0 18 0 0 6 2 0 28 17 0 7 0 21
0 3 6 17 12 54 19 0 0 20 0 11 0 0 13 7
32 63 8 0 6 33 9 2 6 11 3 0 6 0 7 18
0 35 35 5 7 21 11 24 4 0 0 27 0 14 0 20
0 27 38 0 0 0 13 18 0 0 0 23 23 0 10 28
8 7 20 32 0 0 11 0 25 0 54 0 0 13 6 4
0 0 7 0 9 17 4 0 0 0 22 0 22 8 3 19
