12 5 0 4 7 1 24 2 5 22 3 13 16 0 6 21
0 0 1 0 0 0 0 22 0 14 0 0 0 16 0 23
4 0 3 19 1 26 2 32 22 28 1 17 15 54 0 5
5 0 0 4 0 0 7 0 18 19 0 0 0 14 8 18
5 19 0 3 3 13 4 14 21 35 15 11 0 5 23 20
6 0 16 0 0 0 0 37 0 0 0 0 0 11 0 47
6 0 49 28 2 17 2 31 13 28 0 17 2 19 0 19
2 0 0 9 18 0 25 0 17 7 2 11 3 7 4 9
13 47 0 2 4 40 0 2 19 6 21 4 4 4 32 18
2 0 3 0 0 0 0 39 0 3 0 0 0 19 0 65
11 0 46 34 1 27 13 33 0 27 11 32 10 0 0 65
2 0 0 7 0 0 22 0 12 6 0 0 13 0 0 5
8 47 0 2 4 41 0 2 16 4 16 13 8 5 30 20
1 0 8 0 0 0 0 40 0 0 0 0 0 19 0 55
12 0 28 34 1 9 0 34 10 30 1 32 6 18 0 60
2 0 3 14 13 0 25 0 12 10 1 0 12 0 0 3
