21 3 3 7 21 4 0 11 9 1 19 1 8 12 13 11
0 26 15 7 1 11 7 1 10 8 6 7 13 18 4 6
1 1 1 13 1 13 2 7 0 5 8 10 8 8 7 14
16 5 8 1 6 11 6 41 12 13 7 1 1 2 10 19
7 0 5 7 5 0 0 1 1 3 7 15 18 23 1 18
5 2 4 19 0 0 7 11 3 4 6 3 3 1 10 1
33 0 0 10 11 0 5 1 5 8 6 5 17 2 4 15
12 6 14 10 15 1 3 7 41 4 3 23 6 7 2 5
18 4 25 8 14 5 23 6 15 0 10 31 1 3 3 1
3 3 4 1 17 2 4 2 3 21 11 10 7 12 17 7
12 6 5 1 3 0 3 7 17 0 4 0 15 18 1 4
14 4 1 23 23 1 8 0 12 7 9 9 4 4 8 28
4 1 0 20 5 27 13 29 7 5 2 27 17 4 1 24
6 0 12 3 1 12 3 37 9 16 11 1 0 11 5 1
0 0 11 2 38 15 4 1 23 19 6 0 5 15 3 9
6 3 1 2 9 0 7 12 7 15 1 6 8 9 1 2
