0 16 0 24 11 39 13 0 0 0 0 3 26 36 35 0
26 26 5 38 5 13 19 40 15 36 7 8 0 12 42 34
4 54 25 1 10 46 0 15 4 34 36 32 31 7 0 26
28 1 0 2 5 33 9 0 36 26 17 8 9 0 0 0
14 18 0 21 0 29 0 1 14 12 42 7 0 47 0 27
1 62 3 0 4 24 0 0 0 0 31 0 27 43 3 0
47 12 0 6 21 0 0 48 33 6 5 12 9 31 5 1
0 8 0 25 10 16 14 41 80 8 0 36 0 6 13 3
17 31 11 21 0 15 29 0 5 0 0 16 22 6 14 0
9 43 38 8 4 4 12 7 21 12 0 15 10 0 0 0
10 30 28 3 17 1 15 36 27 21 0 30 19 0 3 0
0 58 10 53 2 4 15 17 4 0 14 20 16 47 0 14
13 32 30 0 0 8 2 0 35 0 14 10 0 0 6 0
10 28 22 15 26 14 28 0 1 0 0 46 5 18 0 29
1 3 19 44 15 0 0 0 34 38 0 12 0 27 6 22
32 0 47 11 31 4 6 21 0 15 10 11 0 41 4 0
