22 12 0 34 21 24 27 23 24 0 0 18 0 22 27 0
23 19 22 0 0 0 12 26 0 18 0 28 1 21 7 0
0 0 19 0 0 0 0 31 0 20 0 0 12 9 10 0
5 10 14 4 0 11 7 7 10 12 29 0 4 31 0 2
11 31 8 18 12 23 0 0 0 0 0 24 31 20 23 17
40 25 30 0 11 20 31 14 4 24 11 26 23 31 15 0
28 9 5 28 0 0 0 16 0 29 16 12 19 0 24 1
13 8 19 29 23 28 0 23 16 0 3 0 0 17 27 26
22 0 0 0 0 10 1 4 3 36 6 0 23 14 18 0
0 20 9 0 15 15 7 0 3 0 37 0 20 14 19 25
34 0 0 10 0 17 0 0 27 0 0 12 0 10 0 6
1 34 22 17 17 44 13 6 0 0 8 2 6 0 0 17
0 0 24 0 0 0 0 7 0 0 37 3 0 25 30 0
0 0 19 35 14 0 33 28 14 39 0 0 0 3 13 19
0 0 0 29 15 11 5 0 13 0 16 12 30 29 12 18
0 10 17 26 1 26 0 0 0 22 0 0 10 15 0 0
