23 7 16 7 12 7 1 8 53 0 0 0 0 5 2 3
25 2 4 1 1 7 1 6 0 1 24 38 3 23 0 0
0 0 0 13 0 0 0 7 0 3 1 0 1 9 22 10
12 1 1 40 23 7 21 7 0 10 5 0 0 19 37 23
6 5 22 43 1 4 0 0 43 12 4 3 18 0 0 3
9 19 9 0 18 8 14 7 13 16 0 10 15 0 5 16
0 2 39 11 3 21 0 11 6 9 3 9 10 6 52 43
14 0 48 4 2 4 15 8 8 0 0 0 0 18 32 14
5 0 0 0 1 12 11 3 2 2 10 15 1 28 3 0
2 31 7 1 5 9 20 0 0 5 0 0 15 4 1 1
13 2 4 9 10 1 27 0 5 3 0 10 0 4 0 7
13 18 0 5 5 8 7 9 0 13 27 4 8 0 0 13
0 0 23 10 6 1 22 5 25 3 14 21 0 1 0 0
1 0 6 14 17 0 10 9 2 4 39 0 0 0 8 5
6 0 0 2 29 19 34 0 1 0 13 2 0 0 0 10
4 13 22 9 5 25 27 0 0 18 12 0 16 41 0 0
