0 7 16 9 27 13 27 16 69 0 0 19 0 17 27 5
7 27 25 0 1 7 3 16 0 18 24 69 0 8 0 0
0 0 17 13 0 0 0 24 0 17 1 0 7 24 0 10
4 23 14 40 23 25 24 29 0 0 24 0 0 15 37 0
18 30 30 43 21 22 0 0 53 12 0 31 31 22 23 24
19 43 18 0 0 21 14 17 0 24 0 26 9 31 17 16
32 2 58 13 3 21 0 0 6 24 16 0 13 6 68 43
0 0 48 30 21 23 15 8 3 0 0 0 0 24 45 16
19 0 0 0 6 5 11 3 20 36 0 15 24 32 27 0
2 0 19 14 26 5 2 0 1 5 36 0 9 19 11 24
21 2 4 2 10 16 27 0 24 2 0 10 0 13 0 7
14 16 0 4 15 31 13 18 0 13 41 3 8 0 0 7
0 0 3 10 6 9 22 5 32 3 8 3 0 26 29 0
0 0 14 12 0 0 21 26 23 16 39 0 0 0 23 14
6 0 0 27 38 7 37 0 17 0 5 16 31 31 12 7
4 0 6 17 5 4 27 0 0 14 12 0 24 41 0 0
