40 14 83 31 32 17 0 0 0 1 0 0 35 20 0 0
11 41 0 65 32 45 16 15 0 0 18 0 0 0 29 1
0 23 10 5 37 0 0 34 28 0 6 9 17 1 0 0
10 0 0 0 28 9 64 4 37 0 25 0 21 0 30 33
0 21 0 0 18 1 0 0 15 3 9 11 0 0 0 28
0 0 0 36 0 0 0 1 0 8 37 0 18 22 0 10
20 81 32 53 0 50 21 0 21 0 0 15 74 0 0 0
0 26 18 0 0 11 7 24 0 8 44 9 49 3 0 42
0 30 28 19 0 0 20 20 14 0 12 0 0 14 0 84
20 0 6 25 0 8 27 0 80 22 63 30 8 35 0 0
0 0 0 3 0 27 16 49 0 1 7 0 0 25 0 33
30 27 18 0 0 0 0 0 102 0 6 39 27 0 19 6
0 11 0 18 0 22 9 17 39 87 39 7 42 31 0 3
0 0 18 5 0 20 5 31 34 0 8 3 0 0 37 0
25 16 27 11 10 0 19 0 0 0 0 0 11 82 0 0
16 12 0 0 44 0 0 12 43 26 13 46 0 32 7 0
