8 0 30 34 18 10 0 37 7 0 15 0 53 20 12 0
12 37 40 107 0 18 12 19 0 0 10 0 9 4 28 1
0 2 15 19 70 0 0 34 0 0 0 38 6 30 0 0
0 0 2 0 28 27 31 0 24 0 31 0 8 0 62 55
0 107 0 0 0 0 19 0 10 25 10 2 0 0 0 36
0 37 0 35 0 12 41 40 0 32 23 17 32 22 29 6
17 0 7 22 0 0 4 0 21 2 0 0 74 10 0 0
0 12 18 0 11 36 20 23 0 24 0 54 34 0 0 66
0 106 42 12 0 0 23 16 0 0 24 0 27 12 0 49
0 2 26 0 0 0 24 0 33 5 27 26 0 15 23 18
1 7 19 30 0 24 32 54 0 27 7 10 32 16 0 12
0 9 0 0 0 25 0 0 119 1 12 11 30 0 1 0
0 0 13 18 0 43 3 0 11 39 38 18 60 46 3 0
0 0 50 12 0 6 14 35 0 32 21 0 16 0 23 0
0 32 8 0 0 0 27 39 0 0 0 16 15 32 0 11
18 0 0 0 0 0 0 5 34 7 1 10 0 22 0 0
