24 25 3 12 12 13 19 10 7 11 11 12 6 3 9 12
4 22 12 13 16 11 13 16 7 18 23 23 9 18 26 26
29 28 31 32 19 16 20 25 22 1 15 26 14 33 12 25
40 10 6 9 14 8 16 19 3 3 7 16 11 36 25 8
19 2 17 34 23 15 27 17 22 32 28 40 26 41 30 2
23 0 32 26 2 31 30 11 0 3 14 5 8 8 4 19
9 21 4 9 2 1 7 29 9 14 11 22 13 1 10 5
14 7 0 5 37 6 5 21 39 3 3 5 7 29 21 12
7 2 8 2 9 1 30 1 27 12 24 9 7 6 21 5
7 8 12 31 1 23 8 23 15 16 12 21 8 26 34 8
18 5 23 7 0 7 4 6 2 2 14 7 6 4 14 1
7 17 14 3 6 18 2 17 4 6 8 13 21 18 7 1
4 9 10 9 16 5 2 13 12 19 4 7 7 5 5 7
0 8 13 1 10 14 4 10 15 4 4 1 2 7 4 21
8 3 2 18 11 0 25 32 25 7 12 11 8 11 34 34
26 20 13 18 20 2 7 8 12 1 10 4 3 10 3 3
