7 14 40 6 31 17 0 0 40 1 2 0 20 2 0 3
11 2 29 2 24 45 7 20 0 0 2 0 23 0 25 0
0 23 2 3 29 0 0 1 15 0 12 1 14 27 0 0
10 0 11 0 2 14 60 4 3 0 5 0 21 0 21 7
0 21 0 0 16 1 0 0 8 36 9 11 0 3 0 5
0 33 22 7 0 29 53 34 21 10 12 12 18 3 2 10
20 80 3 6 0 25 10 0 20 0 0 15 24 21 3 0
8 24 5 0 8 24 2 24 0 9 44 32 49 3 0 5
0 14 4 39 0 0 0 31 55 11 8 16 15 11 0 78
0 0 7 13 0 8 13 0 22 5 14 4 8 2 16 3
0 0 0 23 0 7 0 19 0 2 7 0 0 21 0 3
30 27 22 0 0 10 0 0 21 31 40 10 17 0 19 6
0 0 12 17 0 4 8 14 21 62 12 18 23 4 0 3
0 0 13 5 0 15 5 31 24 23 21 3 64 0 4 0
6 42 14 11 10 0 9 12 0 0 0 12 0 62 0 7
1 12 0 0 44 2 0 12 19 26 13 38 67 5 11 0
