0 0 25 17 0 9 0 25 0 6 0 0 0 0 0 0
19 0 63 26 2 15 5 0 10 0 25 0 11 9 10 4
0 34 0 0 19 0 0 59 0 0 3 21 11 0 21 0
8 27 0 27 0 12 0 12 0 11 0 10 47 37 0 10
16 26 19 0 7 21 9 28 0 0 0 28 0 18 0 16
0 16 33 27 34 9 13 10 6 0 0 31 0 46 0 10
0 29 0 0 0 0 0 13 5 0 33 0 3 4 0 10
0 20 5 0 0 0 0 11 21 0 0 19 0 16 21 6
0 0 10 10 26 14 0 0 0 13 37 32 10 0 3 0
0 20 0 0 0 10 37 50 17 21 12 2 10 14 30 25
11 18 18 0 7 20 9 54 20 0 11 0 0 9 0 65
16 14 14 23 18 12 2 0 0 38 0 18 0 15 0 15
0 18 39 7 20 11 0 14 22 0 3 40 6 0 23 21
0 0 0 0 22 0 2 0 14 0 29 0 0 0 0 0
0 18 0 0 0 0 17 0 0 0 15 0 13 0 0 3
16 0 15 15 0 0 0 0 0 16 0 0 11 6 3 0
