39 10 64 39 0 17 36 0 0 19 0 49 0 27 85 38
0 7 0 0 21 0 0 37 46 11 0 51 17 15 0 0
83 0 119 0 0 34 9 0 1 40 0 86 0 30 31 24
11 28 0 0 18 7 38 16 14 21 34 0 22 0 0 38
36 11 1 49 24 27 3 0 28 38 8 0 0 43 4 0
33 79 21 48 0 0 0 0 0 32 5 20 80 24 0 0
23 0 36 6 9 26 38 39 8 0 19 0 10 0 40 10
15 23 23 47 0 0 23 3 14 60 51 32 38 41 5 10
37 3 31 44 0 0 0 0 4 16 0 23 0 3 39 18
0 4 1 4 36 12 12 7 16 7 0 52 10 0 0 0
36 0 53 0 0 30 13 41 8 42 16 83 3 23 6 21
23 9 0 4 0 7 10 16 7 21 22 0 28 1 0 0
32 0 12 48 20 23 43 4 28 3 10 0 0 33 8 0
47 26 20 44 16 6 0 0 0 32 15 19 49 23 4 1
23 0 44 15 11 24 8 26 0 0 33 0 10 18 40 3
8 30 23 27 0 3 2 29 3 47 35 11 38 42 11 20
