2 4 7 4 16 2 8 0 24 1 9 0 10 5 0 0
0 10 0 10 5 10 0 0 1 1 6 9 4 15 0 4
4 24 18 13 1 0 13 0 7 0 0 11 17 6 1 9
0 0 10 6 5 1 6 4 1 11 0 2 2 0 13 17
7 16 1 0 6 18 24 0 3 27 28 14 15 11 28 6
10 15 0 7 2 1 3 0 17 6 1 5 1 9 8 0
11 2 13 16 2 1 4 0 21 1 5 29 3 13 21 34
24 1 2 8 1 7 20 4 11 0 1 7 1 0 6 2
11 6 6 4 8 3 6 9 18 35 10 0 11 20 0 0
5 1 15 22 2 19 2 0 0 3 4 1 6 11 5 0
1 7 2 4 3 19 5 20 5 0 21 1 0 4 32 15
3 3 0 1 1 0 13 5 0 18 14 13 18 27 5 11
0 15 2 15 16 0 15 18 0 2 6 9 0 27 0 4
18 2 2 22 8 13 5 10 3 11 18 7 8 25 17 6
0 36 7 2 2 9 0 9 0 12 7 0 20 0 7 53
3 10 12 3 8 15 0 14 0 0 0 14 0 2 2 3
