0 55 39 2 3 54 35 0 2 0 56 35 0 23 16 2
49 1 24 51 0 0 49 1 2 2 20 22 0 2 12 2
25 2 68 5 16 2 2 2 0 37 2 41 37 0 2 38
13 1 43 0 3 39 2 2 56 1 3 52 35 0 49 0
12 1 0 12 37 0 26 0 1 21 0 1 31 2 50 29
52 2 2 17 53 1 1 44 2 0 32 2 1 2 19 55
2 2 4 54 21 50 2 0 6 22 0 50 2 53 1 25
1 1 3 2 1 5 0 6 0 21 2 0 1 0 1 10
1 2 21 55 1 2 53 0 13 31 2 0 0 17 1 3
58 31 2 43 0 41 36 19 10 39 2 1 0 14 32 0
3 0 44 2 29 1 0 2 25 11 7 33 40 0 38 51
48 50 49 36 22 2 51 43 45 0 56 1 0 49 0 58
1 51 24 2 61 22 6 48 1 22 20 48 46 1 40 19
49 0 54 0 1 0 30 2 39 22 2 22 1 51 2 46
46 28 2 16 2 0 28 2 1 6 0 10 27 0 3 2
3 58 1 1 2 54 2 0 48 21 1 0 2 27 2 49
