6 17 0 0 10 7 23 0 0 0 0 6 0 0 10 16
24 16 0 36 0 0 0 18 17 0 0 0 12 11 41 0
0 0 0 0 0 70 4 0 0 11 0 0 0 20 14 1
27 2 14 12 0 0 30 6 0 48 47 0 2 0 9 3
9 0 11 0 0 0 25 0 23 28 13 15 29 0 24 32
0 11 9 15 12 0 0 4 0 0 0 15 0 5 0 20
0 0 15 0 0 0 0 0 0 0 6 11 0 26 24 0
3 0 0 23 5 0 0 0 0 0 0 21 0 7 15 1
16 22 20 1 0 5 0 12 11 12 0 11 0 0 34 0
51 0 0 0 23 0 33 14 31 0 5 5 25 0 21 0
0 24 15 0 8 31 7 0 0 0 24 5 15 0 0 17
0 17 0 0 23 0 0 34 0 0 2 0 41 19 18 6
38 9 22 0 6 0 2 14 14 0 0 5 27 10 0 9
0 0 0 0 0 4 5 7 50 0 20 4 0 8 0 14
31 7 14 2 0 0 0 19 0 0 0 0 0 0 6 0
13 2 20 0 25 16 3 0 14 18 0 8 28 8 26 0
