17 69 66 54 3 6 31 0 0 10 0 49 1 8 71 35
6 11 0 23 11 27 0 39 30 15 0 53 10 13 0 0
83 0 114 0 0 58 35 0 0 42 0 60 0 47 30 0
5 12 0 11 24 7 34 16 34 15 44 13 18 0 0 0
6 12 0 20 29 20 27 3 127 54 6 0 0 54 0 0
32 98 16 33 0 0 0 0 42 29 9 21 88 23 0 0
21 0 44 4 25 46 15 29 0 0 21 0 19 0 37 13
0 32 23 40 0 0 2 13 24 55 49 20 46 16 10 0
40 17 26 48 0 12 0 0 0 1 0 22 0 0 29 25
0 4 3 0 24 29 25 0 18 10 0 54 9 0 0 0
50 0 71 0 0 52 21 33 4 51 0 62 7 0 5 3
23 10 0 0 0 7 5 16 34 7 30 0 35 17 0 0
1 19 0 32 31 29 68 0 23 7 21 0 0 34 0 0
47 20 11 41 22 0 0 0 0 29 17 16 50 21 3 4
20 0 35 6 11 37 22 38 0 0 37 0 4 20 35 7
10 27 23 58 0 9 2 13 18 46 33 0 49 17 20 15
