9 26 0 20 0 12 7 0 6 23 0 0 16 0 11 29
35 27 3 32 0 0 10 0 10 0 0 0 13 25 16 0
19 0 0 0 0 51 5 13 0 15 2 0 0 40 14 1
25 6 14 31 0 7 7 6 0 20 27 0 9 6 6 0
14 0 11 0 0 0 19 0 10 31 14 18 47 17 33 9
2 0 9 14 15 0 22 0 0 0 0 34 0 0 0 9
21 61 9 16 1 0 0 0 0 0 6 0 5 19 20 0
20 0 2 4 0 0 0 16 0 38 0 0 0 30 2 0
27 22 0 9 17 47 17 34 19 20 0 15 10 0 10 0
20 5 0 0 22 0 42 13 12 0 17 22 22 0 15 13
0 20 38 0 0 0 0 0 0 0 34 8 29 0 0 0
0 8 13 0 22 8 0 34 0 0 8 0 34 18 7 1
27 39 39 12 11 0 1 14 31 9 3 7 27 20 0 3
0 1 5 0 0 20 10 8 30 0 4 7 0 15 0 0
41 16 15 5 5 0 0 17 0 0 0 0 0 0 3 0
38 4 2 0 23 32 10 0 26 22 0 23 25 8 40 0
