13 20 0 19 15 0 17 0 10 0 20 0 10 0 15 20
36 21 7 46 0 0 0 8 13 0 0 0 0 19 25 0
0 0 0 0 0 37 1 5 0 14 32 0 0 28 3 0
12 6 13 26 0 24 15 9 0 39 35 0 14 0 0 0
11 0 16 0 0 0 26 0 4 31 7 16 32 0 30 15
9 0 9 21 15 0 15 12 0 0 0 23 0 0 0 23
0 1 3 8 0 0 0 0 0 0 13 11 5 6 31 0
35 0 0 19 0 0 0 16 0 34 0 6 0 17 8 1
10 9 14 8 35 33 3 5 47 17 0 7 0 0 12 0
20 14 0 0 36 2 52 0 0 0 32 31 16 0 6 20
0 25 41 0 4 0 0 0 0 0 29 11 32 0 0 9
0 11 10 0 23 10 0 34 0 0 4 0 31 17 12 0
34 28 36 3 11 0 0 15 7 8 11 15 28 9 0 23
0 10 5 0 0 33 20 18 22 0 0 27 0 12 0 11
12 17 15 14 10 3 0 0 0 0 0 9 0 3 1 0
41 17 19 0 14 15 25 0 5 7 0 19 17 6 24 0
