7 6 0 10 29 0 8 0 0 0 0 1 4 11 8 0
0 2 18 3 3 20 3 10 20 0 7 1 1 3 8 17
12 18 10 0 18 1 16 10 1 0 16 4 7 2 2 1
0 8 10 16 7 2 1 0 0 7 26 17 5 0 0 10
5 9 0 16 26 7 10 24 7 4 4 8 10 2 2 1
17 1 4 0 7 2 0 0 0 0 21 12 2 6 18 6
27 20 5 11 16 0 2 3 21 0 31 24 12 7 1 13
2 14 0 13 5 11 19 5 12 16 0 4 10 3 32 19
18 4 19 2 12 1 2 0 11 0 0 0 11 6 5 17
17 16 9 12 3 6 0 23 0 13 0 23 11 0 0 0
5 6 18 17 10 4 4 2 4 2 0 8 6 0 4 1
0 7 3 23 20 5 13 0 10 5 11 11 0 5 0 7
19 13 8 0 14 9 6 5 25 0 5 18 14 0 0 21
19 17 9 9 9 8 21 23 0 0 8 1 30 7 0 4
6 33 16 4 23 0 2 16 4 9 1 1 0 1 1 0
7 10 3 26 19 7 0 22 0 6 13 2 21 40 4 0
