30 25 35 3 34 7 0 14 12 33 0 22 12 21 10 18
0 7 1 36 7 24 3 4 19 8 11 1 34 2 2 7
2 12 5 5 7 6 34 14 3 3 21 12 6 19 0 16
1 2 12 9 4 24 10 32 10 1 27 1 1 27 3 53
2 3 9 14 11 6 21 24 3 9 4 18 25 17 10 1
39 0 21 48 1 20 43 5 14 19 15 2 6 6 4 7
31 0 0 6 6 20 1 6 18 26 2 5 8 1 0 10
8 4 3 2 16 18 1 3 23 6 32 29 19 17 48 34
34 1 27 0 7 5 16 3 2 33 6 47 3 18 19 13
36 14 17 11 28 4 8 22 1 41 5 11 14 2 37 14
6 2 9 18 3 31 5 21 8 10 50 0 7 28 3 2
15 12 1 12 17 9 12 1 1 5 12 12 36 5 22 8
10 3 3 3 22 10 2 4 15 5 3 1 17 17 7 6
5 8 2 20 0 10 11 9 27 13 9 8 12 33 4 0
4 1 40 29 14 9 4 23 3 4 29 6 8 14 8 16
7 15 50 13 6 2 13 3 22 12 1 2 20 9 24 10
