22 5 16 25 6 11 0 7 45 0 0 1 0 5 0 5
16 8 3 0 1 7 9 10 0 0 24 41 1 13 7 0
0 0 2 13 0 0 0 7 0 3 1 0 5 15 10 10
1 13 0 36 23 14 17 22 10 12 5 0 4 16 37 2
7 1 22 25 9 1 0 0 53 12 0 7 0 2 0 7
21 18 12 0 11 1 17 3 4 0 11 0 14 0 2 16
4 7 53 15 3 21 0 16 6 5 0 12 6 6 44 42
13 8 29 1 2 5 15 15 13 0 3 0 0 7 18 10
3 0 0 0 6 5 10 1 17 0 6 15 1 18 9 0
2 20 10 14 11 10 5 0 2 5 1 0 11 5 8 1
13 2 4 8 10 1 27 0 3 2 0 2 0 3 0 1
13 18 22 13 2 13 0 12 0 13 33 1 2 0 0 10
0 0 21 10 6 9 22 2 32 3 29 0 0 1 1 0
0 0 5 23 14 0 12 2 9 23 39 0 0 3 10 5
6 0 0 2 23 4 32 0 4 0 11 4 1 2 0 11
4 10 11 9 4 22 27 0 0 8 12 0 14 26 0 0
