4 19 0 7 13 13 4 0 5 0 13 5 9 0 11 31
42 20 0 39 0 0 0 8 19 0 0 0 17 14 40 0
17 0 0 0 0 54 5 0 0 16 0 0 0 19 9 1
19 8 14 35 0 0 26 7 0 40 18 0 0 1 0 0
13 0 12 0 0 0 8 0 18 37 14 22 26 3 26 34
17 0 9 14 15 0 14 6 0 0 0 39 0 0 0 12
0 42 13 0 0 0 0 0 0 0 13 0 3 13 24 0
8 0 0 12 0 0 0 0 0 11 0 18 3 8 10 25
22 22 15 7 33 29 0 9 33 15 0 0 0 0 0 0
20 0 0 0 34 0 31 3 0 15 12 18 9 0 21 7
0 24 22 8 2 10 0 0 0 3 24 20 24 0 0 9
0 15 3 0 18 1 0 34 0 0 0 0 50 15 14 5
37 21 22 0 2 0 1 17 22 14 0 12 29 5 0 0
0 0 5 0 0 27 5 14 40 0 0 0 0 12 0 4
21 20 15 4 0 3 0 35 0 0 0 0 0 0 0 0
24 19 10 0 23 19 15 0 25 15 0 22 27 0 43 0
