4 166 255 41 152 242 91 38 255 0 131 154 5 0 151 162
0 2 49 36 132 100 0 0 155 75 196 24 0 179 125 204
12 156 174 81 255 61 48 35 231 154 108 134 38 26 6 197
0 0 160 121 0 184 0 127 20 243 163 0 200 18 50 202
240 0 209 91 64 133 197 35 20 41 185 96 177 255 95 165
252 16 13 141 126 23 215 0 169 87 23 0 51 243 143 84
240 47 92 21 87 253 185 25 0 104 255 88 19 166 68 187
94 192 212 193 222 217 12 13 110 12 66 45 59 24 202 0
114 86 36 67 57 95 0 131 181 0 4 50 99 24 17 95
0 58 0 217 178 30 0 0 48 255 19 0 159 11 0 64
0 106 0 208 177 76 102 0 104 0 0 159 226 194 214 86
0 80 118 38 0 0 3 241 126 244 35 255 28 105 0 0
58 140 150 227 88 110 13 82 166 145 67 47 127 0 64 167
0 246 205 208 0 56 42 173 63 168 247 124 0 161 0 164
179 59 175 204 219 85 196 139 197 195 72 0 1 58 129 247
144 0 115 64 187 44 82 180 0 0 204 117 0 237 0 149
