201 34 220 8 231 0 0 234 135 163 158 19 189 206 189 0
0 29 219 185 172 0 121 190 121 0 201 0 84 0 0 225
0 187 0 166 145 69 0 0 64 231 0 0 147 21 12 210
111 96 89 98 1 252 0 33 215 63 70 151 87 0 0 196
164 222 98 233 51 200 0 11 44 50 100 0 234 0 0 0
0 14 115 157 221 0 138 82 1 192 0 0 100 29 242 110
0 0 42 212 63 0 56 69 0 168 244 28 0 230 124 249
0 230 7 59 0 196 33 0 236 0 5 0 27 0 13 0
45 12 0 236 0 0 245 0 79 236 242 15 0 15 143 70
133 228 34 0 0 133 41 36 71 0 6 226 163 221 0 210
103 30 145 211 0 128 39 0 180 43 53 60 203 0 0 0
0 0 26 0 34 232 0 35 124 0 105 0 0 0 249 0
0 100 134 77 54 252 0 230 0 229 59 221 164 219 48 24
0 242 121 143 209 119 128 73 83 136 118 248 205 127 31 125
246 202 0 157 170 154 255 0 0 0 243 0 124 220 201 27
0 150 0 253 0 172 0 85 0 1 248 181 0 150 47 210
