76 15 0 170 115 7 155 206 14 0 204 0 0 0 197 110
143 246 211 242 255 157 28 130 3 248 149 193 162 97 0 0
243 0 0 148 201 0 0 0 80 0 0 107 0 0 0 0
6 123 213 125 50 0 232 189 210 245 0 0 57 0 214 35
183 9 121 140 211 107 238 74 80 64 0 76 211 27 214 72
86 71 250 26 118 157 46 0 0 142 249 0 0 0 100 0
118 243 84 109 61 73 0 103 0 251 66 0 79 86 84 33
4 73 254 121 0 16 216 0 113 217 49 0 0 0 106 73
0 122 46 0 9 0 0 53 145 0 30 41 3 0 57 60
29 46 150 252 0 239 0 88 0 0 241 48 155 0 220 0
0 0 0 0 10 0 168 0 251 49 223 0 165 0 236 5
9 0 0 67 48 252 255 60 101 1 158 111 87 150 0 0
0 22 114 75 0 53 197 184 0 157 204 252 0 86 46 0
9 146 31 117 211 252 42 33 32 189 0 0 51 202 64 0
203 0 151 0 6 72 235 151 84 67 0 12 93 0 55 86
0 194 202 15 133 94 68 0 209 0 0 97 173 0 181 146
