0 0 0 0 0 0 0 0 68 0 0 0 52 0 0 0
13 1 1 0 0 0 0 0 77 0 0 0 0 3 49 83
0 2 0 0 10 0 0 0 0 3 0 0 0 0 0 0
0 0 0 0 0 0 0 0 0 36 0 0 2 0 25 2
0 0 43 0 0 0 1 0 0 0 0 0 0 0 0 0
0 0 0 0 0 19 0 28 0 0 0 0 38 0 5 0
5 0 21 32 0 0 3 0 0 0 0 0 0 26 0 0
0 0 0 0 0 0 0 0 26 0 0 0 0 0 0 0
27 0 0 0 0 0 8 33 5 0 43 0 0 75 14 0
31 0 0 0 0 0 0 0 0 6 0 0 0 0 0 0
0 0 0 0 0 0 0 0 0 0 0 0 0 0 0 0
0 73 39 21 0 0 0 6 10 0 0 0 0 0 58 12
14 0 28 11 0 0 0 90 7 0 0 0 35 0 46 0
0 0 58 0 62 0 0 0 0 0 46 0 0 34 0 0
0 0 0 0 0 14 14 85 0 32 0 0 0 17 0 0
6 0 35 0 28 63 0 88 0 0 0 0 80 0 0 32
