0 0 0 0 0 18 0 0 0 0 4 0 0 7 0 0
0 0 0 0 0 10 2 0 3 2 0 0 0 0 0 0
0 0 3 0 0 0 0 0 14 0 0 0 11 0 1 0
0 0 5 0 0 0 0 0 0 0 9 0 2 0 0 0
15 0 0 8 0 0 0 0 0 0 1 10 14 0 0 8
0 0 9 0 0 0 5 0 0 6 0 0 0 5 3 0
0 8 0 0 17 18 0 16 2 0 0 14 2 0 0 0
0 0 0 0 0 0 0 0 0 0 0 0 0 0 16 16
1 0 0 0 0 0 0 0 0 0 0 17 0 0 0 11
24 0 0 0 0 0 0 5 0 0 0 0 22 0 0 0
0 0 14 0 4 0 0 0 0 0 0 0 11 3 0 3
1 0 0 0 0 4 0 5 0 1 3 14 1 0 0 0
0 0 0 0 0 0 0 0 0 13 0 0 0 0 0 0
0 9 7 0 0 0 0 0 5 6 2 0 7 0 0 0
0 0 0 0 10 0 0 0 4 0 0 0 28 0 2 0
0 0 21 0 0 5 9 0 0 0 0 0 3 0 0 3
