0 251 218 109 217 125 18 101 19 0 113 1 246 0 227 1
47 86 212 164 0 0 0 41 101 23 5 104 101 7 228 35
160 44 0 71 233 96 0 98 9 127 31 150 237 103 252 0
201 0 226 0 0 104 0 148 75 0 62 237 0 0 0 34
251 12 0 96 0 0 0 0 111 51 246 17 62 159 42 0
0 112 0 216 58 0 230 156 166 51 4 32 47 0 248 17
175 0 0 0 119 0 0 95 59 77 174 0 3 12 0 143
0 243 235 161 229 31 192 203 5 139 6 151 14 220 103 0
164 60 149 101 0 12 38 0 12 99 22 0 214 200 231 48
14 127 204 50 97 94 0 99 0 235 211 182 68 137 52 75
241 214 95 166 14 104 1 194 226 214 94 177 204 0 65 176
17 245 231 241 31 231 194 218 168 85 59 50 231 0 0 0
0 0 115 0 0 0 0 0 25 103 150 2 7 212 126 89
212 201 5 118 0 168 213 4 218 31 13 117 0 80 4 199
15 0 1 0 29 7 35 48 0 2 0 34 66 179 153 118
232 47 11 243 49 0 79 65 0 84 232 48 138 0 138 0
