0 239 0 0 0 212 131 116 99 0 69 55 35 0 23 0
95 225 0 0 208 0 238 73 0 0 175 143 0 156 185 61
14 153 185 0 21 113 188 0 0 152 0 19 0 247 29 168
189 171 114 182 191 60 2 102 49 0 106 144 156 30 47 173
3 0 86 0 0 0 2 126 0 0 95 104 70 53 68 150
250 210 203 165 0 0 3 105 17 68 90 0 0 200 42 38
211 213 23 218 94 0 37 175 54 0 0 117 79 30 42 71
68 211 0 203 255 191 243 83 173 5 40 131 140 204 105 0
0 236 0 46 0 77 94 61 206 188 91 134 12 181 13 247
227 23 41 97 212 239 228 202 242 122 195 23 63 0 47 0
0 129 0 54 214 0 216 56 33 0 192 0 0 186 0 20
0 0 242 52 187 174 26 0 0 83 231 153 0 215 0 51
0 127 183 244 215 51 132 0 120 0 226 20 84 94 3 151
70 27 66 0 0 56 0 0 118 0 140 33 78 118 117 179
144 188 171 102 0 0 0 103 107 233 0 0 1 229 63 147
191 125 131 0 0 26 0 124 0 13 248 180 131 229 167 0
