0 212 184 5 147 162 211 97 218 82 162 0 232 185 0 64
94 0 33 234 74 0 0 106 0 0 145 222 117 0 0 167
224 0 0 72 222 156 192 0 61 179 0 164 0 156 185 120
0 107 0 148 70 147 89 207 0 13 238 152 0 72 133 0
123 0 27 86 187 198 0 15 60 0 88 19 0 0 0 209
0 34 0 0 166 35 218 0 35 0 54 90 42 0 56 208
14 0 156 108 227 241 0 145 0 177 248 90 0 70 255 19
0 156 134 120 0 0 70 78 64 100 193 71 99 81 0 27
248 0 0 212 144 79 11 155 0 251 0 82 152 0 219 24
0 129 0 114 104 234 142 209 0 4 187 70 0 209 249 0
0 118 29 58 143 171 179 0 231 128 0 141 0 118 180 1
53 0 0 88 0 0 93 191 0 0 0 1 126 62 194 0
189 67 88 205 0 21 0 0 136 11 134 17 129 0 247 151
0 8 1 52 66 231 0 0 67 161 0 0 0 199 142 0
118 0 248 0 0 0 0 0 255 0 176 92 87 247 200 76
0 0 0 0 0 0 29 190 0 130 0 0 0 40 0 0
