0 203 0 180 158 199 104 1 0 106 0 78 162 0 72 0
72 0 42 0 176 77 194 0 203 0 112 218 130 52 185 55
181 249 160 0 0 246 224 118 0 210 0 0 80 249 206 105
0 132 12 254 145 67 250 0 246 96 33 0 0 2 14 0
33 54 240 176 86 107 119 190 147 252 0 0 243 0 51 0
5 1 0 65 0 252 22 0 1 243 0 158 0 0 37 81
166 77 0 242 77 13 0 99 146 157 0 0 0 0 0 144
180 28 93 0 244 0 0 49 0 94 206 0 35 197 0 250
120 0 52 0 0 203 73 36 12 150 35 105 48 248 201 33
0 149 73 0 54 0 0 186 121 69 26 135 91 74 78 0
64 124 1 231 209 71 208 230 102 153 0 233 0 255 67 96
45 0 169 0 22 82 255 53 158 140 12 4 72 134 18 34
133 0 0 190 177 87 217 0 100 161 75 199 252 95 145 9
41 174 0 1 36 233 6 65 196 0 0 248 23 7 0 0
0 0 0 201 120 3 0 70 175 245 158 22 214 75 171 121
214 155 0 41 53 0 237 0 0 1 77 123 0 142 22 85
