231 255 58 0 154 115 0 185 87 108 0 7 0 29 213 105
206 70 233 209 123 231 159 14 135 0 82 72 28 124 217 0
245 0 70 0 0 178 27 36 51 119 57 0 244 255 71 0
127 97 15 194 0 94 186 228 32 98 95 255 93 234 211 20
131 179 121 97 246 0 185 86 211 109 31 193 217 55 41 124
129 161 133 88 241 32 49 68 181 129 0 11 170 202 0 233
55 0 0 0 0 6 39 18 104 84 0 113 175 48 36 23
36 18 0 0 228 138 76 242 0 186 255 236 0 0 41 191
255 108 0 143 57 208 61 241 161 183 170 48 144 89 88 141
246 51 60 12 217 0 0 79 172 0 131 44 110 0 175 255
141 143 100 0 48 0 69 55 73 161 177 105 131 0 182 0
114 244 0 98 90 157 255 0 174 49 132 129 77 249 235 193
41 138 208 0 94 18 0 0 160 190 106 30 133 83 124 108
168 252 0 106 255 214 166 171 0 106 41 0 75 69 255 0
115 47 81 211 90 0 142 184 116 217 205 252 226 150 41 43
52 152 26 16 125 50 0 75 0 65 82 26 0 0 202 0
