27 101 0 223 170 178 250 111 0 0 221 170 113 195 150 0
131 19 0 0 0 73 87 135 21 26 0 88 188 0 104 129
191 146 126 10 0 12 0 120 8 100 131 0 120 61 0 175
106 0 196 86 0 2 194 0 4 0 0 149 21 10 43 74
146 215 91 14 57 121 0 255 0 87 236 0 35 59 59 177
138 0 160 88 144 44 91 167 142 255 7 0 165 0 148 108
117 15 98 239 19 132 37 0 32 203 187 181 52 10 237 0
0 0 152 7 47 115 250 194 88 72 0 43 35 40 100 189
224 46 16 0 145 0 202 108 237 251 32 147 185 227 30 32
0 57 247 211 42 248 165 201 19 0 91 4 135 0 0 81
104 48 0 2 0 237 78 18 0 36 127 255 89 0 126 6
226 139 0 0 42 141 13 230 0 0 184 217 201 118 0 160
25 88 179 108 2 15 250 216 136 43 0 150 164 0 0 0
33 0 176 61 10 0 68 119 0 0 169 137 245 0 253 0
106 0 0 10 39 211 145 113 96 181 254 13 0 185 43 79
0 0 132 20 246 148 150 122 195 66 69 167 72 185 0 0
