0 57 107 0 23 0 0 0 0 244 70 0 129 40 227 0
0 0 66 160 0 1 60 121 132 7 13 107 20 15 117 13
48 157 0 197 1 0 150 109 0 249 232 172 0 0 0 40
236 146 219 95 108 3 21 50 0 147 169 17 56 0 151 157
0 3 0 0 0 59 0 0 179 191 0 28 74 46 2 243
108 1 229 0 0 173 207 22 216 66 0 115 106 0 0 1
103 41 196 182 104 255 244 88 80 27 93 169 103 237 0 0
49 94 0 99 68 12 244 75 209 0 251 0 172 111 237 111
63 240 94 3 0 201 192 0 0 153 0 100 138 51 0 0
0 68 0 132 0 0 180 197 117 0 2 204 146 121 181 16
189 148 167 0 253 220 0 0 62 2 79 245 59 0 197 48
0 60 2 0 22 111 67 11 0 45 142 195 125 145 137 33
192 3 2 53 32 34 1 177 0 173 61 157 185 0 216 0
201 154 0 0 0 0 2 80 0 97 90 53 168 245 198 39
124 199 239 36 0 127 3 0 60 0 228 105 73 58 78 0
174 106 4 1 1 16 152 187 240 0 50 21 68 168 251 90
