1 0 0 0 32 0 0 5 12 0 15 0 0 0 0 0
0 0 0 9 0 0 0 0 0 0 0 0 29 0 5 1
21 0 27 0 0 9 0 0 44 1 0 0 0 0 0 0
0 8 0 0 47 0 8 0 0 5 27 25 0 0 28 0
0 0 68 0 0 0 10 54 0 46 0 13 0 0 8 0
30 0 0 0 1 0 0 0 0 0 0 29 0 0 0 0
0 0 0 58 0 0 3 0 4 0 0 7 0 0 0 0
0 0 23 0 0 11 32 20 0 0 0 0 29 0 0 43
0 0 34 34 0 0 16 9 0 0 0 0 0 0 17 0
0 0 24 0 0 0 0 0 0 0 0 0 0 43 0 0
0 0 0 0 0 0 55 0 28 23 0 30 0 0 0 0
39 25 0 0 29 0 0 9 0 0 0 0 3 0 0 0
0 0 0 0 25 0 0 60 0 50 0 0 0 0 0 0
0 0 0 0 0 0 0 0 0 34 0 0 0 0 0 0
20 0 0 0 1 0 0 32 0 0 6 0 0 40 0 0
0 46 0 32 0 16 0 0 0 0 0 0 0 22 0 0
