240 208 7 179 0 77 44 180 0 200 0 0 0 49 13 20
65 39 184 189 0 147 1 174 0 0 0 253 192 150 5 74
0 116 255 223 250 16 0 92 144 9 247 180 78 182 224 235
0 63 99 120 197 195 194 246 0 38 0 0 0 0 51 69
0 0 250 0 240 14 0 189 194 0 35 162 225 249 0 0
151 216 192 7 226 133 108 244 126 46 126 179 0 216 0 0
3 82 211 20 84 62 0 241 203 216 21 30 24 23 0 0
0 37 0 0 118 218 0 0 95 0 0 122 248 238 153 236
162 0 0 246 0 106 139 81 0 0 0 46 97 0 4 75
0 81 210 187 129 29 0 0 244 247 0 72 47 172 192 0
10 0 190 52 0 247 0 78 0 253 93 27 218 0 255 78
72 155 5 0 228 179 211 75 0 252 0 212 0 112 5 85
0 153 207 173 0 52 0 12 101 220 0 0 238 0 61 1
31 97 167 136 22 0 137 26 108 0 186 200 149 176 90 35
140 173 163 1 143 33 9 135 136 198 0 128 214 0 0 19
109 254 26 0 255 0 0 29 0 122 118 62 123 0 78 248
