126 165 196 247 68 0 0 33 76 85 4 143 57 10 0 0
26 219 0 87 0 19 41 97 51 60 0 0 10 0 61 42
0 35 132 95 255 71 170 229 0 0 234 0 79 0 0 25
0 34 235 221 128 252 248 21 161 0 23 0 0 241 239 91
70 0 158 206 132 34 10 133 0 53 140 83 1 142 0 0
0 238 117 226 51 115 172 150 9 130 75 0 76 48 187 125
146 0 0 0 137 0 207 237 38 0 188 120 0 126 0 0
0 27 0 0 16 229 252 0 242 61 151 107 177 235 0 0
229 164 109 137 176 165 248 149 0 192 0 86 187 0 0 139
16 66 245 69 224 74 229 0 226 0 173 0 22 0 153 10
91 129 8 20 43 95 156 124 43 123 0 0 0 34 0 218
38 0 51 89 234 156 228 0 0 170 95 99 118 69 115 0
151 103 0 74 0 199 68 129 0 0 0 0 99 116 108 0
208 153 0 114 22 0 198 139 82 0 181 71 0 11 104 42
129 0 106 0 243 226 61 220 97 60 189 47 0 42 205 19
0 194 71 0 238 162 0 222 0 158 16 140 124 0 152 247
