234 0 0 115 138 35 167 144 0 88 80 20 26 0 115 253
0 135 107 105 31 197 0 94 184 247 0 3 141 100 147 104
230 105 235 237 245 135 34 230 236 108 23 169 3 222 96 0
149 98 3 54 157 204 61 198 0 43 0 6 0 243 181 16
109 0 159 0 71 155 0 224 0 19 226 0 43 0 12 77
0 247 116 53 0 0 246 148 2 231 189 0 246 0 152 163
104 8 0 238 199 0 197 10 223 94 206 172 242 55 0 255
145 40 7 87 255 99 184 0 145 146 0 5 145 47 12 73
5 0 151 65 11 27 2 9 0 124 20 171 6 0 236 3
0 177 14 1 254 149 210 172 0 28 0 138 0 0 190 200
172 0 85 128 21 32 50 144 66 0 113 0 0 0 23 74
6 153 12 35 224 133 0 0 60 224 172 235 0 0 109 87
146 62 162 0 0 18 107 83 0 0 50 8 42 90 36 167
80 0 0 0 5 185 94 63 193 228 0 3 152 127 0 98
239 17 250 115 0 193 0 3 42 11 0 203 47 0 123 11
51 1 61 0 159 65 9 178 3 9 0 230 95 0 175 114
