130 143 207 0 0 0 102 137 0 27 191 14 111 88 234 76
156 87 216 172 170 253 0 162 227 0 35 185 0 0 24 136
41 35 143 28 0 0 0 237 0 183 0 54 131 0 231 36
77 169 125 27 47 53 31 223 149 176 0 40 0 0 144 24
0 92 14 248 35 70 105 1 0 122 206 230 251 0 0 116
36 189 115 212 0 56 0 0 118 235 122 174 153 0 83 134
0 1 120 1 63 104 0 50 141 35 0 231 0 221 74 20
138 63 75 75 2 234 1 0 221 64 208 0 84 208 248 167
59 213 108 115 0 26 238 0 39 0 0 69 40 224 120 0
200 30 47 221 217 84 0 177 35 5 0 0 16 81 0 223
0 215 0 5 253 133 210 215 25 0 0 109 190 29 221 25
0 245 223 1 103 199 229 27 200 253 97 85 0 0 238 74
103 132 0 0 1 41 149 0 0 1 243 0 55 133 255 0
194 253 152 50 162 0 67 230 0 169 206 202 0 1 0 223
0 0 0 0 227 229 228 0 114 202 238 126 90 205 29 160
1 0 214 5 3 1 1 199 0 82 0 0 122 243 0 117
