105 0 168 0 0 0 165 15 235 0 190 0 54 0 50 151
49 255 158 37 209 109 255 247 62 42 236 59 255 6 149 0
219 255 184 13 0 38 0 82 52 130 128 0 89 124 5 220
0 79 151 0 50 214 15 36 40 255 255 66 210 111 53 245
0 112 212 244 61 200 228 0 233 0 131 160 81 21 0 59
253 166 101 63 26 4 164 138 26 42 0 0 193 105 53 52
96 51 31 24 87 198 7 155 72 70 210 13 0 22 40 196
0 184 94 247 0 229 3 255 215 94 216 9 0 0 13 131
194 195 57 197 255 0 99 0 0 177 147 0 0 0 45 75
79 22 87 132 238 107 0 234 36 117 62 246 116 108 0 101
160 50 155 9 115 6 0 70 122 39 113 0 125 167 212 60
0 159 0 238 202 218 36 255 132 0 214 36 106 102 58 0
126 171 203 226 255 15 255 158 236 44 120 255 171 191 0 18
68 151 94 216 3 75 0 165 99 0 0 200 0 91 193 38
43 84 0 45 0 0 90 113 42 54 56 237 34 149 189 201
6 19 67 0 71 145 121 0 21 179 0 148 19 152 133 100
