171 245 0 73 138 113 89 217 193 117 0 0 199 0 93 20
71 119 68 0 85 247 179 120 20 127 95 228 90 68 211 0
97 99 0 54 48 18 195 203 181 253 251 0 130 0 102 0
27 73 100 161 72 0 0 73 0 69 12 97 33 19 4 16
74 0 0 0 79 155 0 173 200 0 102 75 65 0 32 236
152 76 128 84 23 0 35 92 204 27 0 0 0 179 0 193
173 207 126 56 0 43 0 66 182 83 120 0 184 0 39 10
121 233 167 156 196 19 0 237 0 218 0 89 0 0 0 86
0 0 11 0 221 161 89 0 110 145 0 208 90 47 201 0
0 94 55 0 80 0 0 143 0 0 76 191 23 22 65 0
0 0 205 75 0 6 111 139 0 191 0 0 9 36 97 149
0 179 37 0 0 157 72 76 0 110 143 0 0 0 130 119
0 0 68 32 230 76 16 0 0 110 0 155 0 30 161 0
31 0 109 0 85 0 151 0 0 144 54 191 136 125 0 194
160 247 211 0 48 78 5 0 199 108 172 175 103 254 254 91
0 228 213 0 10 156 202 0 17 0 0 126 183 0 226 42
