5 0 61 20 233 81 0 0 81 0 161 114 184 203 46 117
6 128 0 109 0 100 175 134 10 0 0 44 95 49 137 215
0 224 0 210 224 20 100 0 102 224 162 119 194 202 0 183
0 130 163 74 243 0 22 47 132 110 0 0 242 88 65 68
119 213 122 142 0 153 0 99 89 203 0 31 29 0 0 39
0 128 248 245 0 0 215 46 0 126 0 0 158 173 252 0
20 0 0 0 0 0 0 230 245 139 184 56 170 0 216 203
4 82 143 177 40 120 76 82 0 206 0 216 3 99 165 128
83 229 47 0 93 6 187 0 0 72 152 131 0 51 46 99
0 240 218 153 0 0 17 0 209 129 211 205 23 60 15 24
170 129 52 254 94 0 0 125 50 158 147 73 81 75 197 119
232 0 88 114 0 133 0 0 0 0 212 120 194 0 104 78
158 213 0 162 199 0 91 255 105 32 146 0 2 97 194 0
60 177 184 174 175 0 31 168 2 0 40 248 225 143 127 101
160 118 0 6 0 0 77 94 156 148 21 0 147 0 93 46
0 47 100 226 183 217 70 0 250 0 203 145 178 12 0 0
