0 0 221 133 174 252 0 2 0 0 0 182 233 167 0 134
0 1 239 46 167 116 0 0 43 251 79 148 244 105 0 84
15 2 77 0 95 111 0 0 178 242 0 235 232 170 224 80
228 0 0 60 1 226 239 0 149 139 198 0 66 226 250 76
73 133 174 77 0 0 107 0 0 228 0 0 92 0 0 36
104 0 0 15 225 3 0 0 242 0 0 76 26 0 136 175
160 123 74 122 0 212 197 54 0 249 24 0 139 161 67 25
189 166 28 0 7 1 25 145 242 148 232 0 65 162 0 0
0 254 0 136 184 0 111 6 0 137 227 218 109 47 42 63
104 169 128 237 29 57 185 214 46 0 217 35 90 102 250 0
228 166 0 40 238 153 0 4 171 193 73 165 0 143 0 4
76 40 214 200 141 194 178 66 202 188 112 0 0 52 0 2
150 189 167 205 205 0 97 101 214 244 202 137 176 70 1 0
81 1 0 0 228 153 233 1 0 249 170 0 56 0 197 175
1 67 4 38 0 56 81 95 2 0 101 123 117 171 0 1
46 45 1 155 193 162 43 175 0 190 0 0 164 104 3 0
