0 243 0 141 22 235 116 0 0 155 151 210 179 162 0 0
165 0 126 0 124 0 0 39 0 0 0 106 0 218 141 230
36 150 91 165 47 197 109 14 255 205 178 64 171 0 41 127
0 0 25 52 0 14 49 237 138 38 190 169 39 92 55 214
214 6 133 126 185 220 0 0 0 0 0 137 228 55 128 0
0 124 140 0 0 84 251 61 0 65 100 136 226 224 0 0
239 0 83 242 0 169 220 203 216 0 64 51 140 0 0 0
0 101 0 42 0 18 165 0 200 0 80 0 187 128 238 1
230 212 118 146 222 37 0 0 0 0 114 147 0 74 165 225
170 30 93 84 253 133 0 81 24 0 0 122 230 234 191 112
0 0 0 189 58 166 0 0 30 191 0 190 0 16 138 228
0 175 125 171 72 56 46 95 0 15 54 0 244 44 133 0
94 214 151 0 176 85 200 0 151 0 0 198 141 250 233 0
78 224 88 75 208 0 237 84 0 86 0 120 22 46 127 0
7 122 160 171 162 101 113 96 0 111 223 246 93 0 128 0
0 110 0 0 164 109 115 93 42 0 139 199 254 169 47 234
