1 243 2 141 22 235 116 0 0 157 151 210 179 162 0 0
167 0 126 0 124 0 0 39 0 0 0 106 0 219 142 230
36 150 91 165 47 197 109 14 255 205 178 64 171 0 42 127
2 0 25 53 0 14 49 237 139 39 192 169 39 93 56 214
214 6 133 126 185 220 0 0 0 0 0 137 229 55 128 0
0 124 140 0 0 84 251 64 0 66 100 136 226 225 0 0
239 1 83 242 0 169 220 204 216 1 64 51 140 2 0 0
0 101 0 42 0 18 165 0 200 0 80 0 187 128 238 1
232 212 118 146 222 37 2 0 0 0 114 147 0 74 165 225
170 30 94 84 253 133 0 81 25 0 0 122 230 234 191 112
0 0 0 189 58 166 0 0 30 191 2 195 0 16 138 228
1 175 125 171 72 56 46 95 0 16 54 0 244 44 133 2
94 214 151 0 178 85 200 0 151 0 1 198 145 250 233 0
78 224 88 75 208 1 237 84 0 89 0 120 22 48 127 0
10 122 160 171 162 101 113 97 0 111 224 246 93 0 131 0
0 110 0 0 164 109 115 93 42 0 139 199 254 171 47 234
