0 0 51 219 238 29 0 0 61 0 0 0 0 136 19 74
217 147 219 41 156 96 209 0 0 0 209 95 169 233 0 0
24 96 214 247 59 145 185 248 50 88 242 16 170 104 105 168
29 143 121 0 238 0 109 212 0 39 54 199 133 17 183 246
243 189 106 129 1 228 39 102 24 0 144 152 6 195 237 64
47 0 0 4 99 15 0 234 125 0 47 224 249 226 199 11
116 0 91 0 0 193 0 6 0 0 3 0 0 125 245 146
186 12 0 0 39 0 0 33 117 118 135 40 152 178 0 235
0 43 0 0 136 147 83 163 0 180 53 39 74 189 160 0
113 209 135 133 48 50 115 129 0 172 0 133 157 0 132 0
0 0 0 133 60 0 169 0 5 195 52 0 118 71 144 213
0 0 130 233 0 127 0 0 154 0 38 0 0 24 8 57
124 6 0 44 164 0 5 201 184 248 142 0 0 166 60 0
196 77 0 0 0 239 0 49 223 0 0 179 91 74 209 0
0 0 0 0 0 181 0 208 0 78 46 0 0 214 200 38
100 119 155 60 243 0 162 211 84 24 199 234 65 189 40 68
