73 185 28 154 104 99 125 30 28 0 0 154 238 211 210 32
197 108 249 57 233 15 36 59 116 86 0 141 0 25 239 0
0 77 64 0 240 196 0 200 8 0 180 56 210 105 0 61
4 0 3 179 70 248 208 125 25 231 64 224 44 49 235 0
250 185 133 205 0 101 122 79 102 167 0 132 134 164 0 15
143 118 180 197 228 14 0 18 254 0 0 0 0 19 49 202
134 228 44 158 0 213 0 102 207 69 243 0 105 0 89 170
171 183 0 0 0 48 178 145 169 5 146 0 0 136 0 253
191 246 0 175 187 26 0 0 78 0 98 237 237 128 227 136
51 241 48 176 161 198 135 0 177 0 76 230 0 24 154 0
0 120 0 0 240 250 215 209 143 34 102 186 159 132 64 148
66 205 0 188 0 175 84 150 146 0 197 0 151 0 0 0
172 0 225 120 83 126 0 0 0 0 145 145 0 0 98 0
180 216 197 55 80 136 44 133 0 0 160 32 97 66 8 0
114 50 73 0 84 0 156 114 0 40 155 0 12 91 212 25
234 23 0 230 33 76 9 42 216 167 177 9 175 0 64 0
