24 49 193 1 68 191 39 216 68 94 37 210 38 178 187 223
0 2 0 245 2 115 158 73 131 0 231 0 231 21 190 0
1 166 192 122 13 2 161 44 42 0 187 0 153 149 182 0
199 0 162 0 0 0 153 1 145 151 68 180 254 0 0 14
253 190 0 2 204 200 251 0 116 2 8 247 0 204 0 0
10 250 0 0 0 108 95 0 113 160 74 51 12 110 152 0
157 171 79 4 1 0 106 0 236 169 1 42 241 0 1 222
0 84 245 84 0 181 0 41 164 138 0 2 128 108 0 0
0 217 253 47 2 0 125 8 0 173 243 63 0 0 0 32
0 0 9 186 235 80 196 247 222 218 0 67 0 214 0 152
2 221 0 201 197 239 30 0 62 59 0 182 4 187 0 182
2 186 0 142 61 36 2 1 0 141 254 174 138 249 29 0
32 0 232 215 56 239 115 88 0 220 15 0 34 248 160 252
74 92 0 86 0 64 209 2 162 0 1 207 73 241 55 74
238 195 249 0 0 51 69 94 191 0 0 186 0 98 135 139
0 58 176 0 238 121 136 2 155 0 215 0 250 0 216 135
