230 114 50 0 51 0 11 203 108 136 212 0 0 89 201 0
25 59 93 6 82 226 73 171 15 232 148 0 0 71 186 238
245 0 2 0 0 22 10 151 0 114 41 249 184 234 200 193
147 38 217 0 28 73 183 0 178 72 22 0 237 204 227 0
55 0 81 65 196 152 102 47 176 0 0 0 191 0 0 50
80 64 111 0 236 157 0 130 0 0 74 211 36 238 200 255
145 0 141 73 32 82 62 196 146 37 0 72 160 221 0 233
12 105 195 42 232 0 0 241 0 91 185 21 136 200 96 89
0 170 4 70 117 139 0 0 94 10 75 0 0 75 238 34
0 0 0 0 0 59 179 0 0 115 32 0 168 42 253 251
0 0 75 231 173 0 137 161 0 0 218 60 230 225 175 132
14 0 77 83 152 11 209 41 194 0 20 4 253 156 193 230
35 12 0 89 116 70 0 136 163 169 145 118 217 86 197 74
81 2 106 22 0 242 85 88 94 0 0 0 71 0 46 0
0 145 72 86 155 57 1 135 20 77 196 243 187 229 115 145
100 11 54 0 30 71 180 0 0 252 111 0 0 169 239 0
