67 0 207 171 0 55 17 178 114 154 103 0 217 122 23 46
0 0 167 0 0 0 0 0 0 24 196 43 55 0 29 0
0 143 1 230 0 231 0 98 213 181 229 0 244 0 90 249
212 0 209 149 15 0 0 0 207 0 0 153 0 151 0 139
238 199 149 0 214 0 0 0 220 194 216 187 226 0 1 157
158 248 159 1 0 44 93 158 53 45 120 225 32 245 0 200
130 0 72 136 0 54 212 233 229 229 65 123 53 92 0 187
0 0 1 158 182 121 243 0 141 86 234 0 0 202 186 61
182 0 0 0 0 0 145 80 113 0 0 57 22 9 1 39
0 130 1 0 0 4 178 0 5 46 145 1 0 0 0 169
21 156 224 41 254 178 41 157 0 69 144 158 254 0 2 177
16 0 138 11 33 73 177 173 106 0 72 0 42 188 9 0
104 0 14 71 95 46 152 67 0 21 10 0 23 0 63 92
50 235 167 241 225 155 214 0 233 110 0 140 170 222 0 0
55 134 0 0 202 124 11 0 0 61 98 0 169 137 148 199
83 142 0 0 11 207 0 178 4 0 70 44 247 203 0 120
