2 0 0 0 2 0 0 0 0 0 4 4 0 0 0 0
11 1 0 0 0 4 0 0 0 0 3 12 0 0 0 5
0 0 1 0 0 0 0 0 3 2 0 5 0 0 0 0
0 0 0 1 0 0 0 5 0 0 0 0 0 0 0 4
0 0 0 6 0 0 0 0 0 1 4 0 0 0 0 0
0 0 0 0 0 7 2 5 0 0 2 0 0 4 0 0
0 5 1 0 0 0 7 4 0 0 0 6 0 0 0 0
0 3 0 2 0 8 0 0 3 0 0 0 0 0 0 3
0 0 0 5 1 0 0 3 0 3 0 0 6 0 0 2
0 0 0 0 6 0 0 0 0 0 0 0 9 4 0 0
0 0 0 9 0 0 8 0 0 0 0 0 0 0 0 0
11 0 0 0 2 0 0 0 3 0 0 0 9 0 0 0
0 4 1 0 0 0 3 0 11 0 0 0 3 3 0 0
0 0 2 0 0 0 5 0 0 0 0 0 0 0 0 4
0 0 0 0 0 0 2 0 0 0 0 0 4 0 0 4
0 6 0 0 0 0 0 9 0 0 0 0 0 0 3 0
