0 18 81 150 139 222 177 0 156 69 61 148 102 8 42 0
4 0 152 157 56 36 0 1 12 216 6 4 241 181 16 126
153 231 76 0 228 0 238 35 235 0 7 240 0 0 22 154
29 36 176 16 0 7 0 109 0 172 139 221 0 207 146 226
12 0 154 121 0 80 120 39 85 237 230 0 0 0 58 251
99 140 0 192 0 110 0 79 38 84 181 33 7 153 238 113
0 106 0 65 143 231 155 232 87 222 13 225 130 187 70 203
87 0 2 80 223 20 108 255 126 133 64 1 169 0 229 246
91 0 11 245 137 195 0 42 0 55 49 0 196 15 177 211
2 0 65 7 0 2 115 179 21 125 164 10 39 4 24 230
15 166 243 198 197 209 3 208 0 115 10 0 140 0 36 105
0 179 112 0 245 151 5 194 8 195 0 161 90 101 80 89
5 131 107 207 18 250 0 112 25 7 142 0 178 143 156 3
156 0 166 147 155 56 0 3 0 92 0 0 193 184 0 225
229 0 93 0 238 0 162 102 163 52 124 24 237 197 255 190
0 0 73 0 2 0 116 142 231 0 206 63 71 2 186 154
