2 159 198 250 133 0 77 134 19 0 227 184 0 56 181 0
0 87 133 0 0 240 99 193 0 42 0 76 123 0 0 110
0 170 110 24 151 0 0 68 0 0 117 22 32 197 138 50
209 0 151 168 163 20 0 52 0 0 0 12 248 73 191 71
11 208 18 222 33 68 38 0 0 36 101 227 35 1 133 232
29 46 0 114 0 65 214 86 253 95 227 61 0 85 0 0
255 98 29 74 68 117 0 0 254 29 0 102 0 18 32 26
63 218 166 120 0 0 0 69 0 206 128 16 62 0 66 161
216 147 197 164 15 225 133 29 97 177 82 143 16 63 32 218
0 0 0 0 140 0 195 0 0 0 0 245 86 187 178 122
0 90 0 18 156 0 128 33 229 0 183 0 0 186 0 30
0 57 0 96 0 0 0 0 234 130 9 207 87 42 93 159
0 0 158 188 51 177 125 251 0 70 97 22 129 107 0 201
201 120 0 194 227 176 0 121 195 46 235 54 114 213 0 0
0 236 0 28 0 0 0 165 0 197 0 174 165 109 192 32
0 0 237 20 0 206 0 172 246 226 0 219 58 106 0 115
