241 19 0 218 33 0 240 22 203 251 113 119 52 249 44 166
63 55 219 0 0 26 159 21 0 95 183 0 0 98 78 71
197 0 80 111 208 0 0 68 225 206 0 245 0 43 216 0
0 72 0 0 107 132 39 118 0 15 167 97 95 131 7 251
225 99 53 122 0 70 211 0 76 0 41 196 7 0 216 0
0 0 51 0 111 83 196 24 229 33 188 242 140 56 210 139
100 0 97 243 162 0 42 0 15 153 0 50 206 20 0 30
101 0 51 215 162 253 108 217 102 108 0 0 220 163 177 158
0 52 34 41 2 192 0 11 22 162 154 8 204 0 90 252
150 122 216 253 0 105 113 63 140 0 0 248 246 207 0 135
251 0 243 12 119 104 243 158 2 232 220 6 70 185 124 210
15 0 175 0 0 122 140 206 226 255 0 146 23 103 18 106
174 0 154 22 173 38 0 0 197 0 0 53 161 36 252 247
240 0 217 195 53 16 131 241 233 108 119 0 12 63 161 198
255 142 0 155 129 128 150 89 120 113 236 37 0 0 248 216
242 0 0 240 205 151 196 20 110 230 55 0 0 161 210 0
