8 23 29 0 4 0 1 0 0 0 0 0 0 0 0 27
0 8 0 0 0 0 0 0 5 0 0 6 0 0 22 43
0 0 0 0 0 4 0 0 0 14 0 0 0 0 47 0
9 13 0 26 0 0 6 0 0 0 0 0 12 12 0 0
0 18 23 0 0 0 0 12 2 0 17 0 24 0 0 0
7 0 0 10 31 37 0 0 0 6 0 20 0 0 0 7
0 0 0 0 0 0 0 0 0 17 28 0 0 0 0 0
17 0 0 0 0 3 13 0 0 0 0 0 14 0 15 0
0 0 0 0 0 0 11 0 0 23 0 0 9 20 0 0
0 0 0 0 0 0 0 0 0 2 18 0 12 0 0 0
0 0 0 0 3 21 0 0 0 0 0 0 0 0 0 0
0 0 0 0 28 0 0 0 0 0 0 0 0 5 0 16
0 0 0 38 0 0 0 0 0 0 17 0 9 0 16 0
0 0 0 0 0 1 23 18 0 0 0 0 0 0 0 0
0 0 0 0 0 0 0 25 0 30 0 7 0 0 0 0
0 0 11 6 3 0 0 0 0 0 0 0 0 6 9 10
