0 178 140 113 0 71 223 0 101 19 74 143 206 177 124 0
144 0 116 0 209 0 199 44 44 0 21 135 98 37 0 68
18 132 0 196 0 81 60 0 13 15 182 0 22 9 0 168
168 164 246 236 126 0 212 41 147 100 148 156 197 0 175 137
0 8 188 138 177 28 0 121 0 114 255 59 202 59 0 238
0 0 231 0 0 113 36 58 230 123 230 242 218 7 25 134
0 54 45 72 244 32 227 8 241 255 29 0 0 24 26 32
10 150 8 8 0 66 255 244 72 4 135 0 133 0 149 0
234 0 0 104 235 34 0 189 157 58 10 49 169 0 254 27
0 159 0 0 139 0 208 108 0 150 213 199 165 164 0 212
245 12 12 160 218 216 0 4 0 85 0 42 236 90 227 34
0 216 8 3 5 186 234 0 114 120 7 140 0 93 244 255
140 0 140 0 186 14 0 80 251 232 32 141 83 127 105 179
113 0 248 86 40 196 21 0 18 179 4 0 85 8 141 3
165 0 172 0 0 70 189 25 64 208 0 149 163 133 153 225
189 89 0 0 56 40 189 114 58 0 159 60 150 33 47 55
