95 97 165 167 9 0 140 0 0 0 64 250 249 220 0 83
20 0 185 0 136 0 0 4 249 254 0 80 0 0 227 88
180 0 0 45 0 146 0 0 146 134 88 0 0 35 210 0
70 92 54 39 239 95 89 207 116 139 175 0 228 79 0 146
37 79 194 214 57 66 16 216 188 0 160 169 99 227 252 20
194 98 28 132 0 122 170 0 115 193 0 47 97 117 31 0
208 107 42 89 8 238 105 78 18 0 0 120 150 77 0 240
93 107 240 3 177 0 0 14 212 20 223 168 155 93 25 0
0 0 102 0 171 89 143 240 133 0 125 79 161 0 0 147
175 209 139 112 32 65 0 22 0 225 198 110 0 49 0 0
246 25 99 0 204 228 51 182 0 0 0 229 185 235 98 155
0 133 224 187 0 21 71 210 244 248 51 205 171 195 160 0
209 7 182 37 0 0 234 115 49 209 0 123 214 122 201 184
47 117 11 112 66 0 196 72 0 152 174 0 216 0 0 69
0 27 140 137 168 116 9 92 229 230 218 91 0 0 21 0
159 34 132 220 67 129 0 72 0 0 1 79 57 0 0 239
