207 0 159 22 175 148 172 230 19 0 14 0 0 49 13 0
179 216 228 0 174 171 0 25 252 65 0 216 83 22 181 248
0 86 0 172 23 0 0 209 104 22 86 0 79 0 12 154
98 0 245 205 43 16 24 1 172 244 153 161 160 199 45 170
0 25 202 0 195 27 91 0 255 101 52 203 19 0 0 109
250 142 35 0 205 158 52 203 0 71 185 29 242 0 0 88
159 114 103 29 8 0 252 0 19 161 30 0 165 0 134 0
0 145 144 26 250 8 0 166 112 206 99 140 228 209 189 58
4 0 176 142 118 184 250 26 3 0 96 226 96 3 45 0
31 63 255 32 251 254 0 110 54 89 158 198 250 122 0 9
22 129 0 255 173 139 29 107 0 90 11 0 213 31 219 4
0 211 9 117 21 194 45 0 199 241 0 255 216 62 12 81
250 238 0 225 0 174 28 222 230 165 233 29 15 0 160 21
155 127 168 151 77 115 0 63 203 44 171 253 171 14 119 202
0 193 201 0 236 141 120 128 111 0 0 58 104 133 0 119
7 16 34 191 238 50 76 109 0 0 210 246 255 192 0 0
