0 36 82 179 104 195 0 161 229 17 0 75 11 101 155 226
0 198 41 0 205 104 196 0 185 116 236 0 137 245 189 210
0 95 140 0 205 229 20 31 74 0 184 107 214 190 0 176
201 193 102 123 72 69 0 0 0 240 171 212 62 228 47 27
33 108 0 0 0 249 249 0 22 29 0 123 0 38 117 161
141 166 117 0 88 0 7 175 226 0 26 184 0 112 0 134
0 0 0 0 76 123 56 0 127 0 225 0 0 0 38 191
0 161 0 75 65 239 15 195 0 11 0 0 0 0 0 13
125 101 224 209 107 198 199 72 110 44 227 148 97 67 221 77
250 34 75 0 0 0 121 83 0 226 0 0 0 242 172 186
210 82 252 18 155 63 91 95 30 149 111 108 72 82 145 0
0 186 61 94 95 91 248 121 19 178 245 120 0 227 51 0
66 135 35 7 107 7 0 66 0 0 235 90 238 214 0 0
197 123 144 231 234 196 205 0 88 221 174 171 147 74 9 194
62 81 187 0 0 108 0 0 168 140 0 234 11 75 0 0
0 0 0 199 26 34 33 59 54 174 60 230 81 139 100 134
