29 54 250 0 0 102 38 0 126 241 0 208 218 22 22 42
178 219 9 61 35 194 48 35 0 121 165 212 235 20 183 123
216 0 78 98 0 197 85 0 206 11 115 207 23 202 83 11
0 0 167 128 0 170 0 210 0 0 0 0 236 25 219 128
107 0 94 28 136 196 142 92 0 0 23 184 0 0 140 162
0 209 203 0 165 179 252 161 221 0 52 0 0 56 0 61
89 76 247 185 0 213 194 143 218 232 241 197 0 10 11 0
16 225 175 97 0 245 249 0 158 0 144 232 131 0 171 102
141 0 215 122 12 0 0 139 136 0 87 112 80 150 172 0
79 186 92 231 25 243 0 130 0 118 87 227 114 0 62 0
0 216 124 0 22 102 196 0 30 102 0 194 0 0 0 184
0 150 182 0 161 75 50 59 15 184 54 215 0 63 0 195
184 0 83 0 0 196 89 144 0 0 154 9 127 38 253 237
19 65 105 73 42 40 235 213 3 0 177 155 0 154 0 88
0 158 58 193 0 50 174 229 79 199 247 0 89 255 0 20
166 173 255 136 139 56 177 99 0 0 0 117 238 223 201 0
