0 246 0 0 67 66 241 125 151 0 0 0 133 131 174 147
185 163 151 0 74 0 236 97 205 15 140 193 0 0 205 8
128 202 219 0 0 194 225 102 0 0 0 0 0 0 0 218
0 171 0 250 0 156 105 184 108 0 152 161 204 236 191 0
145 0 48 153 188 103 38 58 87 76 0 36 62 247 16 182
0 0 35 229 0 0 8 201 0 97 17 26 96 106 226 244
67 61 27 251 127 225 44 0 0 66 0 0 53 0 98 13
244 0 223 34 243 0 136 205 0 131 213 130 134 212 66 0
0 9 106 42 0 141 0 214 248 0 0 0 88 80 25 6
184 0 99 199 0 0 56 124 103 252 241 0 173 0 0 164
0 0 0 28 199 0 130 214 141 0 0 8 93 241 0 0
229 0 0 243 144 209 149 121 175 2 0 188 72 30 0 203
0 199 193 130 0 201 229 0 0 0 133 189 83 177 229 80
3 0 167 199 77 186 119 0 52 65 0 19 45 40 139 3
168 46 0 102 78 0 1 0 120 135 105 0 0 228 209 16
169 81 218 0 255 0 150 0 164 3 21 182 109 39 0 0
