241 88 0 224 33 0 255 46 203 251 136 186 67 249 104 166
67 55 219 0 27 47 159 21 0 95 195 0 96 98 78 71
230 0 80 111 255 0 0 68 225 206 14 245 17 43 216 29
0 107 0 0 107 132 39 118 0 15 167 97 128 131 7 251
225 140 128 122 0 146 211 0 76 0 41 235 13 16 216 0
0 0 51 0 111 83 196 24 229 39 255 242 140 56 215 139
113 0 97 249 162 0 102 0 15 153 1 83 228 20 0 31
101 0 51 223 162 255 145 217 102 151 0 0 220 213 181 158
0 52 34 41 2 192 26 11 22 162 178 25 243 1 175 252
150 177 216 253 0 105 113 63 141 0 3 255 246 207 0 174
251 5 251 21 119 104 243 158 2 246 220 6 104 185 124 210
15 0 198 0 2 122 140 206 226 255 0 146 44 103 19 106
184 0 154 22 215 38 0 0 255 0 44 53 161 49 252 247
255 0 217 195 53 16 131 241 233 108 119 90 12 63 189 198
255 142 5 159 129 135 160 89 120 113 236 73 28 0 248 216
242 36 0 240 205 151 196 20 110 230 55 0 0 169 234 0
