198 82 0 113 4 47 67 0 245 50 181 0 95 0 155 0
69 10 227 157 136 158 209 96 119 18 26 171 244 0 41 193
0 42 0 0 34 29 161 255 90 0 0 179 231 150 184 209
0 135 15 150 216 0 186 10 168 75 0 215 233 117 2 0
0 0 0 239 177 45 139 92 0 235 50 55 0 0 137 32
32 87 161 203 2 117 169 67 230 0 80 0 74 134 64 105
0 245 0 28 212 76 0 20 134 200 175 119 39 218 0 1
58 0 0 182 136 54 0 127 0 255 144 0 0 196 0 0
136 2 140 45 0 184 162 19 140 115 221 124 190 25 250 136
217 126 59 0 39 30 0 54 145 0 64 111 209 26 0 109
249 232 196 145 23 68 223 12 0 1 0 0 56 237 23 140
234 80 0 97 120 0 224 246 168 206 0 11 76 4 239 115
0 226 153 42 174 117 141 39 119 220 0 115 183 90 246 212
88 7 69 196 0 80 170 157 178 33 94 88 69 128 189 139
0 151 118 162 47 0 207 199 174 9 170 236 93 119 0 143
0 176 4 0 159 59 18 0 147 100 0 117 146 212 0 130
