217 192 0 119 16 189 0 19 255 55 215 0 0 217 0 233
18 67 0 92 5 24 0 87 255 13 210 0 0 0 255 162
105 0 0 249 30 53 209 122 69 0 209 0 156 255 5 126
215 67 0 20 89 105 37 0 0 220 15 124 207 84 0 164
39 0 174 0 140 190 141 54 111 14 0 154 0 221 0 136
35 7 78 219 119 0 251 70 44 47 31 245 160 78 124 250
217 209 119 241 178 99 77 3 9 0 240 3 200 174 0 183
254 119 0 0 3 0 36 99 236 151 233 4 206 7 171 0
0 255 73 11 85 24 0 237 228 0 184 149 0 55 50 65
126 239 232 209 193 21 5 0 145 231 0 121 0 126 0 220
137 0 0 162 0 250 76 171 156 42 247 122 154 99 172 6
14 98 255 47 206 0 150 0 0 0 0 104 2 139 172 176
187 223 0 100 0 204 146 74 45 18 86 237 189 62 221 142
207 0 0 162 52 95 33 92 173 0 114 0 0 245 156 217
0 181 75 62 27 199 40 104 115 101 242 95 39 175 30 152
8 255 0 86 0 0 194 243 50 76 61 57 154 188 50 187
