0 72 188 43 78 6 219 0 0 176 66 38 26 139 156 38
111 229 0 220 41 0 253 111 0 0 248 147 172 119 0 70
0 0 0 252 65 0 246 153 234 223 55 168 0 241 98 90
0 0 0 178 181 43 13 168 188 201 183 176 31 0 0 46
55 136 182 12 99 0 231 88 0 111 196 32 0 187 61 216
96 0 0 0 0 48 173 139 117 224 152 237 0 11 185 220
0 83 166 1 114 238 62 0 0 209 248 22 47 0 205 0
119 0 3 98 152 0 249 236 1 69 0 31 1 0 0 223
0 1 91 248 197 179 146 86 40 0 53 168 0 240 11 0
0 1 0 138 109 0 37 83 130 154 252 199 0 233 115 152
102 86 244 104 0 112 180 140 153 22 0 0 0 62 155 234
100 0 0 13 0 224 165 0 141 0 207 18 63 141 0 21
0 0 0 0 76 253 57 246 0 112 0 32 14 82 0 0
0 214 0 247 0 0 116 13 0 0 99 174 178 228 0 159
0 0 98 101 12 232 0 231 0 209 0 0 187 227 236 147
166 80 0 44 237 122 79 0 159 26 0 220 209 0 178 0
