220 144 66 21 0 69 43 164 20 207 0 40 151 0 66 77
187 222 241 195 60 214 83 112 229 12 233 1 88 56 187 196
4 4 205 0 1 49 67 0 47 0 51 0 2 175 0 88
186 174 0 192 110 2 245 227 44 109 132 27 24 80 219 216
0 0 220 244 97 59 107 135 155 1 234 6 253 55 32 0
0 114 228 102 63 99 206 248 87 124 73 233 28 173 0 221
0 12 211 101 0 177 0 81 177 131 27 160 79 0 0 210
0 96 221 223 4 159 129 114 96 91 174 89 235 0 196 216
55 25 56 155 0 2 13 218 12 0 246 0 174 0 197 221
0 6 0 126 0 37 182 20 75 61 229 0 238 2 75 111
39 0 59 83 40 0 112 120 163 6 1 145 102 179 126 0
0 211 34 174 157 0 53 0 0 95 210 27 106 223 68 90
0 190 13 212 187 149 0 9 215 249 0 96 8 173 0 1
243 68 9 129 0 88 25 156 62 45 11 0 4 59 47 0
165 248 254 0 25 13 0 142 171 234 250 87 217 138 246 186
0 0 56 223 0 238 0 0 0 164 54 28 99 134 159 25
