120 59 0 71 0 250 0 0 0 57 0 0 120 0 0 252
0 40 132 132 251 206 33 234 217 38 0 48 0 64 169 0
57 25 0 66 0 106 0 70 213 152 58 87 203 188 0 243
11 87 122 127 190 24 156 251 29 0 163 112 0 0 64 204
169 0 11 0 0 0 231 0 137 104 0 0 0 114 56 0
131 235 78 101 0 84 68 0 0 220 0 212 213 47 0 1
137 180 117 199 174 7 0 210 182 0 147 133 0 174 44 232
207 62 0 0 0 23 0 206 0 97 224 20 96 13 251 58
151 32 148 226 187 175 125 16 0 0 37 125 0 239 0 145
128 57 141 254 0 23 153 0 142 0 0 43 33 0 174 187
215 251 253 0 35 226 124 0 87 115 115 131 9 14 121 0
0 128 0 143 114 41 238 254 231 0 142 225 0 19 8 0
51 22 23 120 160 184 158 227 0 104 42 91 9 114 0 237
0 13 198 28 79 126 103 37 236 209 21 0 56 249 56 163
0 72 243 7 64 0 0 97 22 12 121 40 34 205 0 0
0 128 205 208 250 201 235 42 10 0 110 79 0 129 65 165
