220 118 193 146 118 156 206 72 47 7 152 231 29 0 109 233
84 94 29 0 167 133 0 0 112 135 91 0 41 241 0 0
226 215 0 118 135 0 117 171 61 75 201 0 0 0 34 100
0 0 232 189 162 201 59 85 33 251 108 72 170 0 21 25
233 64 204 167 80 0 0 136 55 245 166 42 103 231 23 0
0 204 0 19 251 251 0 33 0 160 0 242 46 184 235 176
110 173 52 0 0 2 0 255 136 85 0 0 94 0 14 0
168 234 0 0 151 0 131 0 222 0 0 172 180 248 242 137
81 12 0 1 209 0 0 164 216 181 168 195 252 243 223 145
145 0 14 104 212 41 21 7 112 67 126 9 0 164 0 65
202 175 0 189 0 25 143 0 0 36 158 0 110 78 0 91
218 239 131 165 169 135 128 30 230 0 73 196 94 100 0 7
81 1 37 72 124 42 0 169 0 159 0 251 121 0 79 73
208 0 130 55 0 0 150 225 225 2 206 31 0 132 31 0
88 113 252 199 0 96 38 180 0 99 4 188 0 244 100 210
0 23 231 143 188 192 0 42 0 175 103 227 0 0 0 219
