168 16 18 7 251 156 164 78 171 179 12 0 85 130 224 20
75 0 0 222 231 65 192 0 3 238 0 2 7 221 14 173
170 93 54 14 199 255 0 57 0 114 171 102 248 44 10 66
223 114 74 0 122 0 20 107 243 22 238 229 120 166 0 0
238 39 0 0 15 64 199 90 0 35 90 0 42 0 240 108
175 245 13 29 128 242 114 82 142 2 0 96 0 132 0 0
37 104 182 122 56 0 60 6 119 229 11 0 241 0 0 126
213 212 40 168 18 60 124 244 68 38 91 15 0 144 168 0
221 137 0 0 176 183 0 121 169 119 0 62 122 39 202 0
117 58 173 202 161 174 0 205 0 228 65 93 12 80 107 96
161 116 6 162 119 180 1 0 0 211 206 202 151 148 251 195
130 255 192 68 0 240 248 104 64 156 1 162 44 0 2 127
8 212 50 42 56 255 244 0 150 181 4 255 0 0 105 15
52 57 231 118 244 6 229 177 54 99 8 0 149 0 166 195
19 196 0 220 197 101 85 7 175 244 111 225 238 42 0 35
0 227 85 18 67 0 1 249 125 163 29 5 171 0 99 0
