82 162 0 0 0 0 173 187 0 144 0 68 225 0 44 8
246 0 37 58 149 43 0 205 250 164 231 27 62 0 64 80
102 29 0 68 80 20 167 24 113 229 79 248 0 114 0 0
91 10 0 118 0 37 10 132 0 8 240 0 2 0 75 2
39 0 64 182 0 0 132 129 0 164 58 6 53 0 0 111
0 10 30 252 196 84 134 75 150 0 5 0 0 189 0 37
58 0 83 0 1 91 243 125 115 154 144 150 171 0 0 0
0 138 179 190 6 27 2 188 38 13 107 16 133 184 68 0
0 100 0 0 236 201 3 0 49 54 177 202 0 12 218 218
0 200 191 242 209 91 250 0 10 206 154 248 0 108 2 230
166 152 0 216 71 209 229 0 0 147 0 0 118 45 109 0
0 56 0 104 164 157 140 170 41 146 98 55 38 210 108 54
0 135 0 90 205 151 0 3 225 45 0 72 213 0 62 15
35 120 0 18 0 28 0 31 21 235 71 31 153 158 232 0
29 0 170 245 255 5 21 0 81 149 6 238 61 51 227 45
4 7 5 156 125 212 67 174 89 196 0 127 57 130 1 0
