22 21 0 249 93 0 125 167 83 217 253 113 204 0 98 153
116 13 255 131 0 245 0 232 165 192 252 0 184 59 236 19
18 111 0 0 0 21 125 64 17 160 236 149 0 109 56 130
2 114 0 0 172 32 16 0 49 145 128 63 79 220 60 38
18 85 14 0 77 82 159 48 0 0 252 246 0 94 3 149
7 0 250 160 22 44 0 222 15 0 95 13 0 217 154 0
74 48 23 28 99 18 93 21 47 106 0 0 221 59 151 0
153 18 19 126 56 182 130 71 209 20 30 0 224 35 255 195
164 0 106 89 103 117 81 142 6 0 0 255 1 24 0 1
0 0 40 108 0 48 226 31 37 188 220 0 136 245 157 94
24 0 0 40 30 51 37 189 201 0 139 37 0 138 86 158
84 14 3 32 140 0 31 246 249 121 6 239 0 0 239 97
6 216 158 0 199 108 100 200 30 193 234 12 179 123 43 191
124 133 147 245 10 27 251 72 179 0 0 251 104 59 162 0
164 251 0 12 116 210 49 214 178 204 78 10 112 195 0 81
77 27 26 238 117 221 40 0 71 136 0 0 222 137 239 75
