181 174 49 0 163 62 105 143 0 0 1 0 155 248 215 212
0 177 146 0 171 0 0 90 0 104 57 0 20 0 80 121
0 0 68 247 0 0 186 129 171 0 46 244 185 0 221 205
0 66 0 0 0 0 58 187 139 185 30 0 0 108 117 169
142 0 235 147 180 0 0 168 134 98 139 0 217 158 216 168
223 88 0 169 124 0 150 252 0 0 65 84 231 141 40 174
169 152 0 58 0 0 252 249 39 226 157 0 0 0 130 104
57 164 33 0 0 0 24 0 0 0 253 192 18 83 30 58
0 0 88 90 21 37 0 153 133 0 197 0 185 179 158 0
0 31 185 147 4 75 200 21 249 0 59 0 0 162 160 94
0 19 85 221 149 215 0 0 194 179 0 249 177 0 0 71
173 213 168 200 78 251 244 167 0 115 60 142 0 0 168 29
57 100 0 89 0 0 35 48 62 41 43 216 91 224 0 0
0 73 0 0 212 179 84 190 217 0 0 3 0 121 96 241
178 0 171 58 0 183 10 66 136 142 204 172 0 0 117 2
213 44 209 6 80 0 0 0 0 0 0 0 234 96 0 72
