30 220 0 218 144 209 212 82 207 0 249 210 143 56 213 72
0 0 20 251 246 255 111 0 0 238 154 204 16 0 0 13
57 202 232 86 244 200 120 0 105 86 0 249 65 108 32 0
236 217 167 165 148 204 0 203 141 39 23 0 88 179 0 109
148 155 0 0 0 132 57 57 112 68 213 0 0 0 124 154
211 170 147 244 55 0 122 0 196 0 0 0 178 227 0 74
0 224 215 233 39 21 104 2 0 63 108 102 173 0 171 97
104 0 228 60 186 74 0 0 187 67 0 146 46 0 247 165
0 16 176 185 0 9 13 244 98 208 0 251 163 141 0 7
182 0 131 0 0 0 81 251 21 110 188 0 236 0 32 0
0 201 0 161 0 191 54 0 0 18 48 0 35 0 83 0
197 146 163 239 166 71 118 140 67 220 131 20 78 52 0 209
66 91 0 208 0 205 91 90 0 0 126 156 59 198 0 253
71 164 184 0 159 52 0 0 0 208 0 0 102 0 0 205
89 25 0 118 141 12 0 44 43 0 0 106 0 53 47 34
211 226 250 0 148 83 62 221 244 0 0 186 196 228 58 0
