0 35 0 58 0 0 2 0 179 202 0 250 0 0 50 231
169 0 3 40 0 0 42 119 66 253 15 97 0 24 0 0
92 196 39 0 238 0 0 0 0 176 0 115 245 184 0 66
0 26 170 125 87 195 39 213 248 28 85 0 0 0 249 1
34 80 0 0 194 0 127 33 31 199 0 28 0 216 0 79
0 5 52 246 28 19 78 0 0 67 0 157 239 51 143 18
200 0 174 182 70 237 0 209 199 169 147 227 125 0 88 53
167 77 0 200 47 0 136 0 0 0 239 143 226 28 137 0
30 115 246 166 0 154 132 0 103 105 90 160 208 143 192 119
252 96 128 0 223 204 0 0 145 0 200 0 0 139 0 10
0 2 0 0 19 32 254 0 119 30 87 0 238 146 85 0
249 105 36 64 0 0 161 0 185 229 13 166 246 135 110 248
231 0 49 0 135 98 0 135 102 128 188 182 223 112 237 22
0 27 206 253 0 46 202 0 223 93 128 0 211 25 0 0
9 0 230 244 130 170 164 58 91 245 179 44 221 166 158 126
12 197 0 212 104 135 0 218 236 210 17 25 0 19 182 0
