0 0 16 41 118 123 30 195 0 251 183 107 0 0 121 252
61 0 253 59 0 126 0 157 0 0 0 27 221 102 0 48
28 183 167 218 17 0 0 75 197 0 0 0 188 17 153 117
221 0 103 190 199 44 127 85 219 0 105 26 92 3 158 0
8 0 146 0 0 0 0 42 108 71 0 70 192 160 0 0
103 0 197 0 190 59 21 0 246 228 0 221 199 238 188 48
0 0 0 0 14 94 135 48 60 123 121 68 0 0 109 0
178 140 0 0 207 29 236 0 31 0 123 0 68 8 230 106
207 175 70 204 184 114 11 0 216 48 0 0 207 0 139 0
66 244 158 0 237 0 20 120 22 77 29 56 0 133 205 247
103 168 0 41 19 162 0 68 0 0 0 0 111 42 11 250
0 145 0 89 165 0 26 164 141 0 216 84 87 0 0 149
0 0 232 255 233 80 0 0 0 164 60 38 42 172 18 33
19 222 205 19 155 0 0 0 62 5 58 121 182 84 6 178
208 109 125 219 0 26 131 232 149 156 228 220 115 0 106 57
0 72 26 197 83 159 127 0 155 0 0 108 202 0 221 163
