216 26 0 39 155 50 93 102 0 243 0 200 120 217 26 238
41 249 0 0 142 111 88 171 182 0 70 0 116 0 86 8
34 0 55 254 0 20 27 10 112 0 80 26 0 102 0 224
0 178 124 157 0 0 9 0 40 0 162 141 214 45 190 201
247 89 218 0 0 0 46 22 0 103 66 45 134 65 95 39
0 0 189 0 71 0 143 54 0 0 243 99 0 218 0 87
161 0 241 171 237 156 0 237 82 71 98 136 43 119 0 176
181 228 232 0 23 217 159 0 65 0 0 91 38 222 0 60
72 33 81 58 227 86 0 249 64 18 0 125 0 0 0 0
214 0 73 230 0 127 185 0 27 8 0 66 216 0 0 0
0 0 231 99 29 109 238 8 0 0 0 143 136 46 63 57
46 0 0 133 214 188 17 0 77 0 244 124 0 158 196 110
10 44 0 243 0 108 0 130 81 61 175 48 0 142 0 84
113 0 182 88 99 0 147 138 86 99 43 124 95 191 0 1
91 14 46 0 76 0 0 92 241 21 107 93 35 30 215 0
85 195 225 32 40 166 0 69 33 149 213 0 0 249 177 0
