0 0 20 141 63 153 89 0 135 144 43 0 146 92 242 9
7 0 218 0 0 7 180 144 60 0 5 0 75 141 4 211
18 37 191 33 192 204 145 168 25 234 0 120 0 0 253 114
29 85 155 148 0 69 0 0 93 0 0 118 172 86 0 228
0 0 0 0 0 228 65 0 0 0 0 0 0 152 93 10
123 40 81 0 3 0 0 5 0 179 0 0 220 137 177 0
0 9 97 248 123 134 0 0 0 0 0 0 0 24 209 0
0 77 0 209 0 173 148 86 0 0 235 94 196 226 0 86
241 176 0 104 104 0 127 220 152 41 0 125 64 128 27 0
0 0 0 0 183 70 13 0 173 39 164 50 202 0 0 0
0 105 33 131 79 237 180 196 20 117 168 0 0 253 27 241
164 53 173 0 134 0 40 234 121 40 70 185 150 0 98 199
0 160 147 16 196 155 104 45 194 0 0 157 186 249 138 216
0 0 175 0 185 0 57 0 0 191 37 177 72 0 88 0
173 19 176 13 88 0 171 33 0 0 134 235 0 207 47 76
194 79 125 45 181 112 68 0 10 142 96 158 254 0 55 55
