0 0 0 0 41 146 0 167 137 187 26 225 252 0 0 139
0 188 141 0 211 130 37 160 27 165 116 37 226 58 0 211
0 97 0 0 0 104 0 158 89 80 0 0 0 196 142 162
126 0 105 98 170 0 188 178 0 159 38 0 94 30 19 199
161 178 0 189 12 101 20 0 228 0 23 88 110 31 128 0
0 0 170 0 45 0 96 80 117 209 0 35 0 0 164 58
73 0 80 195 92 116 232 0 103 157 90 209 64 42 0 202
37 174 0 141 0 228 192 37 114 0 0 0 151 179 136 234
0 0 136 130 0 0 208 0 220 5 0 27 0 115 96 236
0 6 164 45 245 0 0 0 133 35 0 64 73 62 241 108
132 181 169 135 255 132 177 13 0 8 183 165 163 49 168 159
231 203 0 167 0 0 0 0 12 62 0 0 192 134 83 146
0 0 0 138 45 5 23 138 251 137 0 42 99 54 66 222
189 0 193 96 88 0 0 0 0 0 112 178 103 43 24 24
0 43 0 0 118 251 87 0 0 219 0 0 210 51 0 119
72 13 184 177 88 8 242 0 18 2 0 0 0 116 189 158
