0 0 0 0 41 146 0 167 137 187 26 225 252 0 3 139
0 188 141 6 211 130 37 160 30 165 116 37 226 60 0 211
0 97 1 3 0 104 0 158 89 82 0 0 0 196 142 162
126 0 106 98 170 2 188 178 2 159 38 0 94 30 19 199
161 178 0 189 12 102 20 0 231 0 23 88 110 31 128 0
3 0 170 5 48 0 96 80 125 209 0 35 0 0 164 65
82 1 83 195 98 116 232 0 103 157 90 209 64 47 0 202
37 174 0 141 2 228 192 37 114 0 0 0 156 179 138 234
0 0 136 130 0 0 208 0 220 5 0 27 0 116 96 238
4 6 173 45 245 0 0 0 133 35 0 64 73 62 245 108
132 188 169 135 255 132 177 13 0 8 185 165 164 49 168 159
231 203 0 167 0 0 0 1 12 62 0 0 192 134 83 152
0 0 6 138 49 5 23 143 251 137 0 47 102 54 66 222
189 0 193 96 89 0 0 4 0 0 112 178 103 43 26 24
0 43 0 0 120 251 87 3 0 219 0 0 210 56 0 119
85 13 184 184 88 8 242 0 18 2 0 0 0 116 189 158
