0 99 124 248 20 209 0 0 153 113 0 0 184 102 136 226
182 119 39 0 0 237 249 0 129 109 234 88 91 0 236 0
0 86 59 175 0 136 63 0 214 66 62 43 18 198 71 254
9 0 211 80 20 247 131 0 175 107 209 238 162 57 0 220
117 200 0 181 219 161 67 242 0 69 1 246 0 201 254 153
0 19 0 42 0 215 100 173 0 119 165 240 22 0 254 18
0 73 159 66 113 40 76 0 0 0 109 237 42 0 185 93
0 0 0 62 0 101 232 213 0 174 0 0 0 216 0 0
164 44 239 0 189 223 212 251 23 0 240 165 0 83 0 69
222 0 116 205 81 131 0 108 113 74 138 0 0 0 0 7
0 0 49 226 138 0 0 182 115 0 227 137 95 0 248 203
194 64 135 0 0 0 10 0 0 88 221 26 74 110 128 159
100 0 185 118 26 206 110 117 24 31 12 155 174 173 226 87
0 0 0 0 0 189 169 96 157 119 124 253 106 206 0 0
159 212 173 0 83 0 0 0 143 54 49 0 28 0 0 32
0 42 30 0 4 69 0 219 0 5 208 34 232 0 198 0
