0 205 200 228 210 0 175 206 113 0 231 23 116 0 41 0
29 154 0 75 163 246 159 0 225 0 214 81 204 48 95 0
0 0 49 6 1 0 0 20 232 1 139 130 0 196 73 123
245 49 0 0 121 137 0 25 3 134 1 72 41 235 47 0
100 203 156 234 0 136 179 76 166 247 0 70 50 160 152 96
0 71 0 3 108 7 117 72 0 65 0 121 249 88 193 76
41 158 0 61 1 2 0 209 248 0 151 250 35 138 0 245
40 140 0 152 226 118 118 58 36 10 0 69 0 55 0 29
0 0 111 92 245 96 146 61 73 25 230 225 63 162 222 227
177 245 185 0 193 246 0 167 133 219 196 224 66 238 206 57
118 178 172 27 98 114 86 160 0 1 75 235 176 0 12 86
73 112 172 209 105 31 43 103 81 0 133 14 25 34 235 53
240 0 121 29 95 245 11 0 99 0 107 0 118 0 92 154
180 159 53 132 182 236 0 218 78 79 0 202 197 202 0 158
36 222 106 192 25 101 16 86 207 3 70 203 1 0 2 0
3 194 0 144 85 46 0 208 27 99 0 3 249 241 191 70
