71 164 252 80 135 50 133 186 8 224 119 96 12 165 34 213
0 0 186 175 168 0 153 228 164 100 0 146 237 70 223 219
46 253 244 192 218 0 231 211 47 126 102 194 0 21 34 0
38 21 178 194 0 120 161 0 221 110 0 238 1 137 0 103
225 176 179 143 0 114 99 196 222 104 85 0 18 147 0 0
0 0 3 0 26 0 0 140 0 5 6 254 214 26 0 138
49 21 0 0 0 7 194 106 0 0 93 87 247 251 178 172
5 197 41 1 0 180 188 0 211 44 244 0 30 89 14 0
172 108 14 172 255 133 207 29 94 5 0 204 0 111 25 157
245 0 13 152 208 28 91 65 0 0 142 39 190 171 179 151
175 0 32 204 1 168 224 76 145 0 194 0 0 178 128 131
53 142 0 210 130 93 98 26 0 0 102 0 32 22 0 0
184 168 57 0 107 67 0 54 195 0 162 0 61 49 137 239
0 166 33 244 170 0 191 219 194 0 0 116 0 0 191 110
0 0 58 129 127 254 42 0 1 68 183 0 122 0 63 85
238 209 243 0 195 123 215 222 1 227 0 41 2 34 194 143
