0 0 0 0 0 0 0 4 3 0 0 0 0 0 0 0
0 0 0 0 0 0 2 0 12 0 0 0 1 0 4 1
0 0 0 0 0 0 3 0 0 0 0 6 0 0 0 0
0 0 0 0 0 0 0 0 0 0 0 1 0 7 7 0
0 0 0 5 5 0 0 2 0 0 4 3 0 0 0 0
0 0 0 1 0 10 0 0 0 0 0 0 0 0 2 10
0 1 6 0 0 0 0 0 6 0 0 8 0 0 5 0
0 2 0 0 0 0 0 0 3 0 0 0 0 2 7 3
0 0 0 1 0 0 0 0 2 0 1 1 0 0 1 0
0 0 0 0 0 0 0 0 0 0 6 0 0 0 2 0
0 0 5 3 2 0 0 0 0 9 0 0 0 0 3 0
1 0 0 0 0 0 0 0 0 0 0 0 0 0 4 0
0 7 6 0 0 1 0 0 0 0 0 0 0 8 4 1
4 0 0 1 0 0 0 0 0 0 1 9 0 1 0 0
0 4 4 0 0 0 0 0 2 0 0 0 0 0 0 0
0 0 0 0 0 10 0 0 0 0 4 0 0 0 0 0
