171 245 0 73 138 188 146 218 193 117 0 0 199 0 93 20
71 148 68 0 85 255 179 120 20 150 95 255 132 68 211 0
97 99 0 54 48 18 235 207 181 253 255 0 142 8 137 24
27 73 100 161 72 0 0 117 38 94 93 102 33 19 4 16
92 0 22 41 79 155 0 173 204 0 148 75 65 0 32 236
152 76 133 84 43 30 35 133 204 34 0 0 29 248 4 193
255 207 126 56 0 43 0 66 245 147 120 0 184 5 39 10
121 233 167 156 196 19 3 255 10 255 34 89 0 0 0 128
0 18 49 0 221 161 89 16 110 164 0 255 90 47 201 31
0 94 86 0 131 0 11 159 0 0 76 218 23 22 65 0
28 0 205 75 46 6 111 139 0 191 4 46 9 36 97 149
0 179 37 55 0 157 72 76 0 110 143 39 5 0 159 181
0 0 82 32 230 76 16 0 0 110 0 180 0 44 161 0
57 0 109 13 105 7 151 0 7 212 54 191 136 125 0 194
160 247 211 0 48 94 5 46 199 108 172 205 133 255 254 136
0 228 240 0 26 156 212 0 17 25 0 126 183 3 226 42
