193 50 0 174 148 0 94 56 0 0 0 118 0 98 39 0
140 229 0 0 222 235 202 65 121 129 45 121 196 190 0 102
0 0 24 106 82 0 113 0 0 125 73 183 0 78 162 0
86 0 0 141 44 0 0 13 0 103 148 0 67 0 245 197
178 214 0 111 100 212 0 231 78 122 178 125 59 231 180 0
50 0 36 175 40 133 49 171 0 98 17 14 131 0 251 219
155 60 68 50 5 166 143 21 0 0 0 13 100 0 166 161
38 165 231 187 22 0 175 0 0 102 0 246 0 0 116 0
0 20 93 94 0 0 79 93 92 28 4 220 106 172 50 0
0 175 50 245 20 242 0 224 119 0 0 25 0 0 0 229
0 159 0 116 43 0 0 0 0 114 42 94 76 92 10 135
242 125 109 223 254 81 175 31 97 110 252 167 39 20 14 147
88 60 0 103 0 164 22 108 16 0 0 110 22 77 27 0
0 128 154 177 0 0 0 0 160 0 126 107 14 0 250 73
34 18 65 176 0 224 155 237 233 0 57 0 0 0 209 129
59 0 0 233 217 0 24 106 30 0 83 158 0 81 0 0
