0 251 218 109 217 125 0 101 0 0 113 0 246 0 227 1
47 86 212 147 0 0 0 29 101 0 0 104 101 7 228 35
160 44 0 71 233 96 0 98 0 127 30 140 237 103 252 0
197 0 226 0 0 104 0 148 75 0 62 237 0 0 0 34
251 0 0 96 0 0 0 0 111 47 246 17 62 159 42 0
0 101 0 190 58 0 230 156 166 51 0 23 47 0 248 0
175 0 0 0 119 0 0 95 59 77 171 0 3 0 0 143
0 243 225 143 229 31 192 181 0 139 0 151 1 220 103 0
164 60 149 93 0 0 38 0 0 99 20 0 214 189 223 48
14 127 204 50 97 94 0 99 0 235 211 182 59 137 52 75
235 214 95 166 0 104 1 194 226 214 94 177 204 0 65 176
17 245 231 241 23 231 194 218 154 85 59 50 231 0 0 0
0 0 87 0 0 0 0 0 25 103 138 0 0 212 126 89
212 201 0 117 0 166 196 0 218 31 7 117 0 78 4 199
0 0 0 0 29 0 35 48 0 0 0 34 66 179 153 116
231 38 0 243 49 0 79 63 0 84 232 48 138 0 116 0
