0 0 0 0 0 0 48 0 0 0 65 0 0 0 0 14
19 0 0 1 0 0 0 0 0 9 44 17 0 28 0 8
1 3 41 0 46 0 9 0 0 18 0 0 0 41 0 0
0 17 38 7 43 0 12 22 23 0 0 0 0 0 0 0
0 0 0 52 0 57 0 51 0 0 21 0 0 0 0 34
25 0 0 0 2 0 0 0 0 0 37 7 9 0 0 24
45 0 27 37 0 0 0 0 45 0 0 0 20 0 0 0
9 0 0 0 0 0 40 0 0 9 0 0 47 0 0 0
0 0 0 10 0 57 0 39 0 6 0 0 0 0 48 0
9 0 29 31 19 45 112 0 0 0 0 0 0 3 0 0
0 0 0 4 8 8 56 0 0 0 0 0 9 0 0 4
23 0 0 0 0 0 4 0 43 0 0 0 23 0 4 0
0 0 0 0 0 0 0 0 0 0 32 0 0 0 0 0
0 0 0 0 0 14 0 0 17 0 0 56 35 18 0 0
0 53 0 6 44 0 0 6 0 0 22 0 0 0 0 5
0 0 20 0 0 17 0 26 0 0 28 0 0 0 0 53
