237 161 0 35 235 75 245 221 0 0 77 106 239 87 69 96
15 0 179 17 116 0 0 47 180 228 51 246 166 0 24 215
0 232 58 17 33 81 117 0 0 255 174 184 186 16 20 0
73 255 111 210 249 0 162 156 0 36 61 37 0 242 240 225
0 17 74 29 108 70 66 36 164 0 215 4 187 128 0 65
133 0 236 48 0 107 109 47 0 76 31 11 174 194 3 0
201 245 180 106 0 135 158 204 6 135 236 100 0 41 0 0
144 0 170 163 227 136 98 140 232 213 0 0 215 92 0 209
255 124 130 116 201 70 89 250 1 217 79 0 0 76 227 0
0 240 0 44 104 78 13 21 133 84 86 82 151 0 53 20
43 236 3 117 14 34 176 88 158 117 0 39 233 206 102 111
0 53 78 0 64 55 186 46 0 137 104 95 184 56 209 13
205 23 16 101 87 255 117 203 0 0 0 37 73 216 0 69
224 20 42 201 44 255 249 186 227 0 96 103 60 255 0 129
111 3 0 65 12 55 153 104 254 26 199 246 251 39 107 0
0 26 90 168 0 24 255 74 43 39 0 0 3 44 4 0
