229 0 220 13 179 0 255 73 234 104 196 63 0 147 0 0
0 160 0 120 0 74 18 140 147 11 0 0 177 64 0 0
114 201 107 0 213 0 80 0 249 0 19 168 0 0 70 189
18 176 0 66 130 157 166 254 0 54 207 0 82 70 0 151
0 205 234 21 250 26 130 8 0 162 0 57 107 178 0 152
76 0 219 131 0 232 160 70 213 0 209 0 0 51 226 85
109 208 116 170 212 0 91 0 0 0 247 0 0 197 0 216
0 92 0 133 124 0 36 17 246 25 67 69 223 67 24 0
82 0 214 27 0 0 0 97 0 212 0 127 56 0 83 142
5 77 92 0 0 21 80 0 207 231 76 122 66 119 0 37
190 0 109 0 155 249 24 206 64 95 0 0 143 196 0 183
0 113 150 228 60 113 0 23 225 176 43 0 0 136 0 249
0 176 38 6 188 161 234 0 207 0 118 0 0 147 217 195
71 0 232 122 0 123 0 91 14 0 65 0 41 0 221 238
20 0 0 56 112 0 1 51 152 106 254 87 0 41 138 57
15 89 0 177 215 109 0 162 36 174 0 135 31 0 55 65
