104 184 90 0 178 154 106 155 192 0 0 238 133 244 0 8
253 111 110 144 0 0 182 75 0 159 254 172 99 3 66 223
0 218 0 198 0 0 100 12 0 142 104 33 239 173 0 181
198 75 48 141 236 190 102 139 131 0 177 26 13 15 0 3
64 23 26 8 157 0 236 13 58 0 205 38 15 154 245 177
117 154 0 0 211 236 181 67 3 79 104 0 0 77 158 78
165 225 0 19 138 164 54 179 198 224 7 196 2 164 224 44
74 233 94 0 246 194 219 208 30 26 209 191 0 33 9 0
29 247 131 219 201 7 93 0 0 1 99 0 33 0 240 157
54 105 43 41 217 2 232 51 0 60 0 110 178 0 98 191
254 13 178 39 9 2 1 25 191 6 48 133 11 125 169 127
117 113 30 3 54 71 22 0 231 252 177 224 206 77 175 4
188 105 0 140 164 72 234 1 101 107 0 0 0 218 211 232
17 71 0 150 218 111 166 0 21 44 0 176 4 203 44 108
0 248 228 104 199 0 156 160 33 175 112 246 0 149 72 20
0 216 28 0 6 0 244 191 243 86 13 255 0 0 79 10
