0 0 2 44 0 0 0 0 1 34 0 0 0 0 2 0
0 9 0 0 3 0 1 0 0 0 0 0 0 0 0 0
36 36 11 26 0 0 0 0 12 0 52 0 0 0 5 0
52 65 42 20 0 0 0 4 0 0 0 0 38 0 0 0
0 0 15 0 0 19 30 0 0 0 0 0 0 0 0 0
0 0 19 0 0 26 7 0 0 5 0 0 28 0 0 0
0 0 0 0 0 0 0 20 0 0 0 51 29 0 0 0
0 0 0 23 0 0 0 0 20 87 0 0 0 0 12 0
0 0 28 0 0 12 49 0 0 0 0 33 1 0 0 6
0 0 0 0 0 0 0 0 5 0 0 0 0 6 0 0
0 0 44 0 12 0 40 0 0 21 14 0 60 0 0 0
0 11 40 0 0 0 26 0 0 0 0 0 15 0 0 31
0 0 1 15 0 0 0 13 0 18 42 0 0 0 26 0
0 0 0 0 0 0 0 0 0 0 0 4 0 15 0 0
0 0 0 0 30 0 0 0 0 0 0 0 0 0 0 0
2 0 0 0 8 22 0 37 36 0 0 63 0 0 7 0
