0 29 231 0 136 0 96 0 184 88 0 0 153 118 0 75
0 117 51 0 0 0 187 130 86 237 41 222 0 102 248 250
14 200 162 0 242 33 0 0 0 0 0 0 142 2 239 162
48 11 234 0 75 0 145 0 193 140 184 0 228 0 243 96
77 47 53 158 98 0 226 147 0 0 49 35 0 20 133 14
236 166 104 0 151 84 163 58 114 0 0 169 64 0 149 128
0 64 0 109 52 172 211 0 198 169 144 36 159 136 42 0
167 53 0 106 95 235 0 149 62 0 124 158 187 71 138 250
183 183 36 109 88 160 100 24 39 125 236 161 57 198 172 0
213 232 86 51 145 0 181 0 0 206 0 123 98 163 0 0
235 0 165 194 0 0 128 34 69 177 0 0 0 117 166 0
241 0 0 101 0 0 162 216 0 6 0 0 0 0 0 0
215 213 0 0 49 99 206 0 39 104 46 0 146 76 0 98
130 90 83 146 159 0 56 126 174 225 111 0 193 107 66 103
23 0 83 5 0 0 134 0 134 29 0 208 0 68 150 0
10 119 128 0 166 0 197 44 171 0 0 195 100 156 163 188
