0 35 126 221 115 13 14 186 109 211 171 255 221 192 105 230
0 126 97 141 0 94 59 127 141 153 39 16 0 0 4 147
217 30 222 0 51 187 0 93 119 227 19 3 0 219 0 9
44 229 165 216 171 152 226 151 10 0 0 240 214 0 91 224
46 255 7 50 0 225 16 255 253 51 35 228 249 194 255 0
199 95 0 79 179 48 150 114 46 0 255 141 182 235 105 4
44 7 0 188 0 218 225 14 184 228 219 16 88 202 235 0
58 123 222 18 0 3 93 88 0 10 70 25 109 17 188 51
183 80 20 43 224 208 82 0 160 91 0 6 191 179 159 0
18 254 191 0 62 79 48 102 0 156 122 218 28 61 242 245
0 92 0 0 10 102 7 3 0 208 229 0 157 44 176 6
0 88 0 175 227 1 0 0 0 28 205 241 216 171 17 178
8 200 0 233 235 9 174 95 205 87 0 0 209 40 76 0
84 0 209 31 72 94 4 233 184 96 0 65 209 115 240 145
0 187 102 246 208 98 8 0 181 217 38 193 0 27 0 252
47 96 255 200 20 68 148 18 172 159 0 0 194 0 7 0
