239 46 46 222 0 191 0 0 0 0 46 175 156 84 0 62
0 119 198 60 90 0 55 114 0 173 68 0 215 0 150 236
107 224 196 132 183 0 211 0 21 26 33 33 0 68 219 135
245 0 130 238 0 92 0 0 112 0 0 216 0 29 241 199
17 0 9 186 0 228 0 0 0 0 240 155 71 0 0 15
0 0 122 169 0 226 0 178 25 211 31 0 160 171 77 132
87 0 192 4 0 0 0 0 146 179 4 217 208 0 0 69
68 79 254 14 145 0 35 89 150 98 125 0 202 30 55 0
255 248 0 0 232 237 226 52 220 0 245 36 178 0 122 146
16 0 178 187 0 237 146 0 82 178 0 18 213 155 176 252
0 35 0 39 174 227 165 0 71 149 179 250 0 0 0 27
160 132 89 210 118 0 211 78 161 166 107 68 115 0 110 206
0 0 110 97 255 46 67 109 0 151 212 192 133 10 0 7
27 0 94 219 221 156 86 13 230 0 0 120 0 0 0 193
253 1 128 209 47 104 98 238 66 0 68 0 253 248 132 0
189 37 244 0 24 129 0 0 131 230 48 28 0 0 224 219
