0 158 128 105 0 39 209 0 65 8 74 130 206 146 101 0
144 0 103 0 201 0 199 44 43 0 21 115 86 27 0 68
18 124 0 196 0 66 60 0 0 0 182 0 19 0 0 152
159 164 232 214 126 0 212 41 129 100 148 140 197 0 175 137
0 8 188 138 177 28 0 116 0 114 244 59 202 47 0 238
0 0 231 0 0 113 0 58 230 123 230 242 218 7 25 134
0 54 45 72 244 32 227 8 241 253 0 0 0 0 0 0
0 150 0 0 0 55 231 244 70 0 128 0 133 0 149 0
199 0 0 104 235 34 0 189 142 58 0 39 169 0 254 27
0 159 0 0 96 0 208 86 0 150 213 199 165 164 0 212
245 0 0 159 218 216 0 0 0 85 0 42 233 90 187 34
0 205 0 0 0 163 234 0 106 120 7 140 0 93 244 247
140 0 120 0 186 0 0 80 204 232 25 141 83 127 105 179
113 0 248 82 0 196 21 0 0 179 4 0 85 8 141 3
165 0 168 0 0 67 186 10 64 208 0 149 163 133 124 225
144 89 0 0 56 40 189 114 48 0 152 47 150 33 47 55
