228 88 130 81 214 253 14 47 0 58 173 0 0 96 151 212
7 231 92 199 197 0 0 96 219 212 224 0 66 0 250 102
209 137 178 72 0 28 3 0 186 8 0 228 0 0 0 0
0 203 248 0 171 2 116 0 75 97 29 0 117 248 79 179
213 104 17 0 0 161 38 0 171 0 0 0 0 0 177 167
138 133 0 241 0 0 181 187 183 0 0 14 85 237 83 241
33 0 23 0 0 0 63 95 177 0 19 203 138 160 245 0
0 14 0 229 51 199 60 0 35 105 0 20 0 126 110 37
0 75 0 187 0 177 66 0 90 26 220 245 6 0 0 0
12 160 99 53 32 67 0 51 204 194 223 20 0 151 100 0
0 0 0 0 230 28 0 34 23 231 0 245 114 120 118 101
55 0 55 127 154 0 69 31 0 210 119 2 0 190 85 62
211 94 22 0 15 0 0 112 0 0 0 212 172 23 107 241
39 0 0 150 98 134 0 0 0 225 95 0 124 0 219 98
65 101 227 0 102 108 193 86 46 167 89 242 232 195 13 0
50 0 121 47 65 0 0 2 87 125 0 115 0 95 177 0
