0 37 0 0 0 0 13 2 11 0 0 0 0 0 0 32
0 0 0 0 0 0 0 0 1 24 0 12 0 0 0 10
0 0 0 24 47 0 0 0 0 0 0 0 0 0 3 16
23 0 0 0 0 0 0 22 0 0 0 0 0 0 0 0
2 0 0 0 0 0 0 0 6 0 0 43 0 14 0 29
6 39 0 0 0 0 0 24 20 0 5 3 0 0 0 0
0 3 0 0 0 25 0 0 0 12 0 0 0 0 0 9
0 0 9 0 8 0 0 0 0 0 30 0 11 28 8 0
0 53 6 40 15 0 12 20 37 0 0 0 0 5 24 3
0 32 5 0 0 0 17 20 0 0 0 0 0 0 0 0
0 0 26 5 0 0 28 0 63 0 0 0 0 0 0 0
0 4 19 5 0 0 0 21 0 0 0 19 0 0 0 0
0 9 0 0 0 0 29 0 0 2 0 0 0 0 17 0
0 0 19 0 21 0 0 16 19 19 0 0 0 0 0 0
0 19 0 0 1 0 0 16 0 0 0 2 0 0 0 43
0 0 0 0 0 12 1 0 2 0 2 0 0 7 0 0
