0 0 1 136 72 85 147 18 214 114 1 2 189 172 2 232
190 236 189 142 0 145 0 209 61 0 157 241 112 165 162 56
160 79 74 126 192 193 0 41 0 73 0 14 200 114 0 0
19 60 229 202 0 239 200 125 2 0 166 128 156 20 0 228
0 69 25 0 218 48 2 70 144 246 0 28 0 176 0 208
239 197 70 0 67 116 148 51 74 222 139 206 33 0 6 55
7 8 4 0 82 0 247 0 149 12 200 217 207 5 220 106
0 97 255 19 50 73 83 0 74 174 194 199 0 137 0 0
3 110 191 0 57 103 52 74 255 158 247 5 40 94 120 2
0 245 0 221 189 141 81 0 93 77 177 111 0 2 8 250
0 187 70 144 8 160 243 32 0 157 0 240 26 0 144 0
0 195 89 201 129 43 132 146 0 0 194 13 239 229 48 159
158 134 58 10 188 163 0 99 62 30 0 86 243 227 0 177
0 197 42 60 73 188 92 43 117 3 0 0 0 185 21 96
184 0 43 207 57 249 2 64 165 218 1 0 131 157 1 249
73 81 6 141 90 0 147 103 66 244 0 136 4 9 121 6
