0 199 0 180 158 199 104 0 0 106 0 78 162 0 72 0
70 0 42 0 176 77 194 0 203 0 112 213 130 52 185 53
181 249 160 0 0 246 223 118 0 210 0 0 80 249 206 105
0 132 12 254 145 67 250 0 246 96 33 0 0 0 14 0
33 54 240 176 86 107 119 190 146 252 0 0 243 0 51 0
2 1 0 65 0 252 22 0 0 241 0 158 0 0 37 81
166 74 0 242 77 13 0 99 146 157 0 0 0 0 0 144
180 26 93 0 244 0 0 49 0 93 206 0 35 197 0 250
120 0 52 0 0 200 71 36 11 147 35 105 47 248 201 32
0 149 73 0 54 0 0 186 121 68 26 135 91 72 78 0
64 123 0 229 209 71 208 228 101 153 0 231 0 255 67 96
45 0 169 0 22 82 255 52 158 140 11 2 72 134 18 34
133 0 0 190 177 87 217 0 99 161 75 199 252 95 145 9
41 174 0 0 36 233 6 64 195 0 0 248 23 7 0 0
0 0 0 201 120 0 0 69 173 245 158 22 214 75 171 121
214 152 0 41 53 0 237 0 0 0 77 123 0 142 22 83
