51 0 0 13 205 0 97 204 0 0 0 232 174 200 112 185
223 159 183 205 0 218 0 156 23 24 124 63 239 42 219 0
0 98 119 134 187 0 0 144 241 13 0 73 108 0 98 3
0 184 206 2 0 216 249 150 0 122 99 0 212 216 249 120
177 0 0 78 175 8 0 153 72 0 247 186 127 111 0 0
105 0 64 161 89 1 176 206 81 123 254 0 92 0 1 65
244 0 159 15 0 70 77 0 0 0 145 17 0 129 20 157
163 77 39 85 0 0 32 0 17 152 188 228 144 9 209 0
102 176 99 200 14 75 11 142 13 98 163 156 184 0 211 110
114 194 104 224 45 137 202 242 0 39 0 148 66 172 95 69
8 65 167 0 2 186 169 13 208 0 220 130 79 164 100 139
137 106 144 0 48 0 0 9 229 61 222 0 68 47 208 0
0 150 178 125 233 35 103 22 88 189 241 184 0 248 0 125
155 0 179 0 27 27 218 143 0 0 231 0 4 127 196 0
127 0 194 136 162 134 185 90 9 0 0 0 18 29 253 0
8 0 153 0 23 7 142 0 0 122 91 112 247 228 62 0
