2 0 0 0 0 47 0 0 0 39 0 0 0 0 0 0
0 10 0 0 0 0 4 0 0 0 0 0 0 0 0 0
0 0 0 0 34 29 0 3 0 0 0 0 0 18 0 0
0 25 15 0 0 0 0 0 0 0 0 9 30 0 2 0
0 0 0 33 63 45 0 0 0 0 50 6 0 0 0 0
32 5 48 0 2 28 22 0 0 0 53 0 0 0 38 0
0 16 0 0 4 0 0 0 0 0 5 0 39 0 0 1
0 0 0 0 28 0 0 0 0 0 0 0 0 0 0 0
40 2 0 19 0 0 0 19 24 0 0 55 0 25 15 0
0 0 12 0 34 0 0 0 0 0 20 0 0 26 0 0
10 41 0 13 0 40 3 12 0 0 0 0 46 27 23 14
15 0 0 0 0 0 0 0 0 0 0 0 0 4 0 16
0 0 0 42 0 0 15 35 15 5 0 0 22 2 0 0
23 7 0 18 0 0 0 0 0 0 0 0 38 0 7 48
0 35 0 0 47 0 24 0 0 0 0 0 0 0 0 0
0 51 0 0 0 47 0 0 11 0 0 0 0 51 0 0
