69 56 211 223 0 32 48 49 0 0 0 102 92 177 2 166
170 39 70 157 0 93 34 0 126 12 36 20 71 197 122 36
0 199 0 92 137 0 24 0 72 4 132 199 103 0 240 0
110 0 116 0 140 37 22 239 91 0 252 155 174 206 0 0
0 62 51 142 176 0 114 242 150 250 54 22 218 85 52 14
103 0 174 169 0 238 171 0 7 19 6 90 64 0 190 59
126 38 0 96 0 139 193 0 86 235 137 254 159 207 230 148
142 194 36 0 48 175 0 0 0 40 34 0 54 214 106 126
0 63 101 0 229 249 32 0 153 228 18 4 0 10 156 57
0 0 0 226 0 96 250 218 44 0 110 4 0 80 165 14
0 21 36 0 0 0 0 199 0 166 37 94 61 59 120 68
0 0 0 1 0 94 0 36 74 184 111 0 147 220 211 216
47 118 240 94 0 0 176 0 222 104 117 26 233 1 144 0
33 47 8 29 45 2 184 0 0 170 0 18 223 0 128 95
59 0 0 166 155 152 253 175 238 202 0 233 236 44 9 163
178 146 0 201 0 0 117 0 226 0 126 196 0 133 138 194
