70 0 3 147 216 0 215 162 12 146 121 0 210 0 225 192
230 111 162 72 208 6 2 247 193 0 125 90 220 104 80 0
128 94 152 6 83 15 0 0 195 0 67 242 0 0 0 66
212 203 78 0 0 165 177 39 0 32 67 0 225 0 109 0
44 65 190 187 203 35 234 109 0 0 0 182 0 0 0 0
0 0 0 0 0 170 45 18 95 212 0 0 0 0 0 181
202 77 180 0 139 228 0 163 0 49 109 155 18 0 202 0
186 7 0 0 0 116 52 54 8 214 0 44 114 0 0 159
222 192 0 69 0 0 50 22 0 107 0 0 149 0 0 0
163 63 111 8 36 0 21 208 66 225 0 105 0 89 207 74
236 0 227 25 233 0 0 114 121 26 0 31 217 0 185 157
0 0 0 152 181 68 111 168 157 58 151 168 96 95 92 193
56 0 205 109 116 0 0 0 250 0 253 0 27 0 6 0
76 0 115 62 76 214 0 253 71 0 0 65 183 105 69 120
139 90 183 90 21 24 24 187 238 233 67 0 0 152 108 0
158 177 0 77 186 130 137 102 207 86 0 0 54 28 193 138
