67 0 207 171 0 55 17 178 114 154 103 0 217 122 22 46
0 0 167 0 0 0 0 0 0 24 196 43 55 0 29 0
0 143 0 229 0 231 0 98 213 181 229 0 244 0 90 249
211 0 209 149 15 0 0 0 207 0 0 152 0 151 0 139
238 199 149 0 214 0 0 0 220 194 216 187 226 0 0 156
158 248 159 0 0 44 93 158 53 45 120 224 32 245 0 200
130 0 72 135 0 54 212 233 229 229 65 123 53 92 0 187
0 0 0 158 182 121 243 0 141 86 234 0 0 202 186 61
182 0 0 0 0 0 145 80 111 0 0 56 22 9 0 39
0 130 0 0 0 4 178 0 5 46 145 0 0 0 0 168
21 156 224 40 254 177 41 156 0 69 144 156 254 0 0 177
16 0 138 10 32 71 177 173 105 0 71 0 42 188 9 0
104 0 14 71 95 46 152 66 0 21 10 0 23 0 63 92
50 235 167 241 224 155 214 0 233 110 0 140 170 222 0 0
55 133 0 0 202 124 11 0 0 60 98 0 169 136 148 199
83 142 0 0 11 207 0 178 4 0 70 43 247 203 0 120
