122 32 0 215 47 0 0 138 0 150 1 196 161 199 0 0
199 0 0 181 107 0 209 227 210 79 192 0 182 24 0 76
207 95 0 239 0 0 55 191 39 167 0 32 26 199 70 0
0 0 144 136 219 0 131 126 236 158 238 131 70 123 12 78
136 15 125 0 229 65 121 130 0 0 10 127 177 62 116 163
38 159 205 35 49 194 16 0 82 163 0 0 0 111 208 59
172 13 0 245 0 154 0 0 0 224 0 0 117 0 87 240
5 132 0 135 89 70 0 50 175 0 118 141 165 241 88 0
22 18 0 113 64 47 47 116 229 0 127 0 156 0 0 150
11 208 168 5 1 49 239 174 246 128 91 127 150 0 38 234
26 104 0 153 148 111 55 181 58 197 0 243 0 79 0 141
19 145 122 179 165 229 246 0 244 48 29 140 202 169 63 255
169 0 33 0 73 0 11 123 0 37 75 232 74 0 128 113
0 225 41 114 118 147 223 0 84 0 161 91 38 144 206 199
0 167 170 0 0 230 0 0 0 0 151 91 0 51 0 160
62 231 169 123 82 0 0 0 0 165 0 42 100 0 158 28
