162 94 238 251 220 19 33 238 187 111 0 88 8 45 197 145
68 31 0 0 0 9 170 36 0 85 0 202 237 0 173 36
0 0 134 0 5 0 36 157 137 238 0 169 0 0 175 0
103 0 154 246 129 198 31 54 151 227 194 246 0 149 0 227
0 47 241 94 134 178 176 0 122 79 31 198 31 216 54 152
104 0 189 167 222 153 117 2 136 216 241 0 0 89 0 237
24 31 163 9 181 194 230 218 0 0 83 163 173 210 0 239
178 194 6 0 58 0 234 0 43 0 0 0 33 192 74 238
0 0 207 230 110 0 238 161 132 210 237 133 0 105 252 96
0 243 0 11 233 200 61 191 22 84 0 34 50 0 45 0
0 138 210 63 0 234 13 0 244 212 0 65 188 0 91 15
218 206 0 32 151 83 136 0 0 0 0 150 167 1 122 214
145 82 251 0 254 36 64 0 96 243 100 0 29 7 204 0
18 0 0 13 83 210 0 0 6 38 0 217 0 0 233 96
0 0 180 200 150 254 138 0 80 114 0 53 83 67 33 88
0 0 100 141 122 116 183 220 114 43 75 0 206 253 8 58
