30 248 94 251 0 161 194 4 66 0 98 5 97 160 43 131
0 111 0 243 121 156 150 241 86 27 186 0 1 195 4 1
100 36 143 8 75 0 3 0 231 238 132 6 69 0 86 225
0 76 69 0 0 0 0 5 53 0 125 185 28 35 207 34
162 222 107 193 107 45 0 2 242 0 190 197 0 168 238 120
68 72 131 221 30 194 106 0 165 0 0 107 211 0 226 10
0 1 53 0 207 0 0 45 237 195 118 146 204 0 93 188
10 2 225 0 0 202 37 41 44 152 0 160 103 2 104 24
73 0 231 224 0 171 231 175 61 41 179 224 39 0 8 193
56 0 40 0 50 226 0 2 170 0 7 29 49 203 234 105
0 0 5 3 109 155 196 247 77 9 233 0 108 203 9 125
1 0 74 247 0 0 158 54 9 44 0 203 75 0 101 194
18 65 255 0 0 73 180 217 91 81 25 190 0 8 176 1
241 179 142 164 159 107 0 0 31 18 147 9 0 1 49 136
70 8 4 0 229 243 0 249 10 0 94 0 96 244 62 228
0 233 0 249 87 194 0 0 208 91 62 66 11 189 0 6
