0 0 71 0 0 0 0 9 0 0 0 0 0 0 0 0
4 114 0 0 0 1 52 0 10 0 0 0 0 57 0 3
0 0 0 9 10 19 5 7 40 12 0 0 0 0 34 18
0 0 20 0 0 1 95 0 0 0 0 0 0 0 0 8
0 0 0 0 0 48 0 0 0 0 0 0 0 0 0 0
60 0 0 0 0 26 0 0 0 47 19 0 63 0 0 0
0 0 27 0 0 20 0 56 15 0 46 0 0 81 0 0
0 17 0 0 0 2 0 0 0 22 0 0 0 0 0 0
25 0 0 7 0 0 0 0 0 0 0 0 0 0 0 0
0 0 0 0 0 16 0 0 24 0 0 0 0 0 0 0
0 0 0 15 0 0 0 0 0 45 37 0 0 0 0 68
0 27 19 39 0 0 54 0 12 0 0 3 0 0 0 17
7 16 6 0 0 34 0 0 0 0 47 37 33 0 0 0
0 37 0 42 0 0 0 0 0 0 0 0 31 0 0 37
25 0 0 0 0 0 12 0 0 0 0 0 0 0 0 0
0 0 23 0 0 0 0 0 25 0 0 0 0 5 0 0
