172 157 35 0 34 0 130 87 10 81 0 205 0 254 61 3
82 188 183 55 204 113 0 18 87 0 216 155 50 0 46 34
64 137 202 64 0 0 170 115 0 134 166 228 0 9 0 115
28 0 255 0 0 52 205 28 0 160 93 107 255 48 18 96
22 96 212 35 0 0 97 147 115 143 47 199 0 224 0 0
63 0 74 122 172 49 205 181 212 0 153 0 155 117 195 68
231 158 101 0 206 40 104 211 117 32 152 252 197 164 229 59
47 95 82 0 120 0 0 23 29 35 215 0 102 102 0 152
75 118 17 130 22 255 67 131 177 0 0 235 0 208 0 11
0 107 238 149 195 121 82 235 55 156 210 246 255 5 155 207
7 130 0 68 0 206 0 81 177 189 41 234 203 226 142 0
108 143 243 101 215 14 236 0 186 255 138 0 0 0 125 105
1 0 125 66 0 76 100 122 110 125 153 255 58 152 0 0
39 254 113 0 66 64 0 237 29 210 0 0 0 111 165 0
68 234 169 0 255 0 0 241 7 0 78 237 5 0 0 113
193 255 242 115 60 0 118 72 0 0 0 45 63 109 221 125
