0 191 203 0 13 5 87 170 136 0 229 157 97 42 126 0
0 189 154 0 69 0 201 90 63 196 228 13 210 0 8 0
180 180 44 65 0 0 0 0 83 50 200 47 118 96 33 106
123 102 104 0 100 190 46 187 234 102 224 44 0 123 0 36
241 27 0 0 107 0 143 0 135 200 212 45 207 0 33 103
158 230 0 96 231 172 0 0 0 0 51 172 47 0 5 0
68 19 239 36 138 232 71 0 0 214 225 35 66 42 0 0
103 217 182 0 248 0 38 0 56 74 95 150 0 170 159 0
0 212 66 0 202 127 170 110 0 163 212 0 43 187 0 76
65 215 232 0 200 236 19 70 3 0 192 194 12 0 0 12
229 191 60 177 232 0 253 0 160 170 4 3 2 0 59 0
0 185 66 170 235 30 114 146 232 0 169 203 144 141 137 38
250 0 227 206 0 108 0 0 173 145 0 9 103 39 0 50
18 0 104 0 229 0 170 113 0 62 56 20 0 127 25 178
42 62 212 70 94 89 240 71 98 93 0 0 241 79 48 189
85 0 59 73 152 0 132 215 37 0 0 161 123 31 160 63
