0 0 0 5 0 0 0 0 0 0 0 0 3 0 0 0
0 0 0 0 0 0 0 0 0 0 0 5 0 0 0 0
1 0 0 0 0 0 0 0 2 0 0 0 21 0 10 0
0 0 3 0 0 0 2 0 2 0 0 0 0 0 2 0
0 0 0 0 8 0 0 1 0 0 1 6 0 0 0 0
0 0 0 0 8 0 0 0 4 0 0 0 0 0 0 0
0 0 0 0 0 0 0 0 0 0 0 0 0 0 10 0
0 0 0 4 5 0 0 0 0 0 0 6 0 0 0 0
0 0 0 9 1 0 0 0 5 14 6 0 0 0 0 0
2 0 0 0 4 4 0 0 0 0 0 0 0 2 0 0
3 0 0 0 0 0 0 0 0 0 0 6 0 0 0 0
0 0 0 0 0 0 1 0 5 0 0 0 0 0 4 0
0 0 0 0 2 5 0 3 7 2 0 5 0 0 0 0
0 0 0 1 0 5 0 0 0 0 0 0 7 0 0 0
0 0 0 2 0 0 5 0 1 5 0 2 0 0 0 0
0 4 0 0 0 6 1 0 0 1 0 7 0 0 0 0
