101 69 125 55 227 0 194 0 0 87 89 0 175 0 125 1
0 78 0 68 161 0 179 14 0 52 67 175 19 13 243 68
82 0 49 201 0 0 100 72 96 91 149 170 244 107 0 11
152 43 70 0 0 18 16 51 0 0 125 119 75 91 162 241
118 123 75 227 0 187 0 0 94 0 53 210 220 118 42 98
237 206 146 172 0 6 0 29 39 0 49 65 78 223 0 0
0 0 106 36 104 1 40 162 141 0 221 94 87 230 0 95
70 0 1 0 100 0 225 217 104 92 76 0 0 0 0 178
0 0 195 0 98 0 0 197 0 55 245 38 229 0 78 0
230 231 254 234 168 110 248 169 231 0 69 179 189 150 135 0
8 0 0 165 28 129 68 45 203 144 210 0 89 0 0 40
0 0 1 24 133 0 195 0 118 0 107 67 155 213 0 114
76 0 0 0 0 0 119 136 233 174 135 0 0 0 250 200
0 79 21 85 142 68 119 151 1 0 31 231 130 87 236 0
79 65 174 127 0 181 103 103 0 0 142 243 143 0 250 0
0 177 1 7 244 0 0 198 0 0 40 34 0 164 76 51
