216 27 0 39 155 50 118 102 10 243 0 205 120 255 26 238
41 255 51 41 197 111 88 171 182 67 70 0 116 0 97 8
34 0 79 255 44 20 27 10 112 0 80 26 11 102 0 224
31 178 124 157 0 9 9 95 83 0 162 141 214 45 190 201
255 117 218 58 0 71 46 22 71 107 66 45 171 65 95 49
0 0 189 0 71 0 163 54 0 46 243 142 0 234 71 87
213 0 241 171 237 188 0 237 82 71 98 138 43 119 0 176
181 228 232 0 23 217 159 0 88 55 0 91 38 222 33 60
72 90 81 58 227 153 0 249 64 18 0 217 0 0 0 0
214 0 73 230 32 140 185 0 27 8 0 66 255 0 0 35
0 25 231 99 29 182 238 8 0 0 31 143 136 46 86 57
46 24 0 133 214 188 25 0 77 0 244 155 0 158 196 110
20 44 27 243 22 150 0 130 120 61 175 76 56 232 0 84
113 10 182 88 99 0 147 158 86 99 43 124 95 191 0 1
91 14 51 0 114 0 0 92 241 88 107 93 39 44 255 0
85 195 225 32 93 166 0 69 33 149 218 36 0 249 177 0
