65 88 10 151 0 13 108 124 0 0 67 68 219 194 244 66
110 0 100 236 185 82 0 130 174 19 0 2 31 0 0 157
0 111 17 221 129 63 56 253 0 31 0 175 114 226 68 0
16 151 66 0 0 34 254 6 115 146 86 76 54 55 253 121
188 139 10 175 0 254 253 0 127 0 78 25 26 175 23 0
200 0 207 0 14 0 62 139 0 0 82 70 219 0 64 0
0 194 129 0 0 0 0 216 153 0 49 12 25 7 152 45
238 23 81 36 230 147 152 66 0 0 0 182 0 0 49 99
176 155 12 183 132 224 173 74 37 3 0 40 204 153 228 59
217 255 0 41 56 183 0 191 26 15 248 33 144 0 55 168
216 0 55 233 108 0 165 223 255 0 41 59 173 36 194 0
216 0 123 65 0 221 119 223 204 0 0 0 0 230 136 0
90 120 89 0 208 3 0 231 0 201 208 89 0 73 0 0
161 0 25 0 90 50 153 113 97 43 194 49 115 0 1 47
215 2 8 251 71 243 0 92 0 0 62 113 53 157 48 222
223 245 0 0 99 124 154 222 24 185 73 87 133 131 217 7
