167 0 0 0 251 156 164 78 171 179 0 0 85 128 214 20
73 0 0 222 230 65 192 0 3 238 0 0 0 221 0 173
170 83 54 0 199 252 0 57 0 114 171 102 248 44 0 66
218 96 53 0 122 0 20 107 235 22 238 229 120 166 0 0
238 39 0 0 15 64 195 90 0 22 90 0 42 0 240 108
175 245 0 29 128 237 114 82 127 0 0 96 0 115 0 0
37 104 182 112 56 0 60 6 119 229 4 0 241 0 0 126
213 212 40 167 16 60 121 244 68 18 82 0 0 142 168 0
221 137 0 0 176 183 0 121 169 119 0 62 122 39 202 0
117 46 169 202 161 153 0 193 0 228 42 84 0 80 107 96
161 116 0 162 119 180 0 0 0 211 205 202 151 148 240 195
130 255 192 68 0 240 246 103 64 156 1 162 44 0 2 127
0 212 39 42 56 251 244 0 150 181 0 253 0 0 105 0
52 57 231 118 244 0 229 160 39 99 0 0 149 0 166 195
19 196 0 207 197 101 85 0 175 244 111 225 226 42 0 35
0 227 85 0 67 0 0 249 125 163 29 0 171 0 99 0
