220 144 66 21 0 69 43 163 20 207 0 40 151 0 66 77
187 216 241 194 60 214 83 109 229 11 231 0 88 56 187 193
4 0 205 0 0 49 67 0 47 0 51 0 0 175 0 88
186 172 0 192 110 0 245 227 44 109 132 27 24 80 218 216
0 0 220 243 97 59 107 135 153 0 234 6 253 55 31 0
0 114 228 102 63 99 206 248 84 124 72 230 28 173 0 221
0 10 211 101 0 177 0 81 175 131 27 160 79 0 0 210
0 96 221 223 0 159 129 114 96 91 174 89 235 0 196 216
55 25 56 155 0 0 13 218 12 0 244 0 174 0 197 221
0 5 0 126 0 37 181 20 75 61 229 0 238 0 75 111
39 0 59 82 40 0 112 116 163 6 1 143 100 179 126 0
0 211 34 174 157 0 53 0 0 95 210 27 106 223 68 90
0 190 13 212 187 149 0 9 215 249 0 96 8 173 0 0
243 68 8 129 0 86 24 156 62 43 11 0 0 59 47 0
161 248 254 0 25 13 0 142 171 234 249 87 217 138 245 186
0 0 52 223 0 238 0 0 0 164 54 28 99 134 156 25
