0 0 0 3 9 0 0 2 16 0 0 9 0 14 0 0
0 0 38 5 0 0 19 0 0 34 48 33 8 15 0 0
24 24 0 0 0 6 0 0 0 0 30 17 0 0 0 0
0 25 0 25 0 1 0 0 0 3 37 16 0 0 0 43
8 0 4 0 0 0 0 0 19 0 0 0 8 0 0 0
16 2 13 0 2 0 0 14 0 0 17 8 5 0 0 0
0 0 9 38 0 0 0 0 0 0 9 22 0 0 7 28
0 0 0 8 0 2 19 0 0 0 0 0 1 0 0 8
0 0 0 28 0 0 15 0 0 0 0 0 3 11 0 0
0 0 0 0 0 0 0 0 0 0 17 0 0 0 0 0
0 13 0 0 22 0 0 0 8 0 0 0 0 0 2 0
23 0 0 0 0 0 0 5 0 0 0 0 0 10 0 0
19 0 38 0 0 0 0 0 12 0 0 0 0 0 13 37
1 6 0 0 3 0 28 21 0 0 0 0 0 0 0 0
11 0 0 33 0 0 0 0 0 0 0 0 0 0 0 0
0 0 0 0 0 0 15 0 0 0 0 0 0 0 0 0
