0 214 0 133 118 184 67 15 0 0 134 141 0 99 182 0
230 0 26 0 230 0 155 0 39 193 104 95 61 118 110 69
14 147 123 0 0 43 0 166 126 214 0 0 153 115 230 227
89 244 131 61 131 125 4 0 209 32 0 179 0 98 41 152
0 0 0 0 247 145 139 199 40 12 0 209 228 77 72 225
42 0 131 0 31 0 136 222 193 151 74 128 0 244 123 0
234 234 80 103 200 241 111 142 0 232 117 0 158 0 234 210
154 15 0 135 228 37 70 139 192 246 82 179 0 71 126 229
203 72 171 187 226 36 24 118 0 0 0 205 226 0 119 91
183 86 0 1 39 55 175 43 23 247 136 46 194 37 49 0
88 59 121 36 167 221 202 0 33 8 251 20 0 0 86 49
0 196 178 52 0 222 0 119 164 195 54 139 0 102 183 20
190 139 203 20 0 129 0 128 0 0 120 36 0 130 0 0
196 0 0 198 0 98 106 0 203 18 90 0 59 28 210 143
119 0 0 0 0 0 105 26 22 219 241 0 138 155 128 0
236 72 0 0 112 78 253 28 227 179 142 13 69 123 198 25
