5 194 0 151 88 244 119 0 194 238 120 0 231 0 186 96
0 0 133 0 0 113 11 144 148 97 31 64 43 163 0 139
0 0 109 0 33 7 24 222 234 177 0 0 13 5 152 209
95 0 0 86 112 0 0 22 113 230 0 0 163 64 121 0
233 69 175 0 0 202 0 194 244 64 0 46 34 0 14 25
0 231 0 0 122 196 53 133 16 60 54 88 23 121 0 0
139 88 0 106 59 0 209 160 0 235 217 126 131 27 40 130
0 248 0 205 0 68 134 239 236 168 233 0 0 241 0 198
39 255 124 0 254 0 0 129 95 0 0 219 0 0 216 236
0 102 0 0 171 208 87 0 234 86 128 125 238 0 18 0
183 8 97 175 115 213 115 194 8 0 0 13 110 0 0 82
0 0 173 0 15 0 0 147 163 158 0 85 179 92 233 161
0 0 216 191 124 0 0 0 0 202 188 76 0 17 0 0
161 150 73 0 190 0 164 0 251 0 23 30 56 217 0 158
177 57 42 212 155 36 203 0 203 177 84 0 29 0 185 95
48 0 0 73 0 149 191 124 240 0 150 239 130 131 222 226
