26 0 0 0 0 0 7 0 29 0 58 0 0 0 0 0
0 83 21 21 0 0 57 0 62 0 27 0 23 0 0 0
0 13 0 13 0 0 0 0 52 0 0 0 10 0 5 0
0 6 0 0 11 0 10 36 0 20 0 0 0 0 39 0
0 0 0 0 0 0 0 0 0 0 0 0 20 21 0 23
0 0 0 53 0 4 0 0 0 0 0 0 20 0 53 0
0 0 31 0 0 63 0 0 0 0 0 13 0 0 0 0
0 31 0 0 0 0 0 0 0 0 35 9 0 0 0 0
0 14 0 0 97 0 0 0 0 0 0 0 0 0 45 0
0 0 69 22 6 0 0 0 0 0 0 0 7 0 0 0
0 50 0 0 0 0 0 0 0 24 0 0 0 0 0 60
0 0 0 48 0 52 0 38 0 0 0 0 75 0 43 0
2 0 0 0 29 4 49 0 0 0 0 56 0 0 0 0
31 0 0 0 0 0 0 0 53 0 0 0 0 0 25 0
0 18 0 0 0 0 0 32 42 0 0 94 4 0 0 0
6 0 0 0 0 0 18 0 0 30 0 0 0 0 34 0
