0 69 0 6 0 0 19 24 0 0 23 67 15 0 60 0
4 0 0 0 27 21 0 0 0 0 12 0 96 0 0 0
33 0 0 0 57 0 0 0 0 0 14 0 17 0 0 29
0 35 0 0 0 0 0 0 0 0 0 0 33 0 0 0
0 41 75 0 0 76 0 0 0 0 0 39 6 16 0 0
0 0 0 0 0 0 0 0 0 6 88 0 0 0 5 0
13 0 0 6 0 0 60 0 0 0 1 33 22 0 0 1
0 0 0 8 0 7 37 0 0 43 0 0 0 50 4 0
0 0 0 0 0 0 26 0 0 0 24 17 39 1 85 0
0 55 0 0 0 0 0 0 1 0 3 9 0 0 0 39
0 5 8 9 0 0 0 0 0 14 0 0 34 0 0 0
0 0 23 0 2 0 0 0 0 1 0 0 21 0 1 0
10 0 0 0 42 0 0 0 70 0 44 0 0 13 0 0
18 0 0 0 0 0 0 0 0 0 0 90 0 0 28 0
32 0 5 4 0 7 10 0 0 0 0 36 28 0 0 0
0 36 0 0 0 0 0 0 0 0 0 0 0 8 24 0
