5 0 0 0 0 0 0 0 0 5 0 1 0 3 0 0
0 0 0 2 0 0 0 0 0 5 0 0 5 0 0 0
6 0 10 4 0 3 0 0 0 0 5 0 4 0 0 0
0 0 2 0 0 2 0 0 0 0 0 0 0 0 8 0
0 12 0 0 0 1 0 8 0 0 0 0 0 4 3 0
0 3 0 0 0 0 0 0 0 0 0 0 0 0 5 0
0 0 0 0 0 0 0 0 0 0 5 2 0 0 0 0
0 0 5 0 0 1 0 3 0 3 0 0 0 0 0 0
8 0 0 1 5 0 0 2 0 0 0 0 0 0 0 0
0 0 0 1 0 5 0 0 0 0 0 0 0 0 2 0
0 0 3 0 2 0 0 0 0 0 0 0 0 2 0 4
0 0 0 0 0 0 0 8 0 5 0 1 0 0 0 0
0 0 0 3 0 1 0 2 0 0 0 0 0 5 0 0
0 1 0 0 0 0 0 0 0 6 0 0 0 0 1 0
0 0 6 0 7 0 0 0 0 0 4 0 0 0 1 0
0 0 0 0 0 0 0 6 0 3 0 0 0 0 0 5
