193 60 18 48 0 171 204 0 0 204 57 0 182 38 141 0
132 10 0 3 24 129 60 18 113 48 239 226 57 138 5 218
0 219 46 2 233 92 170 223 0 83 91 8 20 66 0 152
60 246 0 0 102 0 189 211 152 251 119 0 0 118 0 143
149 183 84 123 0 0 57 22 184 9 0 0 0 107 0 0
86 208 239 233 146 56 0 183 14 125 40 184 187 217 0 0
0 18 0 37 200 112 0 162 134 237 167 56 0 25 105 27
3 109 130 226 59 40 80 70 103 206 175 126 0 132 114 34
131 23 0 233 0 209 0 0 169 123 131 0 0 72 155 238
1 28 62 53 2 253 0 58 8 12 18 74 0 227 223 247
0 239 156 85 0 252 0 180 115 111 5 0 0 207 0 42
0 154 0 145 0 118 200 199 119 0 1 0 129 151 0 198
100 0 124 182 0 80 42 231 117 0 4 80 155 44 0 239
23 253 71 159 148 1 179 226 56 94 0 122 42 113 142 197
0 235 14 241 227 0 74 0 0 0 119 91 177 250 0 2
0 25 21 255 193 153 1 191 98 220 62 0 0 2 137 0
