0 0 0 35 0 0 32 0 0 0 30 0 0 0 0 25
0 0 0 25 0 0 0 0 0 0 27 4 37 0 0 0
0 0 33 0 0 0 0 0 0 24 0 13 8 26 0 7
0 0 0 0 0 0 0 0 0 0 3 2 0 0 0 0
15 0 0 0 0 0 0 5 23 3 0 0 3 20 0 8
0 0 0 0 7 0 0 0 0 12 12 0 0 0 0 13
0 0 0 0 0 66 0 0 0 18 0 8 0 0 0 6
0 0 30 0 0 0 6 0 32 0 0 21 0 0 11 0
0 0 0 36 0 17 12 0 0 17 0 1 0 0 0 0
2 19 0 25 0 0 0 0 0 0 0 0 0 0 19 0
0 4 0 0 0 0 18 0 0 0 31 0 0 0 0 0
0 17 0 0 0 0 0 0 1 0 10 0 32 0 0 2
16 0 19 0 2 0 0 0 16 0 0 0 0 0 25 0
0 0 0 6 6 0 0 0 0 0 0 5 8 0 0 11
0 5 8 0 13 0 0 17 37 8 0 32 0 12 0 0
0 18 0 0 0 0 16 29 0 0 0 25 0 0 0 0
