0 26 0 25 0 32 10 0 16 0 7 0 0 20 0 0
15 0 0 0 0 0 35 0 46 0 0 0 0 0 0 0
0 0 0 0 0 0 0 0 0 18 0 5 0 0 0 21
0 0 0 0 0 0 0 0 24 32 0 0 0 58 23 25
0 24 0 2 0 0 0 15 28 10 0 0 0 0 11 0
11 0 0 59 0 0 0 0 0 0 0 0 0 0 0 0
0 0 9 0 0 0 0 0 0 17 0 75 64 0 0 0
0 0 0 0 0 0 23 0 0 4 0 0 0 0 0 0
0 29 0 0 0 0 0 0 0 0 1 0 0 0 0 0
0 0 0 30 0 0 21 0 0 0 0 0 0 0 0 19
0 0 81 0 0 14 79 0 0 41 31 31 0 0 0 24
0 0 0 0 0 37 0 53 0 28 0 18 0 0 0 44
13 0 4 0 0 0 0 0 0 0 0 44 0 0 0 0
0 0 0 0 0 0 0 0 0 41 0 0 0 55 0 0
0 0 40 0 0 0 30 0 0 0 0 24 0 0 0 0
19 0 0 10 21 0 0 0 23 15 0 0 0 0 0 0
