8 219 23 0 96 37 0 236 116 0 255 0 0 196 19 0
74 62 0 0 0 237 0 255 118 152 39 191 0 0 0 102
0 84 101 0 57 181 0 210 108 219 31 0 224 170 111 59
241 10 172 0 230 70 0 52 158 26 0 88 234 0 179 187
100 64 0 194 255 138 247 218 9 16 192 198 71 68 255 107
0 0 169 0 200 112 151 15 194 123 124 0 29 23 115 73
163 0 148 201 0 212 0 210 10 205 99 50 26 221 31 0
0 0 0 77 209 245 0 29 150 167 241 170 9 68 39 0
44 99 95 168 55 149 248 217 23 0 236 0 75 71 34 0
97 93 64 63 68 42 179 71 93 187 109 170 9 38 105 172
0 73 0 127 0 190 159 191 164 73 0 0 237 106 6 12
0 0 43 108 122 56 0 66 197 42 136 29 4 217 100 0
225 145 0 0 36 0 61 182 230 86 232 31 254 0 194 62
225 122 93 164 28 73 0 168 0 0 85 101 0 32 118 217
0 0 13 60 4 170 223 52 125 178 110 47 9 188 122 209
7 186 84 252 162 66 37 66 0 246 47 4 77 63 142 127
