252 0 32 14 197 202 0 156 5 205 241 246 183 0 52 0
220 20 140 0 0 120 142 177 7 208 0 122 159 0 100 199
229 2 179 71 0 0 83 0 243 0 253 144 43 126 191 170
177 33 115 0 26 0 0 0 0 115 0 117 92 12 95 211
112 0 97 82 36 210 11 0 238 195 70 94 229 0 0 133
210 43 0 252 0 0 0 0 175 23 0 227 0 0 120 79
181 173 15 35 0 190 178 167 129 0 120 69 148 141 221 133
49 0 61 2 81 33 170 12 208 0 149 251 0 0 15 0
0 2 217 194 225 90 103 214 141 0 117 0 0 200 39 0
99 0 98 139 4 0 0 224 202 0 201 31 0 149 0 0
8 46 38 29 110 88 0 125 194 172 209 0 146 152 0 90
0 0 4 61 0 141 124 0 110 253 138 86 14 78 45 246
0 238 53 93 0 0 137 26 4 0 236 66 169 25 117 1
23 3 17 0 227 189 167 228 131 132 97 110 15 92 84 229
0 0 216 105 162 0 128 102 144 114 250 0 249 249 0 185
234 0 189 27 70 48 0 147 77 81 188 65 223 0 190 241
