78 56 212 223 0 32 48 49 0 0 0 102 97 177 2 167
170 39 70 157 7 93 34 1 126 12 36 20 71 197 122 36
0 207 0 92 143 0 24 0 72 4 132 199 103 1 240 0
110 0 116 0 140 42 22 239 91 0 255 165 174 206 0 0
0 62 51 142 176 0 114 247 150 250 62 22 218 85 52 14
107 0 174 169 0 239 176 0 7 19 6 90 64 4 190 59
126 38 0 98 0 139 205 0 86 235 137 254 159 210 230 148
142 194 36 0 49 177 0 0 0 40 34 5 54 214 106 127
1 63 101 0 229 252 32 0 153 228 20 4 0 10 156 57
0 0 0 226 1 96 250 218 45 0 110 4 0 80 169 16
0 21 36 0 0 0 0 199 0 166 37 94 61 59 120 68
0 6 2 1 0 95 0 36 74 184 111 0 149 220 211 216
47 118 240 94 0 0 176 0 222 104 117 26 236 1 152 0
44 51 8 35 45 6 184 0 0 172 0 18 226 0 128 95
59 0 0 166 159 152 253 179 238 208 0 237 236 44 9 163
178 146 2 201 9 0 117 0 226 0 126 196 9 133 139 194
