13 0 0 6 0 17 18 0 0 14 0 0 9 10 0 0
0 0 0 0 0 0 0 0 0 0 0 0 10 8 0 0
0 0 0 0 0 14 0 0 0 29 0 21 0 0 0 0
0 0 19 0 0 0 0 0 0 0 0 0 0 0 0 0
15 0 7 0 6 3 0 0 0 0 0 0 6 0 0 11
2 0 0 0 9 0 0 0 0 23 28 0 0 0 0 0
0 1 0 6 0 0 0 0 0 0 0 40 0 30 0 0
0 14 0 0 0 0 14 0 0 0 0 0 10 14 0 0
0 0 0 8 0 5 19 0 0 6 0 0 0 0 10 0
0 35 0 0 10 35 1 0 4 0 0 0 0 2 0 0
0 0 0 23 0 0 28 0 0 0 14 0 0 0 0 20
0 43 23 0 0 0 10 0 0 16 0 0 0 4 0 7
0 0 13 14 0 0 0 0 0 1 0 0 0 0 0 3
0 0 0 0 3 5 0 3 0 0 0 0 0 5 0 12
0 0 9 0 24 9 0 0 0 0 0 0 21 0 29 0
0 0 29 0 0 0 0 0 0 16 0 0 12 0 16 34
