73 185 28 154 104 99 125 42 28 0 0 188 238 224 210 32
197 108 252 81 233 15 41 59 116 86 0 146 15 25 239 0
0 77 64 0 251 196 0 200 32 0 180 56 214 105 0 61
4 0 3 179 70 248 209 125 25 231 64 224 44 57 235 0
250 185 133 205 9 101 122 87 113 167 0 132 138 164 0 18
143 122 195 197 228 32 0 18 255 0 5 15 0 19 53 211
134 228 44 158 0 213 0 111 207 69 243 0 107 0 89 172
180 193 0 0 6 48 184 145 169 13 146 0 16 144 0 253
191 246 8 175 188 26 0 0 78 0 102 255 240 128 227 136
51 248 48 177 161 198 135 0 177 3 76 244 4 24 154 0
0 120 0 0 240 250 215 227 161 42 102 186 159 132 64 148
66 205 21 188 0 175 84 159 151 0 197 4 151 0 0 2
172 10 240 125 83 137 0 0 0 3 145 145 24 2 98 0
180 216 216 55 100 147 44 144 0 11 165 40 97 66 9 0
114 50 77 5 84 0 156 114 0 40 155 16 24 91 212 25
234 23 0 237 35 80 9 42 216 167 177 16 175 0 65 0
