27 0 0 0 0 0 19 0 0 0 0 52 0 51 0 0
7 0 0 0 0 0 0 0 0 20 0 0 0 0 0 0
5 0 24 0 0 0 0 0 0 0 0 0 42 0 0 8
15 0 0 0 0 0 21 0 0 0 0 4 21 0 22 74
0 0 0 0 21 0 0 20 0 0 0 0 35 0 0 3
0 0 37 0 0 0 0 35 0 14 0 0 0 0 1 56
16 15 0 0 0 2 0 0 0 22 0 0 0 0 0 0
0 0 0 0 29 3 11 0 29 0 0 0 35 0 0 0
0 42 0 0 0 0 0 0 0 3 0 10 0 0 30 32
0 0 1 0 0 25 0 31 19 0 0 4 0 0 0 0
0 0 0 0 0 0 0 0 0 29 16 49 0 0 0 6
0 0 0 0 0 0 13 43 0 0 42 0 11 0 0 0
25 56 0 0 2 15 0 54 0 0 0 14 0 0 0 0
0 0 0 0 0 0 0 3 0 0 1 0 0 0 0 0
0 0 0 0 0 0 0 0 0 0 0 13 0 0 0 0
0 0 14 20 0 18 0 0 44 0 0 0 0 0 0 0
