194 178 26 0 20 165 191 0 127 0 222 222 232 0 38 0
0 182 174 84 195 54 0 39 0 176 0 84 16 215 211 176
181 0 186 215 29 0 68 61 249 157 0 181 97 0 203 76
109 0 129 160 232 93 1 0 9 80 180 94 188 0 244 0
35 75 108 0 92 214 151 64 0 165 103 64 0 192 115 31
0 88 190 0 113 54 0 227 0 67 137 19 141 3 84 115
161 32 213 0 205 201 0 0 168 0 28 0 68 178 0 159
33 169 32 81 59 230 62 0 204 209 37 215 183 180 5 249
189 149 84 145 55 230 115 42 211 219 38 40 165 0 144 104
0 57 183 103 163 0 0 227 0 8 224 101 194 0 204 206
141 91 93 204 63 0 123 232 110 0 182 156 0 136 0 188
39 176 0 0 0 108 65 0 145 0 0 203 201 0 94 63
99 187 8 234 0 0 0 109 225 0 94 195 175 0 0 0
0 13 125 187 229 129 81 0 17 91 5 47 10 151 252 219
178 211 30 75 0 205 0 59 111 0 89 0 0 0 113 33
164 0 97 55 46 124 103 0 77 218 196 42 184 135 52 137
