0 0 1 0 4 0 0 0 0 0 1 2 0 0 2 0
7 0 0 0 0 0 0 0 0 0 0 0 0 6 0 0
3 0 0 0 5 2 0 0 0 0 0 0 0 1 0 0
0 0 0 7 0 0 0 0 2 0 0 4 0 0 0 0
0 0 0 0 0 0 2 0 0 0 0 0 0 7 0 0
0 0 0 0 6 0 0 10 0 2 0 0 0 0 6 0
7 8 4 0 0 0 14 0 0 0 0 0 0 5 3 1
0 0 4 0 2 3 0 0 0 0 4 0 0 0 0 0
3 0 0 0 0 0 0 0 0 0 0 0 0 0 0 2
0 0 0 0 0 0 1 0 0 0 0 2 0 2 8 0
0 0 0 0 8 2 0 0 0 11 0 0 0 0 0 0
0 0 0 0 0 1 0 0 0 0 0 13 0 0 5 5
5 0 0 0 10 0 0 0 1 0 0 2 7 1 0 0
0 0 0 0 0 0 7 6 0 3 0 0 0 0 0 0
0 0 0 1 0 0 2 0 0 5 1 0 3 6 1 0
7 0 6 0 2 0 1 6 0 4 0 0 4 0 2 0
