184 250 224 196 83 231 13 2 166 0 39 190 0 168 0 219
199 49 0 194 160 0 19 205 221 65 0 124 0 9 81 10
0 152 0 24 228 217 0 120 187 105 0 7 198 109 200 16
23 159 0 0 71 0 54 47 0 0 87 7 173 197 108 166
111 223 113 190 181 50 144 0 99 151 189 43 137 14 208 33
6 255 0 0 150 1 95 147 255 12 96 99 149 218 118 157
0 192 118 46 101 25 0 0 98 12 135 84 0 220 0 178
60 93 9 185 181 2 0 0 252 229 42 121 255 28 8 0
115 53 176 40 15 9 12 36 114 176 60 171 147 169 36 3
148 32 164 23 0 236 17 20 30 239 91 51 39 176 0 19
28 18 26 226 116 117 73 88 134 129 146 211 0 217 0 107
250 4 175 124 0 252 169 82 47 242 85 125 66 140 114 162
89 129 243 13 120 8 29 0 204 2 244 187 0 52 17 150
0 0 105 104 137 179 170 16 180 32 71 89 125 243 56 0
129 19 60 104 235 0 155 16 137 0 200 99 122 242 0 43
0 224 136 119 41 157 1 119 104 0 53 48 0 233 0 19
