30 220 0 218 144 209 255 82 207 0 255 210 143 56 213 86
19 0 20 252 246 255 111 0 0 247 198 221 16 28 0 21
58 205 255 86 255 200 129 0 105 104 0 249 65 149 32 0
236 234 205 172 191 204 12 225 164 39 23 0 88 179 0 109
148 155 0 52 0 189 57 108 112 68 234 0 0 0 124 188
236 170 147 244 57 0 122 0 196 0 37 7 187 227 0 98
45 224 242 255 39 21 104 2 45 63 108 102 193 0 171 97
113 0 228 60 186 74 40 0 187 76 0 146 93 0 247 165
0 16 176 195 0 66 13 255 98 214 0 251 163 141 48 7
191 0 160 31 19 45 193 251 21 110 188 0 236 3 32 0
0 201 0 165 8 199 110 0 0 18 48 0 44 0 83 4
220 146 163 239 166 71 122 140 110 220 131 20 101 52 4 209
66 91 0 208 0 205 91 90 0 0 158 156 59 198 0 253
71 164 184 0 159 66 0 0 17 208 0 56 137 18 0 205
89 78 0 124 185 12 0 50 43 0 22 106 0 53 47 39
211 226 255 0 148 100 62 247 244 0 28 186 196 228 58 53
