208 62 45 12 42 0 61 193 47 0 102 0 217 0 184 174
185 209 0 0 107 0 215 169 0 0 128 210 225 34 0 0
0 0 0 0 224 0 67 51 65 255 170 93 0 154 0 0
0 71 17 79 60 53 0 113 169 0 0 154 251 191 208 220
7 0 32 0 45 0 0 147 95 0 0 0 202 0 0 0
109 0 178 45 224 8 0 208 209 150 51 234 0 23 0 147
147 182 209 140 119 89 177 125 242 0 134 152 64 119 100 15
16 0 0 244 16 0 207 0 0 100 139 0 99 0 41 0
0 193 0 255 247 0 151 104 0 150 0 25 0 111 0 0
143 0 47 185 138 128 0 9 160 81 182 219 0 133 231 0
144 35 35 54 249 32 192 0 0 212 92 86 85 101 0 16
242 90 237 66 182 0 246 3 65 96 157 128 0 7 35 177
0 235 156 127 168 0 0 247 0 85 71 157 0 0 142 4
84 211 0 0 0 184 16 138 122 226 113 194 0 126 123 0
0 101 0 0 230 80 69 0 197 219 107 0 0 178 0 225
148 27 82 0 0 0 50 0 150 60 155 38 186 0 0 0
