43 134 0 77 149 171 69 211 255 0 0 60 116 248 126 91
5 175 0 0 217 0 0 160 197 21 0 228 7 152 0 194
7 210 26 0 0 185 83 213 0 230 0 215 94 0 251 6
0 31 224 27 175 0 9 213 196 178 166 58 0 0 186 206
151 110 38 80 45 0 0 120 0 49 238 187 0 104 112 41
226 94 220 138 0 224 213 0 169 147 219 136 180 8 0 223
99 63 0 0 203 0 195 0 15 0 129 58 230 0 60 87
0 0 0 0 228 157 0 100 7 162 10 0 0 2 117 77
0 0 136 0 15 0 92 253 99 38 23 131 137 0 37 0
0 215 44 133 0 0 239 0 133 219 108 204 48 131 26 0
203 91 50 125 47 54 36 255 0 102 0 137 46 254 184 0
0 0 0 133 0 0 0 196 137 76 0 68 0 145 18 199
65 0 0 0 102 70 10 195 157 92 0 8 120 78 0 0
17 0 65 0 28 10 105 110 51 7 0 49 124 0 136 237
243 0 0 0 5 232 135 186 197 118 0 244 0 159 61 8
114 198 65 0 46 0 63 106 0 0 71 217 0 37 104 127
