0 0 0 35 30 0 0 0 0 0 0 0 0 0 69 0
0 0 0 17 0 0 0 15 35 32 19 32 0 0 24 3
0 35 56 2 0 0 0 0 0 20 24 0 12 0 20 0
0 52 111 0 0 0 0 32 0 36 0 7 0 0 35 77
0 0 0 29 0 0 0 0 71 0 0 0 0 0 0 0
0 0 38 48 0 0 0 0 0 0 0 11 0 0 0 0
0 0 47 13 0 0 0 0 0 0 0 0 0 0 0 0
0 0 0 0 0 0 0 0 0 0 0 0 11 45 0 0
21 0 0 0 0 0 0 19 0 0 0 0 0 3 0 0
0 0 0 0 0 0 13 0 0 0 0 64 0 0 7 12
0 0 3 0 6 34 0 0 0 0 0 0 30 0 0 0
0 19 0 0 51 0 3 0 0 0 0 0 0 48 0 0
37 0 0 0 14 98 44 51 0 0 0 37 0 0 0 69
1 0 0 0 44 33 37 0 0 0 5 0 0 41 0 0
0 3 0 65 0 0 86 0 0 0 0 0 0 39 0 0
0 0 0 52 0 24 37 0 43 0 0 0 0 23 0 0
