2 159 198 255 133 0 77 134 19 0 245 184 0 56 181 0
11 101 133 2 0 240 99 193 0 42 2 76 123 0 0 110
0 170 111 24 156 22 0 68 0 0 117 30 34 197 138 50
209 0 151 173 163 20 0 77 0 0 0 12 253 73 191 71
11 208 20 222 34 70 38 0 0 36 106 227 35 1 133 232
29 46 0 114 0 65 214 89 255 95 227 72 0 85 0 0
255 98 29 74 77 117 0 4 255 29 0 102 3 18 32 26
63 218 182 120 0 0 0 69 0 206 128 29 62 0 74 161
228 147 197 164 33 232 133 29 97 190 82 143 16 63 32 236
0 11 0 0 140 5 212 0 0 0 0 245 86 187 180 122
0 112 0 18 156 0 137 33 229 0 189 8 0 186 0 30
0 57 0 96 0 0 7 3 245 130 9 207 87 42 96 159
0 21 158 188 51 177 145 251 0 77 99 22 129 107 0 214
201 120 2 194 235 182 1 128 204 49 235 54 114 215 0 4
1 252 9 28 0 0 11 169 6 197 0 174 165 109 192 32
0 0 237 20 11 206 0 172 246 226 0 219 58 106 0 115
