159 44 211 210 101 233 170 101 246 0 0 137 92 155 255 0
0 157 232 0 0 165 29 168 61 0 188 0 123 0 0 4
83 31 206 67 92 120 117 152 242 0 240 0 25 5 0 9
148 0 0 107 0 155 242 119 205 251 0 179 59 58 3 0
195 0 83 244 246 2 31 186 0 0 25 95 182 0 226 156
132 0 54 173 251 43 0 0 0 214 160 14 0 0 0 249
106 138 0 163 201 105 0 164 167 0 192 113 110 110 97 12
4 227 54 4 122 143 217 162 253 0 48 166 4 0 52 0
30 0 78 192 0 5 230 0 188 130 0 247 191 64 0 67
0 0 83 142 177 45 180 210 0 2 0 183 230 29 128 0
108 21 230 152 33 82 0 16 206 166 0 117 162 0 36 0
49 42 65 25 0 21 63 0 102 73 15 60 153 240 166 32
68 15 62 100 182 137 0 139 0 0 6 0 0 0 82 27
40 133 0 105 9 0 253 35 214 222 0 0 237 100 202 188
40 147 177 0 229 229 0 0 159 113 0 0 122 105 177 182
230 94 19 243 0 0 54 6 183 0 233 180 59 29 0 146
