72 205 0 0 0 220 199 211 2 0 79 0 105 170 18 15
146 63 41 5 237 79 117 0 88 132 0 0 185 226 48 71
210 0 4 4 0 0 0 244 27 10 51 54 0 72 181 42
0 187 0 3 95 8 205 0 88 3 1 150 0 3 23 74
114 0 0 170 225 0 206 161 0 79 114 245 0 0 242 144
67 22 77 190 100 0 5 0 87 0 0 240 0 33 4 0
0 255 14 133 11 9 17 1 25 176 162 123 0 60 0 33
192 189 2 18 28 107 181 159 236 27 70 0 161 253 118 1
0 0 0 132 5 0 0 123 136 0 0 82 2 203 9 255
243 215 187 0 192 0 206 0 30 160 249 167 161 202 73 0
107 2 8 198 27 0 0 124 58 87 65 7 10 69 244 161
147 208 13 0 4 154 0 0 199 12 0 0 255 56 112 20
0 0 0 240 151 0 1 232 7 88 55 50 134 0 124 0
62 202 114 52 156 177 0 0 190 5 98 61 231 158 0 0
74 0 41 81 0 82 0 3 239 201 0 0 188 254 253 0
188 4 147 59 80 0 92 3 8 41 149 0 61 0 90 61
