190 210 0 229 0 215 0 147 96 106 124 104 0 0 0 0
0 231 0 124 93 170 108 144 20 60 0 135 0 108 0 16
0 155 43 0 223 248 252 0 124 27 126 0 0 52 116 70
0 0 119 7 254 0 181 216 32 141 40 83 31 0 0 37
0 23 78 2 97 0 178 110 74 0 147 138 0 1 0 73
106 158 184 162 233 38 0 2 38 0 0 168 0 201 140 103
198 0 105 0 143 10 47 233 1 0 0 248 0 132 19 203
34 0 210 99 180 0 0 100 0 0 63 175 77 214 0 22
207 56 0 197 78 68 84 132 158 0 219 0 7 178 0 0
41 0 70 235 240 201 42 137 0 0 225 166 0 128 151 0
9 181 0 0 0 0 157 25 0 0 131 44 150 23 0 135
7 112 160 120 0 21 0 132 0 160 253 160 140 203 209 164
245 91 5 0 80 66 107 154 39 0 0 165 94 126 0 86
0 251 195 0 0 74 214 0 1 30 0 149 0 191 93 110
0 113 204 0 0 0 0 193 66 159 94 0 0 141 122 0
15 32 21 180 44 203 119 0 239 0 0 2 0 114 172 6
