181 217 49 0 175 64 162 143 0 15 1 0 155 255 215 212
16 177 146 82 171 0 0 90 20 110 57 0 20 42 80 121
0 0 93 249 0 0 186 129 171 0 46 255 185 16 255 205
0 66 0 0 0 0 80 206 170 185 30 0 12 108 117 169
142 23 235 147 228 0 0 168 134 98 139 0 217 158 216 168
231 88 0 169 124 3 150 255 0 0 65 113 252 141 40 174
169 152 0 58 0 0 252 255 113 226 201 0 0 0 130 104
57 205 33 0 0 0 30 0 0 7 255 192 29 83 30 58
0 0 88 99 21 37 0 153 139 1 197 0 185 231 188 0
0 31 185 147 43 75 200 21 249 0 59 0 4 182 160 94
45 19 134 221 149 255 0 0 194 179 0 249 188 0 5 71
173 213 168 210 89 255 244 220 0 136 60 160 28 0 175 35
69 100 36 89 16 15 35 76 62 41 43 216 91 227 0 0
0 73 36 0 212 179 84 236 217 37 0 3 6 140 113 241
227 22 171 58 0 228 22 66 136 142 204 172 0 15 117 2
213 44 218 70 80 0 0 0 0 33 39 0 255 96 0 72
