24 0 0 0 182 144 192 228 185 197 191 0 239 0 0 207
76 0 139 0 163 86 5 223 117 19 0 0 39 0 0 158
170 164 0 86 72 52 26 0 124 134 158 49 176 66 139 0
0 151 166 216 83 0 240 132 169 83 242 245 53 0 122 75
180 30 107 233 137 152 0 0 176 141 18 0 183 41 65 0
37 114 74 214 27 118 254 199 0 226 141 196 59 156 227 0
0 0 0 0 234 248 171 179 182 51 141 0 93 106 195 40
34 107 0 253 11 0 27 60 168 226 159 18 44 0 131 193
68 79 241 198 1 0 167 131 225 0 0 170 0 0 197 0
0 0 158 0 255 215 252 0 213 218 201 247 157 172 249 0
3 0 242 0 0 92 52 19 96 45 0 65 0 0 68 229
38 201 209 0 255 84 42 0 0 0 0 108 95 0 21 49
0 70 0 64 56 0 108 122 204 233 0 50 0 73 172 194
208 233 16 0 82 16 243 64 99 72 49 209 6 0 0 193
0 0 54 0 0 120 0 79 188 0 99 53 217 10 113 69
70 154 127 240 120 173 193 14 75 162 76 193 0 205 108 87
