0 18 0 0 27 16 66 3 0 0 0 0 0 9 0 0
0 0 0 0 30 0 0 23 0 8 6 26 0 7 0 0
0 0 0 0 0 9 0 22 0 0 0 27 0 0 0 12
0 0 27 48 0 0 0 26 2 40 0 0 0 59 0 0
0 9 0 0 0 0 0 0 0 0 22 0 32 0 44 0
0 0 26 0 0 0 36 12 0 32 0 37 53 27 28 0
0 0 0 0 0 0 0 0 7 0 0 43 0 0 0 0
1 0 2 0 0 0 0 29 0 45 0 0 0 40 0 0
0 0 0 53 0 56 0 8 0 15 0 0 0 0 53 0
18 25 0 49 0 6 0 21 0 46 0 0 61 0 0 0
0 0 49 0 0 0 32 0 0 0 14 0 0 0 26 0
12 0 0 0 3 0 0 0 0 17 0 39 11 0 42 0
0 26 0 0 42 0 8 7 0 41 0 0 0 0 0 17
0 0 0 0 2 0 0 0 0 0 70 0 0 0 0 26
0 0 0 0 0 17 14 0 10 0 0 0 3 0 0 10
0 0 0 0 0 0 1 0 32 1 32 7 14 0 0 0
