106 210 97 251 38 106 0 113 220 0 77 237 129 226 0 0
166 0 47 0 103 152 0 107 253 158 0 69 202 153 49 23
4 114 145 0 0 0 216 196 98 0 103 73 111 44 255 54
0 220 0 108 250 89 96 194 195 206 55 210 247 247 53 130
185 103 0 0 54 0 99 0 94 102 146 215 39 0 121 41
32 0 72 164 217 145 0 10 37 170 0 137 45 40 0 40
171 217 142 138 84 51 0 223 243 180 40 60 0 10 198 136
0 194 242 55 0 0 74 182 82 143 0 50 114 51 121 169
24 0 228 0 215 171 0 0 180 94 0 196 0 41 0 61
0 69 136 20 79 246 240 30 128 30 139 0 0 56 0 0
0 0 0 0 180 219 0 2 0 217 178 99 0 0 2 119
43 0 0 252 43 0 42 236 106 158 0 92 0 249 0 149
0 0 212 36 0 201 0 78 60 215 0 200 125 188 121 0
0 0 102 0 160 36 85 13 0 210 255 98 253 182 29 138
193 224 83 0 202 95 0 248 0 27 148 87 192 185 173 240
0 12 1 0 224 238 8 0 56 78 101 0 64 239 0 19
