30 248 94 251 0 161 194 0 63 0 98 5 97 160 43 131
0 111 0 243 121 156 148 241 74 27 186 0 0 195 0 0
100 36 143 8 75 0 0 0 231 238 132 0 69 0 86 225
0 76 69 0 0 0 0 5 53 0 125 184 28 28 200 34
162 222 107 188 102 45 0 0 242 0 186 194 0 168 238 120
68 72 131 220 30 184 106 0 165 0 0 107 211 0 224 0
0 0 47 0 207 0 0 45 231 195 118 138 204 0 88 188
10 0 225 0 0 202 37 41 41 152 0 160 103 0 97 21
73 0 231 223 0 171 231 175 59 41 178 223 39 0 7 193
56 0 40 0 50 226 0 2 170 0 1 29 49 203 232 105
0 0 0 0 107 155 196 247 77 0 233 0 108 203 6 125
0 0 74 247 0 0 158 54 9 44 0 203 75 0 97 194
18 58 251 0 0 72 180 217 91 81 25 190 0 0 172 0
237 179 142 163 159 107 0 0 31 18 146 0 0 0 49 136
70 4 0 0 229 243 0 249 8 0 94 0 96 244 62 228
0 233 0 249 87 184 0 0 208 91 58 66 11 189 0 6
