0 0 0 209 181 142 104 0 0 0 37 105 198 114 226 179
0 21 103 0 222 213 219 230 251 142 17 67 138 194 148 0
22 150 133 0 167 0 0 112 69 246 202 130 0 19 96 116
187 90 0 0 0 212 43 119 160 0 0 101 57 57 247 0
20 0 0 0 175 190 0 101 112 0 150 180 77 169 29 101
250 71 0 37 1 19 3 39 57 0 0 211 0 250 220 207
0 102 235 89 0 8 78 33 243 0 186 228 4 48 0 99
237 134 0 32 241 0 3 0 122 0 0 0 220 0 0 162
0 0 0 59 209 115 47 70 0 132 0 51 104 97 113 143
0 102 195 9 105 0 8 183 0 188 127 170 152 210 42 49
160 0 200 56 109 43 143 161 216 0 119 0 3 35 43 29
148 0 158 86 0 0 0 0 76 3 24 248 189 194 232 0
110 0 0 69 121 16 18 0 147 181 200 84 243 70 0 50
82 216 174 0 127 0 35 204 3 74 0 244 233 161 0 246
0 104 0 0 0 0 49 222 0 163 0 0 117 90 135 92
0 101 118 124 231 66 0 196 169 135 93 0 0 86 216 27
