70 0 5 191 216 0 215 162 13 180 121 0 210 0 227 192
230 120 162 72 211 6 3 247 193 0 125 90 220 104 80 0
164 130 163 32 83 15 0 0 207 0 119 242 0 0 5 66
255 255 120 20 0 165 177 43 0 32 67 0 255 0 109 0
44 65 205 187 203 54 255 109 0 0 0 182 0 0 0 0
0 0 19 0 0 196 52 18 95 217 0 0 28 0 0 181
202 77 180 0 139 228 0 183 0 49 109 206 47 0 202 0
186 7 0 23 0 116 52 54 28 255 0 44 114 0 12 159
222 192 28 69 0 12 99 22 0 107 0 33 150 0 0 6
163 63 111 8 36 0 21 208 71 225 0 105 0 95 207 74
236 0 255 25 245 0 40 114 121 47 14 31 255 0 185 157
0 11 40 152 181 68 137 168 157 58 151 168 111 95 92 224
56 0 206 124 116 0 0 13 250 18 255 0 27 0 32 0
76 0 115 62 76 214 0 253 71 0 0 69 183 120 69 120
139 90 183 90 51 24 24 187 238 233 67 0 0 152 108 0
160 177 0 77 194 152 137 139 243 86 0 63 54 28 200 138
