0 43 0 0 12 2 57 0 0 15 0 0 0 47 0 0
16 0 0 82 0 0 0 0 20 6 0 0 0 42 0 0
0 0 25 2 0 0 0 0 0 0 0 43 0 16 46 0
0 0 0 0 0 0 22 19 31 0 0 0 12 0 0 0
0 23 0 0 48 0 0 0 0 0 0 0 0 0 0 0
8 0 0 0 0 3 0 57 0 0 0 29 21 0 0 0
0 0 0 0 0 0 0 43 74 0 44 0 0 0 0 0
0 41 0 0 0 0 6 0 0 7 5 0 11 0 0 0
0 0 0 9 0 0 0 0 6 1 0 0 0 52 30 0
0 0 0 0 39 0 0 0 0 0 0 0 4 20 0 0
45 0 49 0 0 113 0 0 0 0 0 0 11 0 5 0
0 0 0 10 11 6 0 53 0 21 0 18 28 0 7 6
12 0 36 0 16 15 0 28 0 0 0 0 0 3 0 0
0 0 36 0 0 0 0 46 0 37 0 0 6 19 17 0
49 22 0 0 0 45 12 0 0 0 0 0 0 15 0 0
0 0 9 64 0 0 0 0 0 33 39 0 26 0 0 0
