250 114 208 131 0 162 150 0 0 0 0 17 0 218 90 146
236 36 45 201 16 104 1 0 83 0 0 216 34 198 34 154
205 0 37 255 0 0 158 0 0 0 0 212 238 210 21 3
0 0 114 204 200 30 64 9 0 0 235 0 20 0 69 76
0 18 0 19 47 234 0 0 0 57 154 255 146 126 0 21
0 123 159 76 167 76 103 81 20 78 215 189 199 0 0 0
131 37 24 107 87 16 244 221 14 162 0 67 0 66 0 186
71 0 149 101 228 173 211 0 134 59 253 0 10 0 0 229
255 83 0 0 228 130 127 85 6 75 0 174 147 0 168 162
211 239 198 244 126 166 50 0 62 62 0 153 80 89 199 0
122 0 19 116 193 0 0 0 0 107 121 26 0 0 9 0
19 0 0 220 146 217 110 94 187 0 0 116 216 168 158 111
0 0 121 136 68 154 107 0 120 147 236 0 43 1 0 61
131 57 0 169 234 0 0 178 36 242 65 0 155 52 214 254
0 0 0 32 0 170 127 0 56 0 0 0 110 211 41 129
0 137 0 47 0 0 63 0 237 177 177 0 9 245 28 133
