179 105 22 0 8 116 102 0 58 118 168 59 54 164 0 0
0 219 112 69 66 31 125 169 0 133 46 204 0 141 91 69
71 135 6 251 196 49 0 141 161 80 138 178 0 0 0 0
0 220 84 0 0 164 0 226 3 0 162 0 98 95 220 97
229 0 0 0 79 254 0 13 103 99 239 0 226 0 213 41
154 19 181 0 0 0 241 90 85 163 78 8 83 122 198 122
0 1 151 0 166 221 176 68 133 0 13 0 0 115 97 44
232 99 0 40 0 47 85 0 59 160 40 0 164 0 185 0
0 219 0 1 0 216 75 196 32 202 214 90 209 0 0 232
185 62 0 0 255 92 7 93 70 157 0 0 9 144 136 118
154 0 0 91 46 0 0 122 244 0 152 0 0 49 178 235
198 4 0 21 0 0 27 0 145 84 148 240 210 0 158 182
103 110 36 182 0 0 28 68 240 54 214 0 201 0 54 0
0 178 224 90 140 205 145 140 238 113 131 117 0 0 0 124
143 151 0 235 131 253 148 0 69 26 0 0 170 129 131 0
0 211 0 198 228 0 1 243 152 92 174 184 41 0 233 64
