0 35 0 58 0 18 2 0 179 202 4 250 0 7 50 231
169 0 3 40 0 10 44 119 69 255 15 97 0 24 0 0
92 196 42 0 238 0 0 0 14 176 0 115 255 184 1 66
0 26 175 125 87 195 39 213 248 28 94 0 2 0 249 1
49 80 0 8 194 0 127 33 31 199 1 38 14 216 0 87
0 5 61 246 28 19 83 0 0 73 0 157 239 56 146 18
200 8 174 182 87 255 0 225 201 169 147 241 127 0 88 53
167 77 0 200 47 0 136 0 0 0 239 143 226 28 153 16
31 115 246 166 0 154 132 0 103 105 90 177 208 143 192 130
255 96 128 0 223 204 0 5 145 0 200 0 22 139 0 10
0 2 14 0 23 32 254 0 119 30 87 0 249 149 85 3
250 105 36 64 0 4 161 5 185 230 16 180 247 135 110 248
231 0 49 0 135 98 0 135 102 141 188 182 223 112 237 22
0 36 213 253 0 46 202 0 228 99 130 0 218 25 0 0
9 0 230 244 140 170 164 58 95 245 179 44 249 166 160 126
12 197 21 212 104 140 9 218 236 210 17 25 3 19 182 3
