0 101 0 223 170 178 231 111 0 0 221 118 113 144 150 0
124 19 0 0 0 73 87 135 21 6 0 88 188 0 104 129
186 146 102 10 0 12 0 120 8 100 131 0 78 61 0 167
91 0 196 86 0 2 173 0 4 0 0 145 0 10 21 0
146 215 91 14 36 121 0 241 0 87 236 0 0 59 59 174
138 0 123 88 144 44 91 132 142 246 7 0 165 0 147 52
101 0 98 239 19 130 37 0 32 181 187 181 52 10 237 0
0 0 152 7 18 112 239 194 59 72 0 43 0 40 100 189
224 4 16 0 145 0 202 108 237 248 32 137 185 227 0 0
0 57 246 211 42 223 165 170 0 0 91 0 135 0 0 81
104 48 0 2 0 237 78 18 0 7 111 227 89 0 126 0
226 139 0 0 42 141 0 187 0 0 142 217 190 118 0 160
0 32 179 108 0 0 250 162 136 43 0 136 164 0 0 0
33 0 176 61 10 0 68 116 0 0 168 137 245 0 253 0
106 0 0 10 39 211 145 113 96 181 254 0 0 185 43 79
0 0 118 0 246 130 150 122 151 66 69 167 72 185 0 0
