215 27 58 40 231 147 47 245 112 0 114 200 10 173 112 0
160 60 0 234 0 106 153 206 145 110 109 186 3 88 133 0
225 0 0 0 217 0 0 154 26 0 0 145 114 116 0 0
135 139 229 0 224 0 180 0 25 252 154 199 201 71 193 0
0 0 0 0 71 158 0 179 0 0 187 138 45 0 26 0
226 214 0 199 129 0 184 239 32 187 184 0 0 45 230 0
147 73 163 90 87 74 3 0 249 253 71 72 35 243 225 3
54 62 78 0 209 165 157 0 86 212 0 91 30 0 252 244
0 117 0 4 0 238 208 0 94 140 0 164 191 0 43 67
117 136 0 0 0 156 205 157 74 78 7 148 76 161 0 0
44 137 116 11 67 147 0 0 239 64 137 206 131 248 0 184
229 163 233 0 74 175 0 71 0 57 216 108 145 0 85 12
77 144 2 136 237 225 100 0 239 0 165 0 218 17 66 0
0 0 228 0 0 145 0 76 104 0 64 0 152 204 164 206
167 177 238 0 166 0 12 0 244 114 63 32 0 0 0 255
226 164 0 202 56 228 58 138 188 5 7 33 0 0 0 43
