97 6 138 216 0 0 248 81 0 0 189 183 0 161 142 131
94 205 7 0 57 119 45 199 0 11 0 64 251 0 0 0
0 229 224 0 68 27 0 26 0 217 40 42 231 107 89 25
0 181 92 19 172 38 0 0 12 144 139 59 0 211 85 95
1 97 237 204 106 14 0 0 0 61 190 104 0 0 54 7
115 245 217 119 229 214 209 0 54 19 42 4 85 182 0 0
0 111 102 229 0 0 18 0 0 0 0 90 64 92 0 74
92 0 99 111 133 13 158 192 0 0 53 0 0 0 110 85
5 160 67 0 5 90 58 25 14 15 0 0 193 210 207 0
0 0 227 48 53 224 0 0 175 161 135 255 220 176 0 219
57 0 0 206 150 189 243 7 239 214 203 170 0 141 118 0
128 11 145 0 0 73 151 131 18 131 168 0 228 0 25 0
76 238 197 3 0 228 42 96 4 183 161 101 245 169 84 0
235 152 0 0 179 209 218 49 0 155 243 63 135 46 111 52
136 213 166 173 156 33 127 17 245 229 0 0 0 195 235 0
121 49 103 132 103 20 210 182 0 143 126 38 0 0 0 125
