106 210 97 251 38 106 7 113 220 0 81 237 129 226 0 0
171 0 49 0 103 152 12 107 253 158 0 69 202 153 49 23
4 114 145 0 0 0 216 196 100 0 103 74 111 44 255 54
0 220 6 108 250 90 96 196 195 206 55 210 247 247 53 130
185 103 0 0 55 0 99 0 94 102 146 223 39 0 121 41
32 7 78 172 217 145 0 10 42 173 0 137 50 40 0 40
171 225 142 138 84 51 4 223 243 180 40 60 0 10 198 136
0 194 242 55 0 0 74 182 82 143 0 50 114 51 125 176
24 0 228 0 215 171 0 0 183 100 4 196 0 41 0 61
0 69 136 20 79 246 240 31 128 30 139 6 0 56 0 0
0 3 0 0 180 219 0 2 0 217 185 99 0 0 8 119
48 0 0 252 43 0 42 236 106 158 0 92 0 255 0 149
0 0 212 36 0 211 6 78 62 215 0 200 125 188 121 0
0 0 102 0 164 36 85 13 0 210 255 98 254 182 31 138
198 224 83 0 202 95 0 250 2 27 148 90 192 190 173 240
0 12 1 0 227 238 8 0 56 78 101 0 64 239 1 19
