0 116 192 43 214 130 205 81 108 0 0 6 186 0 135 100
51 0 249 68 0 115 0 58 209 0 202 0 242 36 149 0
155 201 128 205 84 36 0 0 97 24 189 197 0 244 0 200
0 0 0 0 21 9 0 69 119 219 50 229 240 0 96 250
107 29 25 113 69 187 246 170 0 17 0 0 130 168 111 0
21 153 244 84 224 180 0 0 119 32 18 0 254 0 165 117
200 159 41 0 179 217 0 186 138 0 165 0 78 166 214 80
170 42 198 110 0 1 215 0 0 116 54 241 36 1 140 160
120 0 0 181 0 152 179 0 17 162 0 160 147 150 0 167
163 212 83 30 0 137 0 168 194 187 239 237 86 223 233 17
0 212 134 0 0 10 0 225 0 97 0 183 0 0 83 157
158 146 165 151 0 106 0 0 152 193 228 0 0 0 254 34
98 108 242 0 107 0 3 249 217 0 137 55 75 0 185 0
204 124 0 242 114 185 137 118 167 0 26 248 115 0 211 0
140 119 69 0 0 0 160 120 211 228 206 61 118 120 12 93
0 178 87 80 242 121 0 241 0 186 0 0 172 0 93 143
