0 0 34 11 0 9 17 0 0 20 0 0 0 0 0 0
0 0 0 0 0 0 0 7 0 0 21 0 10 0 0 0
58 3 0 0 0 0 0 10 0 38 12 0 0 0 0 0
0 0 0 0 8 3 0 33 9 0 70 0 7 46 0 0
0 2 0 0 0 11 9 0 0 26 26 46 0 14 73 0
0 0 0 35 0 0 32 0 0 0 0 0 0 0 0 0
0 0 9 2 0 46 0 74 0 0 0 31 0 32 0 0
24 0 0 0 0 0 0 29 0 0 30 0 0 0 0 0
0 0 0 0 0 0 0 0 0 0 0 0 0 0 0 16
1 50 0 0 0 0 16 1 29 42 29 0 0 0 0 4
0 0 37 0 0 16 0 0 0 0 22 11 67 0 0 0
0 2 0 0 0 0 0 0 22 4 0 15 0 0 20 0
0 0 0 0 0 39 5 0 75 14 0 13 21 0 0 0
0 0 0 0 0 0 0 0 0 0 0 0 20 0 0 49
0 0 0 0 0 0 0 0 2 0 0 0 27 0 29 0
17 61 0 0 0 9 10 0 0 0 0 0 0 0 20 13
