194 178 63 0 22 165 191 0 127 0 230 222 232 0 38 0
1 182 174 86 195 71 0 39 0 176 0 84 30 215 255 176
198 0 207 234 29 0 68 66 249 181 0 181 119 0 203 76
109 9 129 160 232 93 1 17 9 80 180 94 192 10 244 0
35 87 108 0 92 214 177 64 0 165 103 94 0 192 115 34
35 111 202 0 123 54 0 227 0 67 137 38 141 3 84 117
161 32 213 0 205 201 33 0 168 24 59 0 78 178 0 168
33 169 32 81 59 237 62 0 222 209 37 215 183 180 5 255
189 158 84 145 55 233 115 47 242 247 38 63 209 12 144 130
0 78 183 103 168 0 0 227 0 32 224 101 194 0 204 206
141 91 105 204 66 0 123 232 113 0 204 156 21 136 0 188
39 176 0 39 22 108 65 0 145 0 8 203 205 0 115 63
115 187 8 234 0 0 0 110 225 0 94 195 175 0 0 1
0 13 125 187 229 129 81 0 17 115 25 49 10 151 252 219
178 211 30 75 0 205 22 59 111 0 89 8 0 0 113 33
164 0 97 87 46 124 103 0 77 218 204 42 184 135 86 137
