172 157 0 0 34 0 130 87 0 81 0 205 0 232 61 0
48 188 183 55 121 103 0 0 87 0 216 155 50 0 46 34
51 122 202 64 0 0 100 115 0 134 166 228 0 0 0 96
28 0 250 0 0 52 205 0 0 160 53 107 244 48 0 95
22 96 212 35 0 0 97 147 115 143 47 199 0 224 0 0
63 0 74 122 155 49 205 181 212 0 146 0 155 102 195 68
218 158 101 0 206 5 104 181 73 13 152 252 197 164 229 59
47 95 82 0 120 0 0 0 0 35 215 0 102 0 0 152
75 118 17 126 19 230 67 88 177 0 0 235 0 208 0 11
0 107 238 149 195 121 0 235 55 156 210 246 214 0 155 207
7 130 0 68 0 206 0 81 177 189 41 161 203 226 142 0
108 143 240 34 175 14 236 0 155 250 138 0 0 0 125 76
0 0 125 66 0 76 100 122 88 125 153 248 45 152 0 0
0 254 113 0 66 0 0 237 8 184 0 0 0 106 146 0
11 234 169 0 208 0 0 241 0 0 78 237 5 0 0 113
193 245 242 115 60 0 118 72 0 0 0 11 63 109 221 125
