133 22 158 13 252 218 0 218 0 163 0 0 200 214 161 25
24 149 22 10 0 35 157 108 0 0 157 214 0 201 159 234
33 110 194 221 47 63 1 0 237 98 1 209 138 111 0 0
196 63 0 172 195 217 0 107 91 0 225 255 0 97 0 47
0 229 0 242 0 95 0 0 0 0 27 1 245 228 56 0
0 0 152 53 110 0 0 101 0 0 110 102 228 6 239 54
0 116 126 0 18 206 0 22 43 0 61 207 0 96 54 0
0 201 25 13 153 2 70 103 3 0 0 208 181 220 7 227
0 0 0 131 93 144 165 0 94 12 0 0 199 82 181 0
0 138 3 0 154 101 223 64 113 186 137 0 22 108 0 204
0 0 240 52 0 0 0 26 255 245 8 191 38 242 171 19
0 147 190 80 77 70 182 0 221 232 0 83 69 170 0 128
195 0 203 152 29 0 141 208 116 117 98 194 27 0 0 221
0 66 1 136 0 241 0 0 0 0 170 6 31 95 0 28
47 124 43 0 0 161 0 2 2 0 241 188 186 206 112 214
82 66 239 99 10 147 0 212 28 64 77 215 13 57 0 0
