131 19 200 108 2 87 14 199 120 16 7 0 51 0 170 0
0 229 182 6 68 81 213 75 89 0 9 208 251 173 50 0
27 222 222 186 96 173 81 105 234 97 213 0 107 14 138 177
0 249 248 166 148 13 47 156 76 85 152 106 0 72 192 0
43 194 94 46 48 100 8 20 154 183 166 0 124 164 2 39
192 169 84 85 91 9 244 122 0 0 61 79 126 85 24 118
0 168 85 1 0 81 119 84 47 242 252 85 77 104 3 0
57 127 38 98 119 0 0 6 162 24 81 163 0 15 0 20
81 176 170 199 252 33 46 0 34 221 81 0 4 81 0 0
93 223 172 230 181 4 0 132 58 0 0 19 12 241 0 231
40 208 39 51 0 49 200 2 111 25 0 102 181 156 14 0
7 165 170 2 181 27 46 188 13 0 0 25 207 20 151 0
196 127 0 0 201 0 104 43 238 0 4 59 128 10 246 203
7 243 0 140 0 176 10 41 0 220 152 252 0 22 131 83
0 149 4 233 218 206 152 209 144 156 24 167 0 143 71 0
241 41 11 0 75 175 76 202 255 187 4 139 0 189 224 102
