26 133 0 87 106 0 0 0 0 0 196 127 139 15 0 0
56 33 230 27 0 172 0 41 182 62 209 125 0 141 215 239
85 74 170 149 130 123 49 164 63 185 38 0 21 126 10 134
0 37 86 0 35 29 37 131 2 0 0 222 86 0 195 0
238 66 122 30 43 123 253 1 17 92 88 91 0 0 0 53
0 79 18 179 225 113 105 164 4 22 183 231 0 166 38 0
0 0 10 133 108 240 181 200 22 1 28 0 16 113 10 93
244 0 0 133 47 179 168 229 102 18 0 6 30 0 185 242
156 0 244 129 66 177 225 251 169 14 51 75 221 0 157 12
2 131 17 121 29 209 0 144 169 0 0 153 218 38 100 3
3 0 211 0 61 0 212 13 233 0 136 6 69 0 0 9
91 189 66 181 247 0 109 70 193 0 175 96 52 0 4 0
43 0 151 16 2 98 99 22 34 153 40 205 160 0 162 87
53 249 0 1 235 155 229 245 30 119 0 108 229 0 228 0
224 158 0 164 226 254 5 227 106 5 139 61 33 83 115 25
0 249 0 99 0 45 66 61 186 246 0 176 14 225 0 215
