184 213 224 196 83 231 0 0 155 0 39 190 0 168 0 187
199 49 0 194 160 0 19 205 220 41 0 112 0 9 81 0
0 152 0 0 181 217 0 120 187 105 0 7 198 109 197 0
0 159 0 0 71 0 54 25 0 0 87 7 173 197 108 166
109 223 113 190 181 50 144 0 93 151 189 0 137 0 208 4
0 220 0 0 150 1 95 123 253 12 91 96 149 218 118 157
0 189 118 46 101 0 0 0 98 0 135 84 0 220 0 169
60 93 0 185 173 2 0 0 252 229 12 121 253 0 0 0
115 0 170 0 0 9 0 16 77 176 60 171 147 164 12 0
148 0 159 23 0 236 0 0 30 239 91 51 39 176 0 19
28 18 0 221 116 117 45 88 71 129 146 211 0 217 0 107
250 0 156 119 0 252 169 61 47 242 85 106 66 140 114 162
89 120 243 13 120 8 0 0 204 0 244 187 0 52 0 150
0 0 86 104 116 179 170 0 161 13 71 89 125 243 56 0
129 0 60 104 234 0 155 0 137 0 200 97 122 242 0 0
0 224 136 119 41 145 0 119 102 0 51 48 0 226 0 19
