0 0 0 0 25 0 0 43 26 0 0 12 9 0 0 0
0 0 24 0 0 0 0 0 39 0 0 51 0 0 0 0
0 0 0 0 69 0 0 0 0 0 0 21 0 0 3 5
0 23 13 3 9 0 0 24 7 4 0 5 67 0 0 0
0 0 0 0 0 0 0 67 17 0 40 0 40 26 0 6
13 8 0 0 0 17 0 0 0 12 0 0 0 0 0 0
0 44 0 0 0 0 37 0 0 0 2 54 22 39 0 0
0 0 0 11 0 0 63 0 0 0 0 0 0 0 17 0
0 4 0 18 0 0 0 0 2 6 78 0 0 0 0 0
12 0 0 6 0 0 0 0 0 0 0 0 41 0 0 33
28 0 0 40 0 0 0 0 0 0 0 0 31 0 0 0
0 23 20 18 0 22 0 17 52 17 3 14 44 0 33 5
0 0 0 19 0 0 0 4 4 23 0 12 0 0 57 0
0 46 0 0 0 0 0 0 0 0 0 0 0 0 70 0
13 2 0 0 36 0 60 0 0 6 0 0 0 0 32 0
7 0 0 23 0 19 0 0 4 0 0 0 0 58 0 41
