187 0 240 13 0 115 172 240 186 235 12 41 0 61 140 0
140 227 24 19 34 1 197 101 114 81 66 6 242 95 58 143
120 148 182 0 86 0 186 193 31 136 0 90 57 174 45 205
1 171 56 40 0 146 0 0 255 63 18 32 0 0 191 77
85 19 185 0 26 63 215 33 243 168 51 21 232 0 0 20
206 243 77 252 0 16 104 4 37 0 150 104 106 76 0 33
9 0 183 52 31 144 165 146 111 24 45 103 0 0 221 255
240 37 28 65 251 218 131 138 1 251 156 0 0 9 0 5
42 53 89 21 0 197 236 230 0 49 5 33 248 0 255 5
134 86 182 21 3 212 74 0 30 7 164 251 198 42 10 0
48 55 142 0 121 93 175 146 136 168 245 89 6 137 107 60
156 76 250 5 0 114 217 0 0 143 153 237 6 150 255 168
41 0 202 164 235 253 132 14 193 0 83 104 87 44 163 238
235 240 72 47 132 0 157 242 10 31 0 125 14 0 246 0
99 206 0 235 30 0 198 184 75 203 248 168 10 134 0 0
125 72 201 0 0 108 103 198 181 90 0 34 73 0 81 104
