231 240 58 0 154 115 0 176 87 0 0 0 0 0 175 105
206 41 233 209 102 184 159 14 135 0 0 72 0 112 217 0
245 0 59 0 0 176 27 0 0 119 0 0 221 218 71 0
127 97 15 163 0 0 186 162 32 95 95 243 93 211 211 0
131 179 121 97 246 0 185 86 211 68 31 193 170 55 0 124
129 146 133 54 186 32 0 68 181 129 0 11 170 202 0 233
55 0 0 0 0 0 39 0 104 84 0 113 149 0 22 23
36 0 0 0 228 138 76 203 0 186 239 236 0 0 41 89
254 39 0 93 0 208 30 241 161 183 170 48 88 39 72 141
199 51 0 12 217 0 0 79 94 0 130 43 110 0 175 238
141 143 84 0 48 0 69 25 73 161 177 105 131 0 148 0
93 244 0 98 90 157 255 0 174 49 122 129 77 249 197 193
22 86 208 0 94 18 0 0 143 165 69 30 133 14 107 105
168 252 0 106 240 196 166 133 0 106 0 0 75 31 233 0
115 35 81 211 90 0 142 184 116 217 205 228 226 150 41 43
0 123 26 0 125 0 0 75 0 0 64 0 0 0 202 0
