67 0 0 171 0 15 10 102 123 130 40 104 225 216 0 243
223 0 70 0 12 124 152 0 35 0 0 233 206 81 51 101
192 3 188 58 27 82 143 135 206 79 228 0 0 12 0 247
0 49 0 13 3 63 77 219 55 66 0 63 0 254 5 201
167 0 121 255 0 0 252 151 106 92 24 188 125 0 0 70
129 0 24 0 9 206 6 163 19 18 10 253 44 50 217 113
190 0 39 0 0 138 255 0 0 27 80 0 228 255 43 118
92 0 134 95 79 0 134 254 15 0 0 4 195 225 21 35
196 36 0 0 250 246 141 0 155 250 67 0 162 137 0 149
255 7 60 22 13 0 122 203 32 28 199 148 0 146 218 0
110 134 0 169 70 95 4 63 174 194 0 143 167 23 47 234
239 12 99 0 25 107 17 153 204 70 135 0 214 246 195 100
59 81 116 235 95 0 0 184 234 149 0 105 27 212 0 23
83 0 149 47 29 183 0 0 6 0 120 155 0 172 14 173
102 0 65 96 255 210 0 165 0 174 221 208 100 133 164 205
0 0 187 31 155 0 0 0 0 15 154 0 93 52 129 195
