235 62 47 12 66 41 61 193 47 8 102 0 217 0 222 174
198 209 0 0 107 0 215 169 0 0 128 210 248 34 0 0
41 0 0 1 224 0 67 51 65 255 170 93 8 178 0 43
23 71 17 79 73 53 0 118 209 11 0 154 251 191 208 221
7 11 32 0 45 6 0 157 129 0 0 33 202 29 0 0
115 0 194 45 224 8 0 208 221 153 51 234 1 76 0 152
157 182 209 140 119 89 177 125 255 0 134 152 64 119 100 15
29 0 0 255 16 12 207 0 0 100 148 0 113 15 41 0
3 193 0 255 252 0 151 104 0 154 27 25 0 122 10 0
146 0 71 209 138 128 0 9 197 100 184 243 0 133 233 6
144 35 49 54 249 46 192 0 13 212 92 86 85 101 0 16
242 90 237 81 201 0 246 3 65 96 178 157 37 19 35 177
0 235 156 127 168 20 0 247 0 85 71 187 3 0 142 4
98 211 0 0 0 202 26 169 122 248 113 200 0 126 123 13
0 101 0 18 230 120 116 0 215 219 113 7 27 183 0 225
148 27 96 0 7 0 54 0 150 60 156 38 186 0 0 0
