237 161 0 0 205 75 245 221 0 0 77 106 239 87 0 96
15 0 179 0 116 0 0 32 145 196 32 214 166 0 0 212
0 197 2 15 33 81 117 0 0 244 150 184 174 16 0 0
73 211 0 210 249 0 162 124 0 0 61 30 0 242 205 148
0 17 74 0 108 70 66 36 93 0 215 4 187 128 0 65
133 0 198 0 0 107 109 47 0 76 31 0 174 194 3 0
201 245 133 93 0 135 158 204 6 135 236 100 0 41 0 0
144 0 170 163 227 136 98 140 232 213 0 0 204 47 0 209
235 124 130 116 201 70 89 231 1 217 79 0 0 73 227 0
0 240 0 44 104 78 0 21 133 84 86 18 151 0 46 8
43 236 0 117 8 0 176 88 158 117 0 39 203 206 102 111
0 34 78 0 13 55 183 46 0 137 104 95 184 8 209 13
168 23 16 101 73 157 73 152 0 0 0 0 73 216 0 0
223 20 42 201 0 255 212 186 227 0 91 103 60 246 0 129
111 0 0 0 12 55 67 104 254 26 199 246 251 0 107 0
0 26 90 116 0 0 226 74 0 39 0 0 3 21 4 0
