236 0 142 180 151 223 185 137 118 0 29 63 0 74 0 174
0 80 29 149 226 0 30 143 112 120 233 249 161 126 152 252
0 225 170 199 0 198 0 187 3 0 115 10 0 117 140 34
0 255 183 131 56 0 97 167 88 0 229 0 109 185 231 0
233 187 199 206 14 0 46 0 0 0 154 109 0 142 68 0
210 0 0 169 194 27 0 207 155 82 246 145 225 0 0 0
0 41 0 243 13 128 28 0 178 0 87 1 218 0 18 42
109 81 0 89 144 240 0 52 118 71 221 19 92 232 205 177
0 212 0 0 213 114 163 99 225 0 0 0 233 0 0 43
212 35 170 0 0 205 125 222 233 0 250 0 166 82 177 0
0 66 70 111 83 186 72 0 237 63 164 0 172 130 0 63
0 0 42 8 237 0 0 176 22 125 100 0 0 200 222 72
190 38 32 96 118 74 69 42 0 165 0 207 65 61 115 66
0 0 0 120 228 69 0 14 0 155 0 92 0 46 0 69
0 0 223 234 77 0 253 0 224 122 49 0 19 0 0 0
0 114 114 245 138 0 0 186 0 0 81 0 116 122 142 149
