226 210 0 0 98 7 197 138 243 0 167 0 0 80 52 255
220 0 31 117 39 222 0 247 0 230 0 0 125 0 227 51
156 78 0 0 170 185 210 0 148 217 0 255 223 78 0 0
0 0 10 0 0 0 207 221 240 57 14 138 0 191 0 107
225 88 42 0 0 67 169 49 217 160 0 42 0 215 51 55
92 22 0 232 173 0 0 0 0 20 46 0 68 0 193 244
95 110 0 241 0 233 162 231 0 101 176 0 186 67 0 151
85 0 160 137 135 194 0 224 0 82 0 150 78 118 109 0
251 115 0 36 130 213 0 131 0 176 120 50 133 0 102 53
34 219 0 0 178 206 61 214 244 0 207 61 0 144 11 0
0 208 249 0 203 214 0 173 195 145 227 116 0 196 0 198
0 70 131 0 231 0 130 61 208 0 164 44 253 118 140 0
199 0 55 84 164 167 224 0 135 0 163 90 102 166 232 16
0 0 224 118 72 125 0 83 86 0 254 93 178 0 0 0
85 254 0 58 230 0 57 203 148 53 126 196 0 49 67 107
177 0 0 101 144 47 200 75 231 237 233 160 0 233 42 15
