153 97 208 0 207 88 58 125 0 110 0 0 0 52 129 117
34 0 120 0 70 152 185 239 206 0 129 0 0 53 0 191
0 237 9 98 48 235 76 200 90 0 7 0 0 255 144 170
0 101 0 0 171 0 0 122 74 0 216 196 117 176 160 29
0 104 232 31 13 107 191 172 166 33 0 0 0 233 238 18
0 0 0 0 3 0 120 0 0 98 0 244 87 249 0 0
180 230 208 0 0 116 0 181 19 116 0 102 234 145 120 106
104 132 40 0 57 0 0 123 155 64 57 0 72 0 146 127
53 217 41 0 0 9 0 169 190 174 0 179 0 240 149 101
232 159 95 22 58 203 0 0 139 224 80 0 85 214 0 0
241 102 63 1 175 132 118 0 219 90 25 0 0 209 229 214
0 198 0 93 0 215 185 0 0 0 0 26 202 250 9 0
0 0 208 91 0 252 52 37 0 143 179 0 120 151 0 0
0 0 87 99 0 43 202 39 199 0 47 0 81 2 88 21
149 19 233 0 0 0 161 146 0 109 24 215 16 146 0 0
216 0 80 29 0 173 51 0 154 0 0 71 44 16 0 54
