4 166 245 41 152 228 91 38 247 0 131 127 0 0 151 162
0 2 49 36 132 100 0 0 155 75 196 0 0 179 125 204
0 156 148 81 241 0 26 35 231 154 108 134 38 26 0 197
0 0 160 121 0 184 0 127 0 223 125 0 200 0 0 202
240 0 209 91 64 133 197 35 0 41 185 96 177 218 91 165
252 0 13 141 126 0 139 0 165 59 23 0 7 243 143 84
240 9 92 0 87 253 185 0 0 104 247 88 19 166 33 187
54 192 212 184 222 185 0 13 0 12 66 0 0 24 202 0
114 86 28 67 57 95 0 56 181 0 0 0 72 24 17 56
0 58 0 197 173 30 0 0 48 224 19 0 159 11 0 64
0 106 0 182 177 0 102 0 104 0 0 105 226 194 158 28
0 80 118 38 0 0 3 230 91 244 35 252 0 19 0 0
58 140 150 227 73 90 0 82 166 114 67 0 127 0 64 167
0 246 205 203 0 56 42 173 63 168 247 124 0 161 0 164
172 0 175 204 149 85 175 139 197 195 72 0 0 0 73 247
144 0 115 64 187 44 69 180 0 0 204 117 0 237 0 149
