1 1 43 139 0 0 0 1 0 67 0 0 43 7 131 191
138 20 0 29 0 169 100 0 81 120 227 164 163 0 154 170
41 186 0 99 31 102 0 101 0 0 0 174 240 0 149 192
0 0 214 0 99 178 0 0 0 103 97 233 43 173 31 86
76 105 208 0 0 87 34 216 116 0 1 0 128 0 0 218
89 28 224 228 30 91 26 250 0 0 19 0 0 36 98 232
46 20 52 226 198 83 146 3 206 210 191 0 207 0 6 88
197 89 0 175 181 114 0 1 27 0 121 0 1 188 62 254
0 71 0 0 6 115 228 1 252 62 73 0 183 229 230 128
62 3 0 1 0 0 73 0 103 0 0 223 133 27 187 131
19 0 0 231 0 81 0 137 253 203 172 236 59 12 0 0
0 0 89 122 232 24 202 81 78 1 0 26 0 119 75 93
152 0 234 48 247 0 252 79 0 0 1 121 1 87 192 5
20 119 0 0 31 1 177 149 202 79 247 53 59 0 81 123
152 0 128 131 212 0 248 16 102 217 127 23 107 34 133 196
0 0 179 53 0 235 0 83 226 0 166 233 143 49 26 145
