204 223 173 168 165 150 0 243 232 0 73 47 35 96 162 228
4 111 219 22 245 130 187 0 54 234 0 230 0 0 182 189
193 135 42 22 0 0 54 64 195 0 190 0 83 95 100 185
111 65 21 122 0 170 0 5 72 188 193 0 91 202 103 0
216 0 72 150 13 230 132 0 0 0 133 77 115 0 118 93
182 0 0 210 24 237 10 198 62 133 130 211 108 157 202 201
23 0 3 127 10 225 0 30 49 93 29 216 168 173 0 168
131 0 72 136 120 246 0 24 154 0 15 182 5 21 31 14
151 3 107 251 79 207 0 38 97 38 178 14 91 0 173 59
164 166 0 129 178 178 0 56 147 0 0 0 99 230 0 0
0 0 0 78 80 79 15 57 127 15 96 17 0 0 150 227
75 205 200 112 0 86 144 47 53 114 97 0 11 237 196 0
135 177 64 68 0 48 93 36 77 0 91 65 94 167 10 2
252 0 109 159 239 249 0 36 221 40 40 0 110 228 60 58
255 145 0 5 168 0 113 118 103 239 104 140 214 33 141 0
144 38 36 253 3 254 0 35 43 0 191 0 255 0 91 54
