79 0 168 0 0 0 158 15 206 0 132 0 54 0 50 151
49 228 137 16 209 109 253 247 0 42 209 59 241 6 149 0
219 252 184 0 0 38 0 82 0 130 128 0 79 124 0 220
0 73 151 0 39 214 5 0 40 235 255 66 210 111 14 245
0 112 212 244 61 200 228 0 233 0 131 160 61 0 0 36
253 166 101 10 26 0 164 138 26 42 0 0 173 105 0 52
96 51 0 24 87 135 7 155 72 70 210 0 0 22 40 196
0 153 94 247 0 229 3 255 215 94 181 0 0 0 13 131
194 181 57 197 168 0 99 0 0 177 147 0 0 0 0 75
79 22 18 110 232 107 0 234 36 117 62 246 109 108 0 101
160 0 155 9 115 6 0 70 122 15 113 0 125 167 212 0
0 159 0 190 202 166 36 225 132 0 214 36 31 102 15 0
124 171 203 226 238 11 212 158 236 44 120 233 171 191 0 18
37 151 94 216 3 75 0 165 46 0 0 200 0 91 168 38
43 66 0 45 0 0 90 81 0 54 56 143 30 149 189 201
0 19 67 0 71 145 103 0 21 149 0 148 19 152 99 100
