124 0 1 0 236 232 130 0 201 177 0 133 205 91 171 0
102 59 1 226 95 247 179 0 252 0 0 0 61 0 18 41
58 45 0 79 129 0 97 240 249 66 154 23 86 241 145 0
0 0 0 0 31 21 220 165 208 0 74 0 196 111 93 35
176 179 205 245 186 0 234 0 9 230 96 0 0 0 0 0
142 0 165 0 0 75 7 187 150 5 70 185 31 221 104 6
0 112 207 38 60 250 0 97 82 176 52 97 196 243 33 63
239 0 53 0 0 0 144 230 200 0 0 217 173 157 72 157
253 225 0 142 210 0 166 162 0 0 141 79 35 195 58 0
0 51 0 243 150 99 176 3 194 35 148 44 64 218 0 0
214 156 38 188 146 108 0 108 243 20 188 49 0 0 0 0
81 0 99 0 0 171 167 61 141 0 32 0 94 32 91 73
0 198 59 45 80 116 237 43 69 0 30 251 90 109 118 31
6 151 0 171 228 211 0 41 253 27 176 64 220 65 0 0
64 0 161 168 43 109 71 154 0 0 0 207 158 0 213 245
0 143 0 60 236 3 0 158 38 0 0 56 0 76 0 242
