0 0 217 0 0 0 82 109 6 0 102 96 152 1 64 36
159 197 48 0 229 131 0 50 37 72 0 0 141 38 249 196
64 180 152 0 12 0 194 231 236 198 6 0 118 6 141 6
206 27 73 0 255 63 76 2 241 218 29 126 251 0 97 14
0 232 0 252 0 232 64 160 0 159 245 30 142 11 73 134
5 51 134 0 134 0 17 4 0 219 130 73 0 0 173 0
3 50 84 0 0 64 0 12 37 106 204 0 127 148 0 218
26 93 0 235 0 110 214 0 103 0 156 0 10 219 0 157
10 30 181 45 146 147 164 156 39 219 0 0 106 40 182 2
106 3 9 11 0 214 120 0 133 198 0 175 96 0 42 255
102 186 0 25 111 0 0 4 0 0 4 0 46 69 0 0
188 232 181 185 144 0 113 0 0 91 181 157 20 19 0 16
0 40 3 34 0 207 121 35 81 0 115 162 0 7 237 130
26 0 117 129 0 0 189 3 73 106 183 13 240 129 7 201
0 0 0 69 168 236 129 0 108 128 125 194 191 30 41 193
0 16 131 0 0 108 197 70 65 211 0 0 6 124 91 161
