52 138 0 142 134 146 28 0 29 169 135 0 0 0 0 0
84 51 153 203 105 44 0 230 192 153 66 0 0 201 138 171
1 0 189 0 84 224 124 192 254 0 115 220 10 173 204 234
184 0 163 37 126 246 230 81 0 194 142 193 0 106 237 215
12 62 51 0 0 0 1 209 0 13 0 41 128 17 40 245
167 113 59 62 1 79 0 215 111 0 11 32 0 216 250 68
41 9 0 43 217 216 95 90 231 206 0 117 228 0 11 170
7 0 0 37 182 235 0 234 71 214 28 194 0 0 0 0
219 96 218 99 0 124 126 74 61 0 90 0 56 41 186 22
253 71 0 100 225 117 211 14 85 202 228 0 0 66 31 195
193 214 76 233 0 229 0 187 246 173 0 151 230 33 96 70
63 0 0 0 0 0 0 0 92 141 0 206 0 149 159 199
151 0 97 154 20 162 210 57 151 61 0 231 133 219 87 201
135 135 225 0 149 0 12 119 108 0 0 238 81 102 0 78
0 205 88 193 253 0 1 46 196 0 166 210 0 0 36 252
0 233 108 118 78 0 106 0 213 0 226 53 34 0 0 30
