0 5 0 105 0 47 123 37 86 81 0 40 0 234 119 0
110 7 0 83 182 254 0 34 2 107 164 90 63 0 0 0
237 62 0 44 151 0 180 0 58 68 0 139 194 33 247 154
132 0 138 247 0 132 0 49 49 87 140 0 0 190 129 61
240 134 0 79 0 206 0 49 0 3 0 52 36 179 249 137
228 0 5 48 0 230 47 175 123 89 0 0 180 252 122 160
222 100 0 105 230 23 0 172 85 60 0 78 136 47 0 207
114 144 41 61 70 164 229 0 28 0 142 55 22 93 187 0
50 51 46 0 0 25 39 0 98 172 173 183 3 97 134 0
29 137 82 208 64 0 149 57 124 88 237 12 223 241 0 63
229 0 43 0 0 143 162 0 71 66 0 35 79 29 49 255
74 97 202 123 0 200 0 98 0 175 0 0 79 209 115 148
100 84 227 0 162 117 241 81 14 117 0 0 14 236 0 43
17 0 0 212 72 0 237 170 161 100 123 109 0 219 44 0
229 151 0 108 0 55 63 134 14 0 0 145 111 206 244 0
133 199 30 15 225 105 0 79 68 134 86 0 112 50 62 172
