0 0 132 0 113 97 210 175 0 95 92 1 149 0 217 29
43 55 201 0 170 198 13 0 222 230 189 1 216 44 161 133
81 1 173 0 178 0 0 80 163 92 37 164 88 0 0 168
1 0 53 35 0 80 0 0 82 129 22 0 0 1 136 195
184 2 0 242 143 158 186 217 182 0 82 203 1 52 31 178
245 62 0 0 166 27 97 150 0 0 5 152 66 0 185 2
98 27 244 3 115 1 71 20 247 0 0 0 171 251 0 0
103 206 0 240 201 126 20 212 0 0 216 0 14 155 0 25
0 17 60 0 73 0 0 103 0 244 86 0 0 128 140 0
144 3 0 239 61 158 0 0 79 0 134 42 43 157 219 212
218 0 0 0 224 0 4 2 0 250 247 152 1 226 65 38
76 57 100 0 0 0 49 154 4 0 0 144 134 1 213 163
155 6 0 246 65 45 36 0 0 67 39 3 79 100 152 1
143 0 0 167 0 96 69 96 78 55 98 132 115 0 130 0
197 0 135 2 96 0 203 0 208 0 1 165 2 118 0 13
160 173 16 72 43 0 218 74 86 0 0 2 4 255 0 121
