91 0 0 193 184 164 12 0 16 0 0 124 108 183 0 0
48 0 29 51 161 117 161 4 251 134 0 0 42 193 93 93
0 25 13 0 0 0 112 27 206 117 56 205 2 42 115 175
245 0 152 230 0 112 0 169 150 255 0 13 30 26 0 102
72 22 0 181 149 40 0 118 0 249 11 84 0 235 0 0
0 143 185 111 180 0 159 39 98 0 20 0 108 13 16 191
220 0 0 55 26 12 1 48 185 0 85 17 0 183 174 175
0 0 222 123 140 164 18 91 0 0 115 0 230 95 37 0
0 0 44 0 0 61 2 182 0 55 67 0 27 0 116 0
0 0 0 0 55 0 103 60 0 235 11 177 130 171 52 69
5 0 0 1 60 46 82 0 43 229 103 0 9 0 0 178
255 211 243 0 0 0 132 13 102 0 0 185 228 0 89 0
206 111 0 115 0 249 205 0 99 0 0 70 0 40 109 59
18 30 12 136 112 0 69 22 94 5 0 0 0 134 0 0
209 90 243 99 107 118 41 136 238 96 40 211 233 169 167 188
0 221 34 137 0 0 174 242 0 184 241 93 0 240 0 182
