0 15 0 0 0 0 0 9 0 108 0 7 0 29 38 0
0 29 0 0 21 47 0 0 0 0 82 0 28 12 0 0
0 0 11 0 0 2 0 36 51 0 57 0 23 55 0 0
0 0 0 31 0 94 0 66 0 3 0 22 0 23 0 20
0 0 0 0 0 0 0 0 0 41 0 0 47 0 41 0
0 15 0 34 55 0 49 0 0 0 0 0 0 0 0 0
0 0 0 0 0 6 0 18 0 0 0 0 26 48 14 0
0 18 0 0 0 0 0 39 0 0 49 0 0 0 0 102
60 69 0 50 57 0 31 0 0 0 0 0 56 50 16 0
47 0 60 0 0 0 0 0 78 0 1 1 0 0 0 20
0 0 16 0 0 0 0 30 0 0 0 0 0 0 34 0
21 0 0 0 0 0 0 0 0 0 10 0 0 0 38 0
19 52 0 0 0 0 0 0 17 25 37 0 0 69 17 3
0 0 0 0 41 18 0 38 0 0 41 0 0 38 43 0
0 12 0 0 0 0 0 0 0 0 0 24 0 0 0 0
52 29 0 16 0 50 0 0 0 65 18 26 0 0 0 0
