1 142 119 116 0 0 253 218 0 0 252 120 202 55 33 254
0 164 0 115 72 118 0 174 120 0 0 215 7 129 90 38
43 26 0 0 207 167 178 82 0 0 191 171 176 0 0 164
0 126 178 88 191 2 51 122 180 199 233 221 193 15 137 0
181 136 199 107 44 0 0 0 0 254 255 190 120 4 34 169
129 0 0 235 151 0 0 0 49 174 173 0 209 0 95 0
0 0 0 205 0 1 125 252 0 0 0 172 192 12 13 170
88 91 220 0 0 252 0 168 161 58 53 183 240 192 159 0
14 0 83 0 6 8 59 0 7 3 0 243 29 36 88 235
31 152 42 146 51 72 228 18 47 70 177 121 99 15 169 240
166 253 69 37 245 166 189 0 0 0 173 96 108 160 219 127
39 36 80 97 61 55 0 64 157 151 237 249 1 204 251 203
2 205 43 0 191 82 0 42 0 111 111 0 205 109 90 203
0 175 0 72 197 91 0 169 224 226 143 199 62 0 38 0
46 25 68 188 180 0 133 104 100 16 0 83 0 254 251 0
81 0 65 143 109 120 40 0 151 26 41 0 0 0 226 0
