0 7 0 0 0 27 0 0 0 0 7 0 14 0 0 0
0 0 0 0 7 0 3 0 0 0 0 0 0 0 0 0
0 17 0 0 3 0 14 0 0 0 15 0 0 13 0 0
0 8 0 0 0 20 6 0 0 0 0 0 0 0 21 0
0 0 0 3 0 0 0 6 0 5 1 0 1 10 0 0
5 0 0 2 0 0 0 0 0 0 0 0 0 14 0 0
0 0 0 0 0 0 0 2 0 0 0 8 6 0 10 0
0 0 11 0 0 0 0 0 0 0 0 0 0 0 0 0
0 6 14 3 0 0 17 4 0 0 0 15 1 0 0 0
0 0 0 0 0 0 0 0 0 0 0 0 0 0 16 4
2 4 0 0 0 0 7 2 3 0 7 0 0 0 0 0
0 3 0 0 5 0 9 0 16 0 12 0 0 0 0 0
0 0 14 7 0 0 0 0 5 6 6 0 0 0 0 0
0 4 7 0 0 0 5 8 5 0 11 0 0 10 0 0
13 0 0 16 0 6 0 0 10 0 0 0 0 18 0 11
0 0 0 2 0 0 2 12 0 5 0 0 19 0 0 0
