220 47 0 183 0 4 6 47 0 91 0 56 55 0 147 46
169 124 0 0 8 0 106 228 10 75 0 1 98 0 94 0
68 0 3 223 0 29 0 144 94 32 0 244 0 122 86 0
135 121 185 197 106 156 0 0 90 246 235 28 0 100 43 189
0 61 178 0 92 0 47 0 24 40 227 255 71 0 0 239
0 235 0 0 56 0 0 0 0 230 31 0 0 62 195 252
229 63 176 172 167 183 141 186 84 0 217 242 30 28 125 234
0 39 0 0 121 0 97 0 95 151 7 53 128 212 60 0
40 95 0 0 116 0 182 13 194 0 241 91 51 129 0 28
63 0 96 42 125 0 127 0 195 0 67 27 155 53 174 102
62 0 164 155 0 0 2 199 165 48 0 0 215 0 76 224
0 136 0 19 222 110 57 255 56 250 0 0 185 177 55 0
78 151 0 209 38 81 198 241 128 0 0 204 207 0 9 93
177 33 121 211 32 0 74 113 157 0 10 0 196 18 0 139
4 75 181 0 223 202 83 51 110 85 96 60 61 0 182 165
0 239 224 219 117 0 74 87 134 98 2 91 0 79 59 116
