1 0 0 0 0 10 0 12 0 0 0 0 0 0 0 0
0 0 0 0 0 23 0 0 8 29 25 0 0 0 4 4
20 0 0 0 41 0 15 0 0 0 34 0 0 0 23 0
21 0 8 0 0 0 0 68 6 0 27 35 0 0 41 0
0 0 32 0 0 0 17 0 0 0 5 43 48 0 0 0
6 1 0 0 0 0 0 37 0 0 0 0 24 0 0 17
0 0 0 0 0 0 0 0 0 0 0 0 5 31 0 49
0 20 0 16 0 0 16 0 0 0 0 30 0 36 0 0
0 0 0 3 0 0 10 0 0 8 47 4 21 0 13 18
0 8 0 0 4 0 36 0 9 0 0 0 0 0 0 2
0 0 0 37 0 0 0 0 17 0 19 0 7 23 30 0
0 0 11 0 0 30 36 0 0 0 6 0 0 11 0 18
7 0 0 0 0 0 0 4 24 0 18 0 0 0 0 0
0 53 15 0 0 0 46 23 0 0 0 0 11 0 20 0
0 0 0 0 0 0 30 21 0 52 5 0 0 0 0 0
0 0 0 0 0 0 18 0 0 0 33 0 0 8 22 27
