37 72 135 144 108 219 0 183 255 226 91 202 70 0 0 134
252 0 24 0 235 72 0 138 123 191 128 51 198 0 171 154
0 146 126 223 158 137 0 0 0 5 72 245 118 0 149 5
5 240 13 94 154 53 192 211 206 4 0 156 77 0 0 0
154 0 0 195 186 138 52 218 255 194 113 155 153 88 114 106
13 8 218 143 0 194 172 126 0 39 152 165 46 44 0 0
77 123 0 0 26 162 45 0 0 0 109 149 22 201 0 0
169 12 171 11 159 244 117 122 55 65 168 0 137 39 194 231
0 100 0 169 13 252 102 90 105 6 255 0 0 110 117 102
205 29 247 208 205 204 87 68 225 31 103 90 41 101 199 33
44 0 99 40 23 251 0 96 0 189 65 255 42 240 0 0
0 194 54 255 10 124 155 75 224 17 94 14 44 192 33 5
0 27 158 87 0 70 193 162 148 23 25 221 0 0 255 200
153 46 158 0 2 180 0 87 114 242 76 109 195 153 181 190
253 194 202 144 36 93 60 16 41 208 55 0 239 156 32 48
201 213 0 23 172 235 184 13 4 68 0 104 114 58 10 137
