55 226 212 188 0 187 0 146 0 0 67 185 0 13 177 0
0 56 0 118 84 255 243 209 34 3 91 0 180 0 0 255
54 0 53 239 179 155 180 59 29 225 41 228 125 210 1 24
106 0 94 73 204 170 209 37 171 49 2 85 12 14 0 175
0 198 0 0 6 192 16 41 172 101 179 0 0 193 30 53
32 0 248 0 220 142 199 26 0 168 165 233 138 189 178 255
73 53 161 111 0 5 11 172 107 0 65 131 118 99 138 163
143 212 221 240 0 202 249 176 247 61 57 0 0 2 246 110
133 138 121 0 35 248 152 228 100 175 15 130 209 18 206 0
108 249 0 15 0 19 225 236 235 8 0 141 0 4 51 10
80 242 0 20 4 244 0 254 74 241 37 176 121 104 0 0
232 23 248 0 228 20 18 0 200 126 0 85 133 255 0 0
203 102 0 66 104 21 0 4 0 208 0 98 244 246 89 194
125 14 0 196 0 105 30 0 0 117 213 0 114 247 6 207
53 0 7 180 205 18 0 70 0 0 0 100 0 153 91 83
16 227 0 252 241 188 110 234 21 0 0 75 178 5 12 174
