0 0 88 194 167 30 101 220 76 0 0 213 0 8 79 4
167 114 158 153 167 63 0 60 51 0 23 94 117 89 174 62
89 208 90 6 171 15 0 234 224 146 0 0 201 0 0 7
2 191 61 0 89 204 164 45 156 164 5 1 30 136 245 12
4 253 48 0 40 180 0 37 75 223 150 0 0 0 0 0
0 228 0 0 57 237 129 226 0 65 0 107 121 0 201 0
88 61 233 215 200 49 2 15 14 0 229 0 15 195 18 189
0 184 199 173 180 0 79 204 0 41 1 247 37 183 201 5
229 0 212 0 242 206 0 146 61 124 151 0 1 99 196 203
151 246 0 203 195 89 150 192 218 175 0 0 212 97 232 91
126 240 101 114 23 8 1 0 0 0 125 139 155 147 202 26
183 0 128 159 151 116 0 0 240 0 0 0 0 73 183 0
0 166 3 120 74 0 253 56 251 0 218 138 147 128 47 128
252 5 0 227 3 133 13 221 136 143 198 209 221 0 188 55
131 31 0 32 0 0 60 145 57 238 155 157 18 234 158 150
29 6 215 5 28 248 57 28 173 138 138 236 9 83 128 183
