8 99 124 248 20 209 0 0 190 113 0 0 208 102 136 252
193 119 39 0 14 237 252 0 129 134 234 88 91 0 236 0
0 136 59 175 0 136 63 0 239 66 62 58 28 199 71 255
9 0 211 80 20 247 131 7 175 107 209 238 162 57 0 240
117 200 0 181 224 161 67 242 5 80 1 246 0 201 254 153
0 19 0 66 0 215 145 173 20 119 165 255 22 2 254 30
0 75 159 66 113 40 76 0 0 0 115 237 42 7 185 109
0 0 0 81 0 101 232 255 0 174 0 0 0 219 0 0
164 50 255 7 189 223 212 255 23 0 255 165 0 83 0 69
222 40 116 205 81 152 0 108 113 87 150 26 0 0 0 30
0 0 74 226 138 0 0 191 115 0 251 137 95 0 248 203
221 64 135 23 31 0 12 0 0 88 254 26 93 110 128 159
100 0 185 118 36 206 110 117 24 35 49 173 189 173 226 87
9 0 0 0 0 201 169 96 160 119 124 253 137 213 0 0
192 254 173 0 83 0 0 12 143 54 49 0 28 17 3 75
0 42 30 0 4 69 0 219 7 5 208 34 232 11 207 0
