200 192 173 168 165 137 0 243 232 0 31 47 11 96 162 177
0 111 219 22 245 117 187 0 0 192 0 210 0 0 182 189
174 135 0 0 0 0 0 64 195 0 156 0 83 95 100 185
111 46 0 122 0 170 0 5 0 188 193 0 91 202 103 0
216 0 72 150 0 230 132 0 0 0 133 77 77 0 118 93
180 0 0 210 18 237 4 198 62 133 94 211 108 157 202 153
21 0 0 127 10 225 0 0 49 57 0 216 168 173 0 121
121 0 72 136 110 246 0 24 154 0 15 154 0 0 0 14
151 3 107 251 79 207 0 0 97 38 178 0 91 0 173 59
107 166 0 129 178 178 0 56 113 0 0 0 99 186 0 0
0 0 0 78 80 79 15 0 127 15 96 17 0 0 150 227
42 171 200 112 0 83 141 47 0 114 97 0 11 237 196 0
72 177 64 68 0 48 93 0 77 0 91 65 94 122 0 2
252 0 109 41 189 249 0 0 221 24 0 0 110 228 60 54
249 145 0 0 168 0 113 118 103 239 104 100 191 5 141 0
144 0 36 233 0 254 0 0 30 0 191 0 227 0 91 54
