232 0 222 13 180 0 255 74 234 104 196 63 0 147 0 0
0 160 1 122 0 74 19 140 148 12 0 0 177 64 0 0
114 201 107 0 213 0 80 0 249 0 19 168 3 2 70 189
18 180 0 66 130 157 166 254 0 55 208 0 82 71 0 151
0 205 236 23 250 28 130 8 0 162 0 57 107 178 0 152
76 0 220 131 0 234 161 71 213 0 210 0 2 51 226 87
109 208 118 170 215 0 91 2 0 0 247 0 0 197 0 216
0 92 0 133 130 0 36 17 246 26 67 69 223 67 24 0
82 1 214 27 0 0 0 97 2 212 0 127 56 0 88 142
5 77 96 0 0 24 80 0 207 231 76 122 66 119 3 37
190 0 109 0 155 249 24 206 64 95 0 0 145 196 0 183
0 113 151 228 60 113 0 23 225 176 45 0 0 136 2 250
0 177 40 6 188 161 234 0 207 0 118 3 0 147 217 197
71 0 232 123 2 123 0 91 14 2 65 0 41 0 221 238
20 0 0 57 112 0 1 51 152 106 254 87 0 44 138 58
15 89 0 180 220 109 0 162 36 174 0 135 31 0 55 67
