95 123 165 192 9 32 150 0 16 0 71 250 249 240 0 83
35 0 185 0 136 0 35 4 255 254 0 80 0 0 227 88
180 0 0 45 0 146 0 0 146 152 88 5 0 35 210 21
70 92 54 39 239 95 89 207 140 171 175 0 228 137 23 171
37 103 194 216 57 66 16 231 216 10 160 169 99 227 255 20
205 98 28 191 0 122 170 0 115 193 0 47 97 117 31 0
208 107 51 89 8 238 105 78 18 17 0 195 214 77 0 240
93 107 240 3 177 0 23 14 212 24 223 168 155 93 25 0
0 29 102 0 171 89 143 240 133 0 126 79 161 0 0 147
175 209 139 142 32 65 21 22 0 225 198 110 0 49 0 19
246 25 180 0 204 242 130 182 0 41 31 255 185 235 98 179
0 133 224 187 0 58 71 255 244 255 51 223 171 195 160 44
222 7 186 37 0 0 234 115 49 209 0 167 214 122 201 184
47 117 11 112 66 0 196 72 0 193 174 0 216 55 0 69
0 27 180 137 168 116 39 92 229 230 218 115 0 0 21 0
178 34 132 230 88 129 0 72 23 15 1 79 57 0 0 239
