0 21 0 249 93 0 125 167 83 217 253 113 204 0 98 153
116 0 219 131 0 245 0 202 135 192 228 0 184 59 236 5
0 111 0 0 0 0 125 64 17 154 210 140 0 109 44 130
0 114 0 0 156 32 0 0 44 145 128 63 79 220 60 0
0 85 0 0 77 82 159 0 0 0 252 200 0 94 3 149
0 0 250 160 22 44 0 222 15 0 95 13 0 217 149 0
50 48 23 0 99 0 93 0 47 89 0 0 221 52 151 0
153 0 17 126 56 182 130 71 209 0 0 0 224 35 244 195
164 0 106 66 101 117 81 142 0 0 0 251 0 15 0 0
0 0 40 108 0 0 226 20 37 159 219 0 136 245 149 94
0 0 0 40 30 23 37 189 201 0 139 37 0 122 86 158
84 14 0 32 140 0 0 246 192 121 6 239 0 0 214 97
0 190 158 0 199 108 88 200 1 176 234 0 179 123 43 164
123 98 147 222 0 27 251 72 179 0 0 251 102 59 130 0
141 251 0 12 71 210 49 214 171 156 77 10 112 192 0 81
64 0 0 238 117 221 40 0 71 136 0 0 222 112 239 75
