252 114 208 131 2 162 150 0 0 0 4 21 0 218 90 146
247 37 45 201 16 108 1 0 83 0 3 228 34 198 34 159
205 0 38 255 0 0 158 0 3 2 0 217 238 210 21 3
0 0 114 205 200 30 64 14 0 0 235 0 20 0 69 80
0 18 0 25 47 234 0 0 0 58 158 255 146 126 0 21
0 123 159 76 167 83 105 86 20 78 217 189 199 4 0 0
131 42 25 107 87 16 251 225 14 162 0 73 0 66 0 186
71 3 149 103 228 181 211 0 137 59 253 0 10 0 0 232
255 83 0 5 229 130 127 88 6 78 0 174 153 0 168 164
211 239 198 244 132 166 50 0 62 62 0 153 89 93 199 0
122 0 19 125 193 0 8 0 0 107 121 26 0 0 9 0
30 0 0 220 148 217 110 94 190 0 0 116 225 168 158 111
0 4 122 136 68 154 110 0 131 147 236 0 46 4 0 61
131 57 2 169 234 0 5 178 36 242 65 0 155 52 214 255
0 0 0 32 0 170 129 0 56 0 0 0 114 211 41 133
0 143 0 47 0 0 63 9 237 177 177 0 9 245 31 133
