133 22 213 43 252 255 49 218 0 210 6 0 246 214 161 25
24 149 22 118 0 35 157 115 0 0 157 255 0 201 159 234
45 110 194 255 47 63 1 59 237 98 80 209 138 155 0 86
196 68 0 172 195 217 0 107 91 0 225 255 0 97 0 47
0 229 0 242 0 95 33 0 0 0 27 90 245 228 87 52
13 11 152 53 127 0 0 101 0 0 110 102 228 6 239 77
0 116 126 47 69 206 10 22 43 0 61 207 0 113 137 19
0 215 27 41 153 3 70 103 3 32 0 208 181 220 7 255
0 4 0 131 93 144 189 0 94 12 0 0 199 82 197 78
94 138 3 0 154 101 255 64 113 186 137 0 108 108 0 221
0 0 240 52 0 0 0 26 255 245 87 191 38 255 175 19
0 147 190 128 106 70 182 0 221 232 0 83 69 170 0 128
195 0 205 152 29 0 156 208 116 117 129 194 27 88 52 221
0 66 78 136 19 241 0 0 0 0 170 6 109 95 41 59
47 151 43 0 0 161 0 23 2 0 247 200 186 206 112 214
111 66 255 174 19 147 0 217 66 64 104 215 13 96 34 0
