8 0 23 0 4 0 0 0 0 0 21 0 0 0 19 0
0 15 0 0 0 28 0 15 18 6 0 24 0 0 0 3
0 0 0 0 0 22 0 21 2 0 0 0 0 0 11 0
1 0 0 0 0 0 0 24 0 26 0 0 0 0 0 0
15 0 0 17 30 1 0 0 9 0 0 0 0 0 13 29
0 0 0 0 0 42 7 0 0 2 0 0 0 0 20 0
0 0 0 0 0 11 0 0 0 2 6 50 3 0 31 0
0 0 0 0 0 21 0 17 0 0 0 0 0 0 0 0
1 29 0 0 0 0 0 20 0 0 0 0 0 0 0 0
0 0 0 0 0 0 26 0 10 15 3 22 0 0 25 28
0 0 0 0 0 9 0 0 0 0 0 0 0 0 6 0
0 0 0 0 7 0 0 0 0 0 0 11 0 0 0 0
0 8 0 0 36 0 0 0 0 0 0 31 0 0 0 0
0 13 0 0 19 16 0 0 0 0 0 0 0 0 0 6
0 0 0 0 4 15 0 33 0 7 0 0 9 0 0 0
7 0 34 0 17 0 22 0 0 0 3 4 7 0 17 0
