0 34 231 0 136 0 105 1 184 88 0 0 153 118 10 75
13 117 51 0 16 13 187 132 86 237 52 233 5 106 248 250
26 200 162 0 242 36 0 3 0 0 0 0 142 2 239 162
48 19 255 3 75 0 145 0 193 140 184 0 228 0 255 96
77 47 53 158 98 1 226 163 0 1 49 35 1 21 133 14
236 166 104 0 156 104 163 58 117 0 0 193 64 12 149 128
7 64 0 116 52 180 211 0 198 169 144 36 159 138 42 11
167 59 0 106 95 245 0 149 68 0 124 158 199 71 138 250
189 203 36 123 95 160 116 33 39 126 236 161 57 198 172 0
213 238 86 51 145 0 185 6 0 206 0 123 98 163 2 0
235 0 165 194 0 0 128 39 69 177 3 6 0 117 166 0
254 0 0 101 1 0 162 226 0 14 0 0 0 0 2 0
217 229 0 0 53 110 206 13 39 104 46 0 146 76 0 100
130 90 83 153 159 0 66 126 174 225 111 0 193 107 77 117
25 18 83 5 0 0 134 0 134 32 0 208 0 68 150 0
10 119 128 2 166 2 197 46 171 10 0 211 100 156 163 188
