0 0 0 0 67 0 13 0 11 0 34 0 16 0 0 0
0 0 0 90 0 0 0 0 0 0 39 15 0 0 4 0
0 0 6 0 49 0 0 3 4 1 17 3 0 0 0 9
44 0 17 0 0 0 16 0 10 0 0 0 0 0 32 4
0 30 0 0 0 0 0 28 0 0 0 17 0 18 31 0
0 0 0 31 0 30 0 2 20 0 10 29 0 0 35 0
0 7 0 0 0 0 8 14 10 0 43 0 0 31 0 0
0 27 0 0 0 0 0 11 0 0 17 25 0 14 19 0
3 7 20 0 0 0 17 0 0 0 0 6 6 0 0 0
18 0 0 0 0 0 30 0 0 0 17 0 0 18 0 22
0 0 0 0 0 0 7 3 0 0 0 0 20 0 0 0
0 62 0 19 0 0 0 0 0 0 0 0 0 15 0 0
0 0 0 0 24 0 0 0 7 0 0 0 0 0 8 0
62 0 0 0 0 0 4 0 0 33 0 32 0 0 0 0
0 0 0 0 0 0 0 0 0 0 0 0 0 0 0 0
0 0 46 0 20 68 0 18 42 0 0 0 32 0 7 0
