40 0 5 204 15 157 0 65 247 37 152 0 42 0 0 0
160 178 44 0 94 21 255 0 0 6 53 194 51 102 182 61
44 0 0 189 4 0 0 57 0 0 175 32 102 47 170 56
224 130 68 0 249 216 89 220 5 81 70 234 78 206 100 214
0 0 212 121 0 31 0 238 0 0 18 0 174 0 147 29
0 0 246 237 241 147 0 0 156 27 128 0 0 0 0 33
130 0 193 37 0 9 85 0 186 11 0 0 155 0 0 0
0 4 0 22 0 188 100 214 245 111 136 189 201 42 75 0
176 110 110 194 242 185 196 0 0 89 211 84 28 95 0 0
247 165 187 113 0 210 49 138 0 73 56 199 0 255 247 54
186 0 0 0 88 0 234 187 144 0 0 188 0 115 0 157
248 174 0 0 26 143 0 17 0 0 254 8 0 229 37 151
180 230 0 201 82 0 0 30 4 127 196 0 33 0 250 34
129 214 145 136 190 200 208 229 0 105 59 122 125 117 168 121
163 0 47 53 208 0 237 141 0 0 0 156 215 0 0 94
1 182 0 125 63 212 170 0 154 6 149 248 173 148 141 0
