0 18 81 149 139 222 177 0 156 69 56 136 102 0 40 0
4 0 151 156 56 36 0 0 12 208 0 0 241 167 16 116
153 231 57 0 227 0 238 30 235 0 7 240 0 0 22 154
29 36 176 16 0 7 0 109 0 172 139 220 0 207 146 226
12 0 154 121 0 71 120 39 85 237 230 0 0 0 58 251
92 140 0 192 0 110 0 79 38 84 181 33 2 153 225 113
0 101 0 65 143 231 155 232 85 219 13 209 130 178 70 203
87 0 0 80 223 20 108 249 126 133 64 0 156 0 213 246
91 0 0 245 137 183 0 37 0 39 31 0 196 15 177 211
0 0 65 0 0 2 115 174 21 125 164 10 31 0 24 230
0 166 243 191 197 209 0 208 0 105 7 0 140 0 0 96
0 177 112 0 245 128 5 194 8 195 0 161 90 93 80 89
0 131 92 207 18 250 0 98 25 0 136 0 178 143 156 0
150 0 166 147 150 56 0 0 0 92 0 0 193 184 0 224
219 0 93 0 238 0 162 102 163 52 124 24 237 197 255 181
0 0 66 0 0 0 116 141 224 0 193 63 61 0 186 153
