31 103 184 228 114 92 255 145 212 166 10 36 0 96 0 99
54 210 235 117 198 0 0 117 94 0 220 183 10 99 122 89
121 254 0 0 243 240 38 11 122 218 188 228 0 230 222 57
179 81 123 0 8 251 64 44 9 6 177 148 7 46 86 0
172 133 0 97 110 11 26 202 76 178 254 233 2 14 158 242
117 92 157 35 202 0 96 122 230 186 188 197 36 94 34 106
0 162 215 2 226 46 58 255 13 0 50 83 144 129 202 167
24 0 0 0 0 0 0 182 77 0 176 107 101 0 65 122
0 156 169 255 119 117 0 247 0 167 137 250 0 0 22 77
57 50 25 44 0 39 217 173 29 255 35 145 118 168 123 4
0 0 94 61 213 25 108 153 0 70 62 11 67 69 171 27
151 193 0 219 206 179 0 71 138 230 22 143 41 0 101 216
211 110 103 0 118 255 93 23 75 226 0 250 145 42 0 1
0 190 17 0 63 198 76 0 111 156 0 38 43 57 212 49
142 0 69 0 217 95 226 214 131 184 102 135 27 181 29 0
220 147 0 102 24 90 108 167 68 0 0 40 0 7 229 166
