31 103 150 217 114 83 244 145 212 146 10 36 0 96 0 99
54 210 235 117 198 0 0 110 94 0 199 183 0 99 122 89
63 251 0 0 243 240 38 1 122 180 176 228 0 230 222 57
179 81 123 0 0 248 64 11 0 6 107 148 0 0 86 0
172 131 0 97 110 0 17 202 76 152 228 187 2 0 85 242
117 92 157 0 202 0 64 122 230 186 188 197 36 94 34 106
0 162 206 0 226 0 58 246 13 0 50 52 144 97 202 167
0 0 0 0 0 0 0 153 77 0 146 107 101 0 65 122
0 156 169 255 119 117 0 247 0 167 137 250 0 0 22 61
56 0 25 44 0 39 201 172 0 233 6 145 118 168 123 0
0 0 57 61 213 9 108 153 0 70 40 0 0 69 171 27
151 191 0 219 206 179 0 71 116 226 22 128 41 0 81 216
211 110 103 0 118 238 88 23 0 212 0 237 124 42 0 1
0 190 17 0 63 198 76 0 111 156 0 38 23 57 212 0
142 0 69 0 217 95 226 214 129 184 102 135 0 181 0 0
203 86 0 102 24 81 98 167 68 0 0 40 0 7 209 153
