0 0 19 0 0 0 0 0 0 12 0 0 0 0 0 0
19 0 0 0 0 0 0 0 0 0 0 0 0 44 0 58
0 0 34 5 11 20 0 0 0 0 20 0 0 0 7 0
0 2 0 26 0 0 0 0 0 0 6 1 0 0 0 0
15 0 0 0 0 0 27 0 5 0 22 50 0 35 16 0
0 30 0 0 0 0 0 0 9 0 0 0 20 0 0 0
25 0 7 0 0 11 9 0 0 0 0 28 0 0 0 0
0 0 3 0 0 0 0 4 0 0 0 0 0 0 0 0
21 0 0 0 34 0 0 36 0 0 0 0 15 0 0 0
0 8 0 13 32 0 0 0 9 0 9 0 17 0 0 0
0 38 0 12 0 27 0 16 12 0 0 18 7 0 0 0
0 0 0 0 0 0 0 0 0 14 48 0 0 10 0 0
0 0 10 37 0 0 0 0 0 38 0 46 0 0 12 0
8 17 0 0 0 0 0 0 0 0 10 0 31 30 0 0
1 0 0 2 0 0 0 0 0 0 0 12 0 22 2 0
19 28 28 0 0 25 8 10 0 0 0 0 0 0 0 0
