0 57 107 0 23 0 0 0 0 244 70 0 129 40 227 0
0 0 65 160 0 0 60 120 132 7 12 107 20 15 116 13
48 156 0 196 0 0 150 108 0 249 232 172 0 0 0 40
236 146 219 95 108 1 21 50 0 147 169 17 54 0 151 157
0 0 0 0 0 59 0 0 179 191 0 28 74 46 0 243
108 0 228 0 0 173 204 22 216 66 0 115 105 0 0 0
103 41 194 181 104 255 244 88 80 27 93 169 103 237 0 0
49 94 0 99 68 11 242 75 209 0 251 0 172 111 237 109
63 240 94 3 0 201 192 0 0 150 0 100 138 51 0 0
0 68 0 130 0 0 180 197 117 0 0 204 146 121 181 14
189 147 166 0 253 220 0 0 62 0 79 245 59 0 197 48
0 60 0 0 19 111 64 11 0 45 142 195 124 145 137 33
192 3 0 53 32 31 0 177 0 173 61 155 185 0 216 0
201 154 0 0 0 0 2 80 0 97 90 53 168 245 198 39
124 199 239 36 0 127 0 0 59 0 228 105 70 57 75 0
174 106 0 0 0 14 151 187 240 0 48 19 68 168 251 90
