0 0 248 250 183 73 207 243 30 15 136 185 97 0 34 74
22 120 191 64 0 247 200 35 220 0 102 0 0 15 0 50
186 0 32 0 132 0 0 202 69 3 199 253 0 165 227 0
218 105 0 0 129 59 0 62 25 237 0 175 239 171 0 0
27 162 0 242 97 69 0 225 239 101 78 0 110 233 0 18
0 222 237 0 0 211 0 198 44 0 0 171 67 106 0 0
224 121 223 188 38 0 181 24 233 43 0 222 76 0 127 88
56 83 0 70 64 0 84 8 223 0 55 0 188 240 32 222
217 3 125 0 0 234 0 30 0 0 0 0 54 90 220 138
189 226 0 200 188 0 119 55 0 0 84 218 102 102 81 0
113 0 137 54 185 0 183 127 0 80 236 245 57 0 172 0
0 149 22 64 54 0 21 246 190 220 233 109 46 0 0 0
27 122 0 186 0 22 145 149 102 252 149 26 0 211 50 7
13 0 0 0 0 72 0 147 129 135 0 94 86 182 248 0
0 0 80 128 88 0 99 195 198 0 109 0 193 195 0 202
0 0 140 28 0 54 0 186 5 0 244 0 0 0 0 166
