0 19 0 0 2 0 14 0 4 6 7 0 0 0 0 0
0 0 0 6 0 0 8 9 9 0 0 0 0 0 0 0
0 0 9 0 0 0 0 1 11 4 0 0 0 14 0 0
0 29 16 4 0 0 0 0 0 0 6 0 0 7 0 0
0 0 0 12 0 0 8 6 1 0 0 0 1 0 2 0
8 2 14 0 0 9 21 13 0 0 0 0 0 0 0 0
0 0 26 1 0 0 21 0 0 20 0 0 0 0 3 0
0 0 0 0 0 0 0 0 0 0 0 9 0 15 0 5
0 4 2 2 0 0 0 0 7 15 0 0 4 0 0 0
0 0 21 0 0 4 0 0 0 0 0 0 4 0 0 0
0 0 0 0 0 10 4 2 0 0 0 0 16 3 0 0
0 0 0 2 0 0 1 0 13 0 0 1 10 0 6 0
2 0 0 0 0 0 1 0 2 0 4 15 0 0 21 0
7 0 0 15 0 0 10 7 0 28 0 0 0 0 0 0
0 0 4 0 0 1 13 0 6 0 0 0 0 4 0 0
9 0 0 0 0 0 0 0 14 0 0 0 0 0 0 5
