184 0 166 0 0 0 130 201 72 76 42 0 0 1 119 0
54 237 165 92 217 170 0 1 175 135 0 0 29 206 42 61
0 162 0 10 0 218 64 0 253 191 224 88 26 96 95 50
1 234 0 0 91 138 51 173 25 19 0 0 65 114 0 128
97 0 252 175 114 0 0 116 0 63 0 0 72 163 18 58
73 112 44 136 110 217 42 0 51 0 235 37 76 228 1 130
217 230 57 26 58 65 0 84 189 0 222 0 0 233 237 0
0 204 198 201 240 0 68 0 229 52 0 26 30 43 81 156
211 0 176 0 0 0 78 175 175 1 82 108 85 0 102 0
164 0 200 222 0 111 0 74 201 0 244 0 0 97 19 151
0 132 0 23 89 0 173 42 242 89 64 252 149 49 0 0
65 114 72 230 228 64 1 156 45 181 71 25 0 110 9 0
0 162 0 222 0 0 0 131 0 121 81 0 0 250 179 0
108 9 101 246 77 233 236 92 190 189 57 1 244 148 20 137
32 164 232 74 3 47 0 99 171 253 0 117 197 79 0 0
120 238 0 0 114 162 249 60 34 207 197 0 23 175 71 0
