33 147 0 91 123 243 0 0 5 117 204 0 250 0 103 0
166 207 136 0 135 34 164 95 184 69 238 236 229 0 164 97
8 46 0 221 235 0 137 186 76 159 5 24 19 0 0 0
101 238 5 118 19 7 247 176 141 0 141 0 83 33 144 78
240 108 114 153 0 18 0 66 0 21 201 57 21 45 20 221
37 20 0 238 0 0 243 0 112 230 118 0 134 110 0 85
55 0 67 0 209 0 146 189 163 89 0 242 139 0 0 215
34 118 38 218 195 95 0 43 76 0 176 115 44 199 122 0
43 34 66 194 108 46 0 156 228 49 0 150 214 0 75 0
141 35 125 0 120 0 227 19 0 0 226 74 182 0 0 0
63 0 138 45 165 136 5 106 171 67 0 151 0 0 173 136
30 82 93 150 122 50 0 59 100 151 62 210 0 0 130 196
0 106 203 164 0 180 0 244 204 0 218 171 207 71 0 217
66 0 150 42 242 244 0 0 0 0 183 147 234 77 0 29
216 0 178 210 215 0 14 0 228 234 0 184 0 43 0 25
182 154 145 0 155 0 119 163 125 85 241 0 138 183 222 0
