0 219 0 0 92 37 0 236 116 0 250 0 0 196 0 0
74 47 0 0 0 209 0 246 100 146 39 167 0 0 0 99
0 84 101 0 57 159 0 189 106 219 31 0 224 170 100 59
240 10 172 0 230 70 0 28 158 0 0 88 234 0 179 187
85 64 0 177 246 137 247 218 0 16 192 198 71 68 248 78
0 0 169 0 200 70 144 15 194 121 124 0 29 23 95 73
163 0 148 201 0 201 0 210 10 203 93 0 23 221 0 0
0 0 0 77 209 224 0 12 150 167 241 170 9 68 39 0
43 70 95 168 55 149 248 197 23 0 236 0 75 71 34 0
97 93 64 63 68 42 153 71 83 172 106 148 9 38 80 144
0 73 0 127 0 181 159 191 164 73 0 0 237 106 0 12
0 0 43 108 115 56 0 66 197 42 136 18 4 217 100 0
225 137 0 0 0 0 61 182 230 86 232 0 254 0 194 62
225 109 93 164 9 57 0 168 0 0 85 101 0 32 118 211
0 0 13 60 0 155 223 19 125 171 110 47 0 188 122 209
0 186 50 252 145 66 15 66 0 246 44 0 70 63 125 127
