0 123 135 42 36 191 98 125 125 61 167 0 206 108 22 106
0 131 0 83 166 229 183 174 83 0 13 0 160 0 122 110
0 94 0 110 0 5 0 60 0 114 0 80 17 63 35 249
140 0 0 213 113 0 0 215 92 225 0 0 0 75 44 236
246 0 0 191 0 0 116 123 26 112 160 91 0 171 213 87
113 124 94 10 128 110 0 0 56 120 160 73 134 173 148 242
0 126 156 0 92 6 167 191 0 65 0 87 0 0 204 87
0 0 199 56 37 54 138 60 87 0 0 238 123 69 138 35
0 0 0 24 0 249 153 3 183 223 188 179 212 0 35 96
108 25 0 0 170 0 0 227 57 222 23 3 77 0 0 0
161 172 0 135 245 0 193 219 0 2 169 29 0 248 135 0
45 106 193 245 0 235 160 0 205 94 153 18 31 0 0 236
28 108 158 251 195 18 27 161 0 0 247 39 0 0 160 107
0 20 242 179 67 213 0 82 43 103 88 160 105 0 209 108
2 0 36 143 85 118 250 195 239 96 0 44 121 0 121 150
237 122 231 16 255 142 106 0 0 0 0 138 19 16 0 129
