0 246 0 0 67 66 241 125 151 0 0 0 135 131 174 147
186 163 152 1 74 0 236 97 207 15 140 193 0 0 205 8
128 202 219 0 0 196 225 102 3 0 0 2 1 0 0 219
1 173 0 250 1 156 105 184 108 0 152 161 204 236 191 0
145 0 48 153 188 103 39 60 87 76 0 40 62 247 17 182
2 0 35 229 3 0 9 204 0 101 17 26 96 111 226 244
67 64 27 251 127 225 45 0 0 66 0 1 53 0 98 14
244 0 223 37 244 0 137 205 0 134 213 130 135 212 66 0
0 10 106 42 0 141 0 214 248 0 0 0 88 80 25 6
184 0 102 199 0 1 56 126 103 252 241 0 173 0 0 164
0 0 3 29 199 0 131 215 141 0 4 9 93 241 0 0
229 0 0 243 144 209 151 124 175 2 0 188 72 31 0 203
0 200 193 130 0 201 229 0 3 0 133 189 84 177 229 80
3 3 167 199 78 186 119 0 52 65 0 19 45 40 142 5
168 46 0 102 78 0 1 1 120 135 105 0 0 228 209 16
169 83 219 0 255 0 150 0 164 3 21 182 109 39 0 0
