106 194 0 56 0 198 0 134 86 0 0 175 0 0 153 239
181 130 0 0 0 0 134 26 254 189 29 246 250 49 7 200
159 190 162 0 0 118 250 206 0 152 99 36 0 30 0 0
0 174 1 75 0 220 87 0 0 0 17 79 139 0 116 58
233 80 0 0 126 174 253 0 48 110 52 117 0 0 218 152
217 150 0 207 56 1 0 168 0 112 70 153 16 225 71 52
0 96 0 96 175 251 159 0 42 235 226 0 0 168 83 253
191 0 15 0 191 0 61 0 175 193 70 0 74 85 17 60
0 50 142 4 207 159 29 9 119 0 30 16 222 0 0 2
0 19 232 0 0 215 12 21 115 197 212 206 162 0 0 0
88 0 67 180 0 126 0 188 62 0 0 0 11 130 10 28
0 84 157 238 104 0 109 0 198 129 0 69 245 0 47 196
217 28 64 180 0 36 151 32 59 134 124 199 0 103 5 121
0 25 198 45 210 0 0 0 0 139 3 49 0 251 157 0
119 255 231 81 106 119 0 170 0 247 53 0 139 120 49 213
0 0 218 235 85 113 91 0 0 232 0 212 122 0 0 0
