215 27 58 40 231 147 58 255 116 0 128 200 10 175 113 2
160 87 0 234 0 106 166 214 145 110 109 189 3 90 133 0
225 0 0 0 217 8 0 154 26 0 0 145 114 137 0 0
146 139 229 0 224 0 180 7 25 252 156 199 201 93 193 27
0 0 0 0 71 158 0 179 0 17 193 138 45 0 48 13
237 214 13 209 129 3 184 239 32 187 194 0 4 56 230 0
147 73 163 90 87 74 3 4 255 253 71 72 35 244 225 3
58 62 78 1 209 179 165 0 106 212 0 91 37 0 252 244
0 125 11 14 0 238 208 0 102 140 0 164 191 0 56 67
117 136 0 0 25 156 205 157 74 78 7 148 76 173 0 0
44 137 116 26 67 155 0 0 239 67 137 206 131 248 0 184
229 163 233 0 75 180 0 71 0 83 216 108 147 0 94 12
77 160 5 136 237 225 100 0 239 0 165 3 218 25 66 0
2 0 238 4 10 147 0 76 104 0 64 0 155 208 164 211
167 184 238 0 168 4 12 0 244 114 63 32 0 0 20 255
226 164 0 202 56 232 58 138 188 5 11 33 0 0 0 43
