237 188 0 18 244 153 183 3 206 8 43 0 178 127 6 255
185 120 0 175 204 77 69 112 89 8 37 84 0 53 226 242
0 0 0 86 80 164 175 22 0 206 0 218 32 116 0 221
105 211 255 231 194 80 4 229 137 40 0 0 233 59 160 0
166 9 157 208 143 45 108 196 118 77 154 0 100 65 255 96
224 0 161 193 167 93 36 140 40 32 188 37 189 108 66 76
119 206 0 252 0 4 60 0 255 178 4 214 82 240 215 175
1 104 241 34 189 0 190 29 23 45 133 0 0 140 131 0
200 194 0 255 134 109 130 142 3 163 0 117 239 100 53 17
18 35 209 113 0 73 56 143 160 133 219 147 61 0 100 184
0 79 103 1 65 20 32 153 211 0 16 192 103 3 41 213
173 0 27 188 133 240 0 0 0 222 172 173 247 0 90 227
239 26 205 60 104 29 8 126 0 97 128 8 54 98 0 17
155 29 0 0 48 57 130 84 96 7 255 174 104 35 117 255
40 188 40 0 85 238 123 192 30 228 18 56 37 231 237 90
45 65 219 192 243 146 163 159 177 247 32 254 160 0 101 139
