0 0 88 183 167 30 101 220 76 0 0 213 0 0 79 0
167 114 152 152 167 62 0 60 49 0 20 94 116 89 171 62
89 208 89 0 171 14 0 234 224 143 0 0 201 0 0 7
0 191 60 0 89 204 164 45 156 161 2 0 30 136 245 12
0 253 48 0 40 180 0 37 75 223 142 0 0 0 0 0
0 223 0 0 57 237 129 226 0 55 0 107 121 0 201 0
84 61 230 215 200 49 0 13 14 0 229 0 15 195 18 189
0 184 199 173 172 0 79 204 0 41 0 242 37 180 196 5
226 0 212 0 242 206 0 146 57 122 151 0 0 99 196 203
146 246 0 203 195 87 150 192 218 169 0 0 209 97 232 90
126 240 97 114 23 0 0 0 0 0 124 139 154 147 202 22
183 0 128 159 145 116 0 0 240 0 0 0 0 73 183 0
0 163 0 120 74 0 249 56 250 0 218 136 147 128 47 127
245 5 0 227 0 133 13 221 136 143 197 209 221 0 188 55
130 25 0 28 0 0 60 145 57 238 155 151 18 234 158 150
29 0 215 5 23 248 57 28 173 138 138 236 0 82 128 178
