0 0 3 209 181 142 104 0 1 1 37 105 198 114 226 179
0 21 103 0 222 213 221 233 251 142 18 67 138 194 148 0
23 150 133 0 167 0 0 112 69 247 202 130 0 19 96 116
187 90 0 0 0 212 43 121 160 0 1 104 57 57 247 0
20 0 3 2 175 190 1 101 112 0 150 180 77 169 30 101
250 71 0 37 1 23 3 39 57 2 0 211 2 250 220 207
0 103 235 89 0 10 78 33 243 0 186 228 4 48 0 99
237 134 0 32 241 0 6 0 122 0 0 0 220 0 0 162
0 0 1 60 209 115 47 73 0 132 1 51 104 97 113 143
0 102 196 9 105 0 8 183 0 189 127 170 152 210 42 49
160 0 201 56 109 43 143 161 216 1 119 0 3 38 48 29
148 0 159 86 1 0 0 0 77 3 24 249 189 194 232 0
110 0 0 69 121 16 20 0 147 181 200 84 243 70 0 50
82 216 174 0 131 0 35 204 3 74 0 244 233 161 0 246
1 109 0 0 0 0 49 222 0 163 0 0 117 90 135 92
3 101 118 124 233 66 0 196 169 137 93 0 0 86 216 27
