0 0 0 73 81 79 216 14 0 55 191 92 0 5 148 12
0 58 0 164 0 120 239 84 0 0 127 48 184 87 0 120
0 84 2 63 0 0 249 174 0 12 176 22 124 140 48 0
155 1 0 210 0 2 67 58 1 95 213 178 255 5 169 102
23 183 134 242 176 108 0 147 0 4 0 0 139 126 10 53
167 97 0 135 142 194 12 236 0 0 229 62 0 129 220 116
225 170 2 111 230 238 0 92 162 0 61 8 5 0 4 251
2 127 251 125 0 134 235 0 41 3 0 31 207 45 2 250
152 0 209 55 30 73 206 233 0 32 155 233 255 25 25 183
55 0 2 235 223 41 44 0 44 108 17 6 0 0 0 84
0 241 227 219 76 3 33 201 86 2 161 134 73 1 203 0
253 50 27 21 196 4 0 0 0 223 217 97 0 231 139 28
204 154 127 0 100 0 21 10 102 0 0 13 197 143 3 0
255 238 157 37 209 0 56 193 0 130 0 0 53 149 0 58
102 11 0 40 185 35 8 1 0 57 172 70 226 206 204 0
0 0 106 0 106 174 171 9 68 30 76 255 111 223 250 5
