0 0 206 0 0 0 76 109 0 0 99 96 152 1 64 27
159 180 48 0 216 131 0 40 37 72 0 0 141 31 249 196
64 175 152 0 0 0 194 231 229 198 0 0 118 0 141 0
206 27 73 0 253 63 76 0 241 210 21 126 251 0 97 0
0 232 0 252 0 232 62 160 0 159 245 30 142 11 73 134
0 40 129 0 134 0 0 0 0 219 130 73 0 0 173 0
0 50 83 0 0 64 0 12 37 89 204 0 127 138 0 218
15 86 0 232 0 110 208 0 103 0 156 0 0 219 0 154
0 30 181 39 146 147 164 156 39 219 0 0 106 40 182 2
94 0 0 8 0 214 114 0 133 198 0 162 96 0 42 255
93 186 0 25 111 0 0 4 0 0 0 0 35 60 0 0
188 232 181 185 144 0 113 0 0 91 181 145 15 19 0 16
0 40 0 31 0 207 121 25 78 0 112 162 0 0 236 130
18 0 117 129 0 0 189 0 73 106 183 0 240 129 0 200
0 0 0 69 163 236 129 0 108 126 125 194 191 20 41 193
0 0 118 0 0 105 197 61 50 211 0 0 0 124 91 161
